X370..._SD_t2A	X370..._SD_t2B	X370..._SD_t7C	X370..._t2A	X370..._W_t2A	X370..._W_t2B	X370..._W_t7C	X370.1A._SD_t2A	X370.1A._SD_t2B	X370.1A._SD_t2C	X370.1A._SD_t7A	X370.1A._SD_t7B	X370.1A._SD_t7C	X370.1A._t2A	X370.1A._t2B	X370.1A._t2C	X370.1A._t7A	X370.1A._W_t2A	X370.1A._W_t2B	X370.1A._W_t2C	X370.1A._W_t7A	X370.1A._W_t7B	X370.1A._W_t7C	X370.3D._SD_t2A	X370.3D._SD_t2B	X370.3D._t2A	X370.3D._t2B	X370.3D._t2C	X370.3D._W_t2A	X370.3D._W_t2C	X370.3D._W_t7A_1	X370.3D._W_t7A_2	X370.3D._W_t7B_1	X370.3D._W_t7B_2	X370.3D._W_t7C_1	X370.3D._W_t7C_2	X370.5A._SD_t2A_1	X370.5A._SD_t2A_2	X370.5A._SD_t2B_1	X370.5A._SD_t2B_2	X370.5A._SD_t2C_1	X370.5A._SD_t2C_2	X370.5A._SD_t2D_1	X370.5A._SD_t2D_2	X370.5A._t2C	X370.5A._t2D	X370.5A._W_t2B	X370.5A._W_t7B	X432..._t2B	X432..._SD_t2A	X432..._SD_t2B	X432..._SD_t2C	X432..._SD_t7C	X432..._SD_t7D	X432..._t2C	X432..._W_t2A	X432..._W_t2B	X432..._W_t7C	X432..._W_t7D	X432.1A._SD_t7A	X432.1A._SD_t7B	X432.1A._SD_t7C	X432.1A._SD_t7D	X432.1A._t2A	X432.1A._t2B	X432.1A._t2D	X432.1A._t7C	X432.1A._t7D	X432.1A._W_t2A	X432.1A._W_t2B	X432.1A._W_t2C	X432.1A._W_t2D	X432.1A._W_t7A	X432.1A._W_t7B	X432.1A._W_t7C	X432.1A._W_t7D	X432.3D._SD_t2A	X432.3D._SD_t2B	X432.3D._SD_t2C	X432.3D._t2A	X432.3D._t2B	X432.3D._W_t2A	X432.3D._W_t2B	X432.3D._W_t2C	X432.5A._SD_t2A	X432.5A._SD_t2B	X432.5A._SD_t2C	X432.5A._SD_t7A	X432.5A._SD_t7B	X432.5A._SD_t7C	X432.5A._W_t7A	X432.5A._W_t7B	X432.5A._W_t7C
370(-)_SD_t2A	0	0.13854443446769	0.155081618118185	0.305488806654381	0.102027153446417	0.114056648913846	0.214624720764876	0.10595737124308	0.118820933355354	0.110641673728837	0.215251577246589	0.199342842953514	0.1810448906481	0.335740697479446	0.239402533882049	0.296025047368516	0.336291953556111	0.126189819681612	0.120131024779992	0.128431364346582	0.20277051088104	0.191067259561328	0.23575544340296	0.132357665719496	0.0981209461773428	0.231942331145674	0.247225025931574	0.234532926579482	0.167083804612032	0.132253138721858	0.195701626923678	0.12664587706206	0.177947803834443	0.139675990296625	0.192319720323483	0.134010298967964	0.172452251533734	0.128649312267495	0.217894023197332	0.138739541458323	0.219903528628326	0.290947139202014	0.120583902918047	0.161168457783865	0.253040791791244	0.274465811630186	0.323184943316067	0.152336660324337	0.211086765900353	0.15508510422639	0.116157058864523	0.117882668119595	0.197876679912444	0.27775045168853	0.276586199203281	0.154583038132256	0.149570575990155	0.23138672943673	0.182357887496554	0.211321592248523	0.206018982772069	0.212985597385495	0.212255544140907	0.271929132069318	0.286014468284745	0.27783532978966	0.33468852265642	0.393332639873566	0.177655949618179	0.227880949038703	0.173457508388288	0.144141915310159	0.288495177198063	0.258084475732303	0.238227812293461	0.346426685712322	0.13322128380619	0.133162297031931	0.110384424577188	0.201766515049753	0.205376766376632	0.136711653762825	0.124134917921213	0.125961844158418	0.18096042388684	0.172482432634411	0.145469481602876	0.235329740547194	0.220829563347576	0.211046618480085	0.261627112178743	0.273730840400666	0.261756571949968
370(-)_SD_t2B	0.13854443446769	0	0.202836592336195	0.289761183336959	0.164087160321957	0.137117173032145	0.21760359312135	0.188085180564763	0.190553557692351	0.184812277621344	0.248670244120398	0.23038945113227	0.223279979933949	0.332564130833748	0.27501454815051	0.347945496215726	0.356635479544826	0.204670440848867	0.177119497583526	0.209455439440202	0.278863119176231	0.266821169421015	0.212513709596045	0.175733496776932	0.147407322085992	0.284599179164174	0.185928551865883	0.229971410456711	0.0882486521257266	0.129587160315943	0.200757300533014	0.198561019908568	0.217139241609907	0.208170887343326	0.195533924026976	0.183530394121653	0.212646100129458	0.203848827191335	0.262944245019135	0.20125512057744	0.270660311229082	0.288915267232118	0.152877472417071	0.166791295799974	0.303621786160754	0.325555036541599	0.371903968170901	0.216941918123851	0.259541008984964	0.135264200032618	0.170271740884244	0.163858654671711	0.25065716200621	0.280763724893714	0.205907849874534	0.152462980941164	0.137546993919805	0.288230464829742	0.243384817830154	0.262743672890007	0.197009867711686	0.212126721179042	0.231986415498069	0.324353452456771	0.338476032381397	0.332987954683571	0.316898481736308	0.345286769539175	0.157258647460784	0.157641801571681	0.1357461838941	0.148951220141918	0.239014473676495	0.281751354586975	0.230470818198485	0.293545107239291	0.149537259607342	0.17171196473505	0.139914598767079	0.243994593856198	0.257430251454493	0.185496811591114	0.16845106755425	0.175928108319243	0.130486913676389	0.0916579257654974	0.129004156909576	0.189538219494684	0.157890746662664	0.216855171925298	0.241611237807175	0.20609070668705	0.228360202549848
370(-)_SD_t7C	0.155081618118185	0.202836592336195	0	0.281925431754775	0.166979039504427	0.169726391292948	0.165943760530924	0.201638922010128	0.197152748007353	0.194263762220711	0.162256785474644	0.15443171849293	0.126901606678487	0.306029340584176	0.226752061590038	0.291538672224918	0.30817559059545	0.175027314612955	0.160176145990096	0.176390147015287	0.16991316018213	0.177252826773604	0.187585257810282	0.218911303791387	0.185257657744028	0.245487867761917	0.240593677457265	0.227868326813512	0.198422777594773	0.177672854452038	0.171299607252345	0.155340129264211	0.145060317841955	0.138496187862715	0.16602586456411	0.133022808608055	0.245684244604162	0.132810411947414	0.283507716305166	0.150494901757278	0.259746328087379	0.256544191101583	0.188872118147047	0.146708465648181	0.265738663278932	0.277083680600164	0.331817028269569	0.146342478339505	0.228035927322281	0.181203721293165	0.20194736367093	0.185830469909226	0.175647504720755	0.241893574686409	0.259512461066512	0.173899106114596	0.1791554359033	0.207484499122887	0.164068593453129	0.144374850150633	0.161547375811059	0.17522008363874	0.179815097500243	0.278975824351314	0.287275046321104	0.27596694768048	0.303641863578906	0.360654401548569	0.185987146214759	0.24725477284162	0.180417228535789	0.162631707897556	0.248734424408569	0.226653955259746	0.20727559659846	0.309893762331911	0.194610354742303	0.210923350225429	0.18662964847716	0.217327069840186	0.22942792923814	0.188046347359234	0.183631992220674	0.187558266900661	0.208420148456963	0.204906024483068	0.17388969933281	0.200091553715883	0.188382121001059	0.174160420518621	0.226077600659874	0.239341120219963	0.231323891424775
370(-)_t2A	0.305488806654381	0.289761183336959	0.281925431754775	0	0.284009836752104	0.291813319440329	0.234359644195153	0.338287646539722	0.333169370803049	0.339287821274175	0.276312752629371	0.264245728922314	0.279558555964282	0.119512862060069	0.159495487667753	0.144309106569052	0.219597675704394	0.296131413906063	0.271370073922471	0.298298544559644	0.271049256594536	0.260224641354721	0.244721830149326	0.334222070900762	0.307873706818254	0.21568451330452	0.197712197159842	0.180331449397663	0.273245305920899	0.278665612857639	0.24740577405915	0.3002894990033	0.263363243719282	0.315910655310039	0.250464817826296	0.291540045509001	0.355027379439216	0.304537580470024	0.388933199759898	0.294884608618843	0.296507752818951	0.204376584511009	0.306458863713497	0.269351789413104	0.260521610385091	0.162961269112723	0.289974754252873	0.27810528163775	0.250380467011027	0.253283587750716	0.315168833851308	0.301974048436733	0.282043671753671	0.239595658407229	0.193524054371945	0.257274823173874	0.259951746134815	0.277874391576881	0.288472082512105	0.278456967967998	0.244420152337058	0.245837590984349	0.251256684501777	0.173334924764297	0.177967783130556	0.143549284115709	0.199765820612487	0.237734422892218	0.21743635288777	0.287019750489965	0.243387792506555	0.259498998119146	0.249630987991601	0.236578719356416	0.232369934773634	0.238416131530371	0.294601189412892	0.318930974535858	0.302491107419267	0.215413447148915	0.227740217587784	0.289358479641617	0.291917298516746	0.298195982954906	0.248910994717888	0.279196767856597	0.262982503326702	0.253970709118406	0.258874902442908	0.258239963930427	0.235203950315163	0.259880118588744	0.244757019329769
370(-)_W_t2A	0.102027153446417	0.164087160321957	0.166979039504427	0.284009836752104	0	0.105609066436136	0.205298574705408	0.131040923010671	0.149567424050868	0.144699028623816	0.234626184522764	0.217962844994769	0.1848950725256	0.319666338570261	0.226718490439487	0.278493389743255	0.32241696559433	0.101337615605991	0.0815887499247988	0.102533126970898	0.205265861005627	0.190046890967515	0.228004782203661	0.15824825235138	0.13415429541197	0.221687124051355	0.2348888099357	0.223473408054648	0.153446351953136	0.120861809629692	0.18687978950359	0.138743432697371	0.176982186822404	0.159445813264023	0.171619880677742	0.12666363737465	0.182223241106209	0.141177759663646	0.223835665917938	0.126123891148682	0.215534688555575	0.280383880822472	0.121162954605556	0.141441551516202	0.239796379047545	0.262909793415016	0.291220395651691	0.142596392907579	0.200421208904192	0.141852288430611	0.146926450696522	0.117526156968585	0.178711835189746	0.258441807483246	0.257440698336119	0.137935979598092	0.14310616443587	0.220733851619957	0.180612155879769	0.214703267715504	0.20637599224518	0.213872929221382	0.197774208861525	0.261442426154527	0.268941662450461	0.261189328394396	0.324229920878275	0.381619767271909	0.139502819612767	0.200125225687331	0.147587328647465	0.110546442557506	0.279256220347564	0.252009311787325	0.234448133221028	0.3271307372375	0.151502049985066	0.156380900339022	0.127243299324014	0.193323988199234	0.199914719951184	0.136214886659883	0.131355897780126	0.115771324120783	0.167970589237431	0.164821601121917	0.129957391106966	0.20980707606342	0.196915971961535	0.177358883501339	0.237929112332543	0.250979919362274	0.236965652995983
370(-)_W_t2B	0.114056648913846	0.137117173032145	0.169726391292948	0.291813319440329	0.105609066436136	0	0.214869965085654	0.145638052387867	0.142984395843241	0.148620367642043	0.239420954905536	0.224987365372954	0.207295215203299	0.325998425474418	0.237739694939927	0.299219896521609	0.333875132304276	0.134613055531352	0.111000544336515	0.142819517581377	0.234646616950613	0.220342251494237	0.24690615698411	0.123469624647334	0.119729692706659	0.222907415352861	0.218264974155432	0.211063822484993	0.113208385426956	0.0730544746380909	0.189710361080793	0.138344016336145	0.17768308868907	0.158319326366513	0.171900711404648	0.126071989943287	0.149198451835641	0.150291364027462	0.200773666903292	0.136636019042837	0.203979333559213	0.283732667333269	0.086860409867267	0.136920282440496	0.241467112951292	0.268624105093152	0.310716944126076	0.158955432494579	0.19256976331633	0.110542126326149	0.117266213573213	0.0940496123663029	0.193711638416924	0.264074860532577	0.245115970515398	0.118916068991596	0.105986691724849	0.239856062061842	0.195508031700849	0.236465542926011	0.225378056070497	0.231891505736796	0.220597507430254	0.274584117133501	0.288946194474298	0.285713132936468	0.333434407694605	0.389380954054337	0.156194617418763	0.218408280020727	0.160191763895045	0.117554221091041	0.296308393783464	0.269470575168285	0.2523257393094	0.342125073302329	0.110666292203638	0.122288387700004	0.0930820515310006	0.186358179082787	0.201290811076474	0.114010641114132	0.101479790019515	0.0962221445494453	0.1452826538432	0.138488471088663	0.109634828805892	0.227444457418411	0.211551101592154	0.192348346522593	0.253290839765071	0.265328788931637	0.247463800696172
370(-)_W_t7C	0.214624720764876	0.21760359312135	0.165943760530924	0.234359644195153	0.205298574705408	0.214869965085654	0	0.254728765736425	0.253433943256412	0.256727345503974	0.220834647431119	0.20404831440446	0.192218003899746	0.259871654718031	0.218250819362543	0.266108374650994	0.265332383694646	0.217244843508557	0.191915261587162	0.217129519800022	0.169524648507763	0.154238861193553	0.139796980433189	0.268581609929731	0.236845918766237	0.245361213947718	0.216021806379597	0.208451479143911	0.202415043884434	0.206523512729055	0.120454102279734	0.192803177918642	0.130833843685235	0.198681664236481	0.133695893754433	0.181905453686747	0.295278410223971	0.184974896647851	0.33039632186647	0.192917305019579	0.289079051950437	0.227576092115977	0.241657443511585	0.172079253610012	0.268105806412591	0.259320742889405	0.31055302767102	0.173917822025887	0.254987820593174	0.18786050890191	0.25568110115753	0.228845197586657	0.172862235338162	0.171477420265579	0.226681338238747	0.190238292632583	0.194045498124255	0.163213331503109	0.178551073055744	0.193434621544469	0.154789214906368	0.147949622968969	0.152128226303124	0.263166231071923	0.262452134433103	0.252841315090488	0.234656979413709	0.299871418290642	0.157747312813611	0.234300517524528	0.174014335920504	0.178604866665	0.180700066661381	0.172361019279323	0.141511250723057	0.241266544738318	0.241770135529767	0.257513401540853	0.236068796013344	0.224972252536505	0.238124682785536	0.225846360934556	0.225459420917589	0.228771066269286	0.199290367260218	0.20876852993169	0.178940162977306	0.130319299131256	0.143397238681366	0.142753525671689	0.130581852931143	0.146503539417233	0.130711074837974
370(1A)_SD_t2A	0.10595737124308	0.188085180564763	0.201638922010128	0.338287646539722	0.131040923010671	0.145638052387867	0.254728765736425	0	0.0959630223347068	0.0597959897649444	0.260163132460532	0.245184185630153	0.226848160007203	0.364526395676455	0.276013250382018	0.324140672116264	0.364824963874737	0.120948857717233	0.138009987974595	0.120280806036325	0.232625690874865	0.221331079266572	0.277594479940652	0.10876148276424	0.128954579714393	0.239786313934642	0.282839652539226	0.271365082996993	0.198408436829143	0.164577899119658	0.225293239403985	0.134345589027389	0.21277599140776	0.145659592188537	0.213789166063087	0.157291710596117	0.127263909365894	0.137267424247213	0.152584859079931	0.135094723073292	0.186632289457851	0.318000461378426	0.134977629590863	0.167146499069011	0.224804814687973	0.299715546106934	0.2802893078744	0.180300121562481	0.215802269150861	0.193348034302214	0.113782089585284	0.126088223123974	0.21970003031558	0.302934429053875	0.307933713507434	0.193642273996454	0.187912923169342	0.260901754001475	0.203532514060414	0.255409581925256	0.249396328222569	0.253026587172581	0.242178584225984	0.262155034700157	0.274337324501645	0.303088289449021	0.365532096672566	0.420980847711362	0.210087148906967	0.261283773508643	0.208638395420609	0.171304888012321	0.321879851818119	0.294054257374339	0.284099612326741	0.372150424881175	0.17337549316213	0.149736768420085	0.149378375084982	0.239437550503312	0.238678590266635	0.152687726840575	0.162041340207168	0.147115499734027	0.20825105086599	0.210809177487659	0.178005304419216	0.263877113046137	0.25871706503567	0.232363115656236	0.291946265173204	0.310078057600713	0.290492731001522
370(1A)_SD_t2B	0.118820933355354	0.190553557692351	0.197152748007353	0.333169370803049	0.149567424050868	0.142984395843241	0.253433943256412	0.0959630223347068	0	0.0860137362215714	0.259514460754452	0.240613543162129	0.228687278229446	0.359222106188649	0.26502395433375	0.320894463537343	0.367879944102141	0.101735024972511	0.138104363922824	0.0981751951260925	0.232330803121333	0.217167610250553	0.277757993505714	0.126006297862218	0.139232158135394	0.232827992005745	0.275550003905629	0.265167119023384	0.197189955735831	0.167441663868592	0.231523242232261	0.157769032548511	0.212071108857084	0.143281770214227	0.223047407330879	0.164513182161044	0.146279861108335	0.141428081864738	0.18121926681149	0.144562411731207	0.209079500376296	0.316689481562603	0.133952802938267	0.17613188523339	0.2456946462208	0.297792583007932	0.298822032228343	0.180225119193666	0.204977963591969	0.196686312384698	0.11475510105816	0.123237396983409	0.224129530462446	0.313940101425897	0.304477437018696	0.18382566931685	0.189843311018657	0.260122620980338	0.206538584006892	0.252337788763817	0.256607763446975	0.259689802946007	0.256497308436858	0.269682709809351	0.282329523415932	0.299033227366629	0.362668271437668	0.419456112631974	0.220141314671996	0.268534455262057	0.215032159445821	0.164435499650224	0.324458278398329	0.295696118845576	0.280818101286658	0.375526068585082	0.178863681905018	0.143994965142829	0.150418589199411	0.232361934658793	0.230589824900547	0.151652321191899	0.159013504579373	0.149559710154597	0.215148882278196	0.207673063977549	0.178740481790088	0.266795865952223	0.256676826741475	0.242653724101502	0.2954765543698	0.304744640106152	0.295961153879058
370(1A)_SD_t2C	0.110641673728837	0.184812277621344	0.194263762220711	0.339287821274175	0.144699028623816	0.148620367642043	0.256727345503974	0.0597959897649444	0.0860137362215714	0	0.255123108020613	0.239758395529115	0.221911816201962	0.36609211706353	0.272490159708185	0.325810395351203	0.369164708358581	0.127643494587519	0.135595262533532	0.12517576377847	0.230506050469819	0.221131365923944	0.279595699924916	0.109676075014649	0.131759192692851	0.239156528142635	0.281586320929629	0.27077007744411	0.199085426489051	0.168015490159539	0.23043327534104	0.14989947694522	0.209104778832323	0.138089308976261	0.223759138813759	0.164383746016979	0.116475918149231	0.137242438624051	0.149511241680167	0.144401529299915	0.179644108254937	0.323994736878928	0.139584427518518	0.181359060965925	0.220835802648562	0.300211899235531	0.277808643640322	0.182079927731451	0.212619548607647	0.197395521516823	0.112251395612432	0.127596495714446	0.226378083052686	0.315379675241306	0.308173832376454	0.191743793116224	0.192721533807393	0.264885794358684	0.21098452869302	0.248813655204136	0.249511979633981	0.256345849697173	0.252908618480222	0.262609902422841	0.274133698663453	0.30331596548855	0.367864596271356	0.423486837695515	0.214974948252134	0.266667993537144	0.213947573342572	0.164775098985943	0.323088206329019	0.292865792094703	0.280477529265581	0.376830196121159	0.177361500233303	0.147288274901769	0.150822592221152	0.237644379195382	0.235980603099321	0.152258080019127	0.160351638989318	0.153375838430646	0.214909066623355	0.207813564484753	0.17967307287052	0.270363360807912	0.260725088736401	0.241708402457644	0.297373412871693	0.309062423252081	0.297556141628159
370(1A)_SD_t7A	0.215251577246589	0.248670244120398	0.162256785474644	0.276312752629371	0.234626184522764	0.239420954905536	0.220834647431119	0.260163132460532	0.259514460754452	0.255123108020613	0	0.0999907828876815	0.107739076072197	0.293927983838479	0.246701258739927	0.302810339824235	0.290752894008323	0.235910583792694	0.231614776178427	0.23591194369858	0.196373098364541	0.213781106066104	0.209105218776618	0.280152133155087	0.249929812033784	0.280334621872151	0.250615528538264	0.240347409488045	0.236475480717524	0.228910542580701	0.204658296261391	0.205773192165565	0.208343505486312	0.203471970075887	0.204717264950192	0.194337915593243	0.307154977134465	0.20686818442556	0.335333451678006	0.203518423320725	0.292294277770861	0.261290238007907	0.253505645487799	0.19101415421217	0.29570997200797	0.291106700766358	0.345104396100088	0.19549577870272	0.270321578801877	0.226467714715554	0.265743458384935	0.253474389638616	0.221864013020864	0.245614459072748	0.267447219203217	0.216244143757971	0.220526767364996	0.261356605672637	0.228234119764984	0.164376092916139	0.173868157563215	0.184705372876281	0.201625812693133	0.291549506470747	0.301563046361078	0.284493901336694	0.288908812551482	0.337660957581458	0.228251605371171	0.279791281111833	0.213977048105223	0.215695846776632	0.248002388543383	0.218323598392209	0.218359018277019	0.294998427985701	0.249402630023401	0.268122378675343	0.249906700939547	0.26049567074603	0.274812779926235	0.251052475043145	0.242664954341942	0.256954848476281	0.231094383528649	0.246104437160176	0.215185545463851	0.23930698504954	0.23378575979161	0.208592820915875	0.253578082508458	0.275559153742044	0.264355227780259
370(1A)_SD_t7B	0.199342842953514	0.23038945113227	0.15443171849293	0.264245728922314	0.217962844994769	0.224987365372954	0.20404831440446	0.245184185630153	0.240613543162129	0.239758395529115	0.0999907828876815	0	0.10223326868007	0.281843317155898	0.240981696739202	0.296974211357593	0.2940777832275	0.220923709033078	0.218037947595248	0.220701034797358	0.199193301771816	0.201155761474223	0.200155629487614	0.269988037323609	0.237741565298042	0.273149671630476	0.241166739078811	0.228758612054278	0.226703742092186	0.216808382136934	0.196287717913061	0.199328733065877	0.201580301957877	0.191008078489261	0.20179632746487	0.184793554055132	0.296387562806656	0.199152393662839	0.324962286538343	0.199073808149345	0.287321106951646	0.252835691002413	0.241910703045168	0.173048961637715	0.291767730572501	0.284482870342811	0.346055858654947	0.188664565371596	0.256510317509755	0.210931866648902	0.251931668039126	0.239953403275853	0.222554826433308	0.252531858118359	0.259267074655638	0.201805415886159	0.206933821018493	0.254006117112251	0.218702391138155	0.162070834195948	0.156825068483781	0.179201464917347	0.190381463640634	0.287754348616992	0.296245198996079	0.279649797046395	0.280425455395499	0.331870736697567	0.213844057354343	0.26879597983906	0.205197974458324	0.200123097397148	0.242879429182798	0.211576565843848	0.203504153144638	0.289871682373165	0.240760849345256	0.255272893749718	0.238493830037437	0.251344027753916	0.266534209287462	0.245019167524669	0.233220215489017	0.244719291403886	0.223173849919525	0.233367220715829	0.202172999781889	0.229175375891183	0.221213721781292	0.209847478845732	0.247459178218161	0.264918283892153	0.257276788553576
370(1A)_SD_t7C	0.1810448906481	0.223279979933949	0.126901606678487	0.279558555964282	0.1848950725256	0.207295215203299	0.192218003899746	0.226848160007203	0.228687278229446	0.221911816201962	0.107739076072197	0.10223326868007	0	0.301098956041443	0.236719918230731	0.297054655319591	0.296441016717512	0.199727193665782	0.189803855370727	0.19765224916315	0.168946688148613	0.176514356243625	0.176932964166114	0.249139874169771	0.215440579706628	0.263296722370124	0.244229805898856	0.231098636067073	0.221361333016237	0.20064927266258	0.187320591586653	0.182549015251081	0.181702312865997	0.170159689853762	0.187802075968993	0.161894558854541	0.279571514216985	0.168579833752327	0.30787982458192	0.171544432669547	0.281074941738434	0.266132391227953	0.22406896375451	0.16132135715439	0.28117394423191	0.289661807593138	0.340880322029559	0.165294978468684	0.245935745588861	0.206737583789817	0.234480524751052	0.224183482969504	0.198931551240989	0.243960853380294	0.265540515346185	0.192074367775219	0.200473095537792	0.232486826016555	0.202057098552954	0.150403495139452	0.146925580393664	0.165109310587892	0.176628009512101	0.288216945139517	0.295182600040869	0.277526976844873	0.294683866911342	0.350307532778066	0.202401591683597	0.255776487491169	0.195950488296731	0.179604140620176	0.23123465955365	0.206720766137846	0.195148160906561	0.295494120812685	0.222156322189909	0.236764147549129	0.218612575757194	0.236397354300405	0.249576350666634	0.225657429929517	0.217571568073279	0.225858603711524	0.221495340389844	0.226931113625016	0.19886959506378	0.20640081202365	0.202926002284212	0.181961114236357	0.2278356313413	0.245131016448041	0.237699891393427
370(1A)_t2A	0.335740697479446	0.332564130833748	0.306029340584176	0.119512862060069	0.319666338570261	0.325998425474418	0.259871654718031	0.364526395676455	0.359222106188649	0.36609211706353	0.293927983838479	0.281843317155898	0.301098956041443	0	0.190173129760208	0.134952849056745	0.213369277161682	0.328309655654545	0.30458372906547	0.330540314698292	0.29004935826923	0.282724187816796	0.276039898399634	0.364986937821933	0.339815870158074	0.251193003073863	0.241612617155411	0.216615938513053	0.31730970964051	0.314657043436711	0.26778549301959	0.327853597911724	0.281195897757712	0.33717569230499	0.271164799284318	0.315961377220206	0.385394460272764	0.328236560028042	0.412092644561987	0.317730088497958	0.32482264259929	0.195345492323346	0.337377508255769	0.289786596466463	0.286895952232881	0.177417353375787	0.287806890815001	0.302916181333553	0.283781908231993	0.294095995453285	0.350245942354645	0.334659841728913	0.300190139748573	0.254546046419575	0.237211880908637	0.29211296869652	0.300481470839765	0.292999144546331	0.305824599233107	0.299546986023479	0.281004781131851	0.278474292591685	0.27810074796393	0.207124057183933	0.197222157344841	0.16222360766545	0.208808577924714	0.222200470542393	0.269541875774359	0.33165098893985	0.286194586068303	0.296419165031649	0.281632737431244	0.254759890345531	0.264954314989769	0.253493445943703	0.329427421701749	0.349454665933803	0.33607776144056	0.248957666895825	0.264222931555086	0.326031168071443	0.328959587135683	0.332466418369384	0.290716938825896	0.320247231506318	0.293912720321538	0.285605239951698	0.294113430125442	0.281550108215157	0.265122734852685	0.288700272718539	0.27486625367613
370(1A)_t2B	0.239402533882049	0.27501454815051	0.226752061590038	0.159495487667753	0.226718490439487	0.237739694939927	0.218250819362543	0.276013250382018	0.26502395433375	0.272490159708185	0.246701258739927	0.240981696739202	0.236719918230731	0.190173129760208	0	0.151710724628491	0.228655032353127	0.231992211093802	0.210852902626599	0.233556562094083	0.223196766230105	0.209110252278195	0.238310949653984	0.283504350397858	0.253849544325267	0.193281909840797	0.198152373513902	0.179673924800932	0.263870851211081	0.236866948575426	0.220291590467575	0.243510787009228	0.207170847469474	0.253367735567841	0.217638760802116	0.228729145340457	0.305441774108641	0.242599255456483	0.335576253835508	0.228258609949052	0.252432110511106	0.217598097695019	0.25334775054128	0.229523872163546	0.215902966488827	0.15571867926826	0.270419108593114	0.20744653428712	0.206905235487668	0.230165310452028	0.259371077687126	0.243725421274258	0.229449975418266	0.23301731556709	0.189096658230165	0.216334076378299	0.229947919989037	0.236418421258802	0.230310820275415	0.228339700913375	0.2335858754025	0.231157552917683	0.227360103758606	0.165375196205643	0.157505402002859	0.127165269897168	0.231834298594256	0.289580832522952	0.20963623266349	0.271791306201627	0.229031655317462	0.217562704165443	0.253335141343604	0.219502933671704	0.2217462623312	0.263722525545785	0.245720144088129	0.269498828086946	0.250843999910895	0.18197952610008	0.189930184785662	0.240411907282866	0.239176426943478	0.245984087165356	0.238235395623665	0.263991148864125	0.236694166389337	0.247502992685453	0.24599607739195	0.228323374442426	0.235181889367315	0.258938169905461	0.246606681647479
370(1A)_t2C	0.296025047368516	0.347945496215726	0.291538672224918	0.144309106569052	0.278493389743255	0.299219896521609	0.266108374650994	0.324140672116264	0.320894463537343	0.325810395351203	0.302810339824235	0.296974211357593	0.297054655319591	0.134952849056745	0.151710724628491	0	0.203048485456347	0.28603305907688	0.261559317020766	0.286912178061123	0.247895076267088	0.24029990269635	0.285146137064288	0.325698919023911	0.298004022108821	0.202059350349821	0.260044814898184	0.220112621444368	0.332403523594274	0.308733713650821	0.278154840891385	0.288401943200291	0.265079129908454	0.297387473630041	0.272546237932792	0.284297142661969	0.346678779435753	0.288332240660218	0.373425548403597	0.276610187980798	0.28502632794682	0.234741619524648	0.305031151755041	0.295064198228041	0.241970910064876	0.137796378823916	0.247062170230718	0.267811810887113	0.246243071090704	0.305163242956412	0.307575907839485	0.291612525168186	0.265668394485418	0.253107162280558	0.249874851454818	0.290835352409329	0.304812889959784	0.244351057175813	0.267600409629978	0.279834042164687	0.290004803746019	0.286764226852115	0.272226668911323	0.161415684372561	0.130812885767178	0.0931253924808922	0.22250338736328	0.25210737633888	0.276591099511076	0.340855875819412	0.298869891371511	0.292694272655234	0.278393743443355	0.244379804169344	0.268902290880263	0.257226757400267	0.311066368245673	0.309924015340556	0.30223169840858	0.218589529781587	0.21946360404536	0.285180283280098	0.287724396963731	0.290865447655638	0.304650403242757	0.333673312243987	0.304239023437977	0.294370538080844	0.304801026602104	0.277974691667746	0.265151085237267	0.291151650484905	0.276512720873155
370(1A)_t7A	0.336291953556111	0.356635479544826	0.30817559059545	0.219597675704394	0.32241696559433	0.333875132304276	0.265332383694646	0.364824963874737	0.367879944102141	0.369164708358581	0.290752894008323	0.2940777832275	0.296441016717512	0.213369277161682	0.228655032353127	0.203048485456347	0	0.337822292788308	0.314098091588865	0.3380411070874	0.277550020560894	0.275168326573207	0.277466253778563	0.372216612354667	0.34404495378652	0.282432831954923	0.296691852371529	0.268492215767004	0.342142257339701	0.320369422154397	0.270774890282232	0.325255413519267	0.272477864409117	0.332883276942096	0.266114076543871	0.308995230829116	0.393123811751471	0.324417087401645	0.418171093128747	0.317777380359297	0.346641416193027	0.240881175006827	0.34637530091678	0.301865260178592	0.307376402831498	0.213630986429446	0.298172696295645	0.30156021697203	0.316285848653046	0.320349918083383	0.356378379129037	0.33926437606918	0.284736147573854	0.240706856724436	0.282661685882238	0.313857647274053	0.316949292441696	0.263946625105071	0.297418691973403	0.278991277342662	0.297222374255141	0.285602686331103	0.271456569382016	0.260811129720703	0.246175304672068	0.217365553467837	0.175882663824622	0.188735836557909	0.295084543570767	0.358177066356257	0.310897016091093	0.312899552398712	0.261818799591612	0.220009871339023	0.269370092053396	0.221239444131702	0.337115311513623	0.358612569821763	0.342933072438304	0.286625723898448	0.288700390762456	0.334544106319873	0.334930046235059	0.340914324704222	0.317357370948976	0.347696993763627	0.314003728305176	0.297548721654554	0.308925931485708	0.276704972500037	0.257575053278011	0.285532452628136	0.270411279025337
370(1A)_W_t2A	0.126189819681612	0.204670440848867	0.175027314612955	0.296131413906063	0.101337615605991	0.134613055531352	0.217244843508557	0.120948857717233	0.101735024972511	0.127643494587519	0.235910583792694	0.220923709033078	0.199727193665782	0.328309655654545	0.231992211093802	0.28603305907688	0.337822292788308	0	0.0827137083385749	0.031587135838741	0.193087946159745	0.177458724056111	0.238253105791897	0.165037292433347	0.153393797460441	0.216619747250369	0.254895540303028	0.243206077268785	0.178347195549171	0.147923216919877	0.197429606028795	0.129392193858057	0.186517536761436	0.144651181853744	0.188500600174082	0.141518089309017	0.181316345760876	0.129014342796514	0.216674917700568	0.121816936664367	0.211470802847443	0.294497231178499	0.149539108633888	0.15552420850201	0.233808945515685	0.269141469845805	0.283131587664065	0.148070357572112	0.19774962701059	0.167391575285485	0.144904638580213	0.124831631834842	0.191887772521282	0.272395968405206	0.274993953560141	0.155093041806643	0.168221758131984	0.227383744500024	0.182198645520185	0.221081690721904	0.224807149799792	0.226016689487163	0.212344793371098	0.25570560535134	0.262906236862724	0.265241627433527	0.332159928083173	0.389177424603961	0.157912280370814	0.210577577183424	0.163309549835536	0.120709011306502	0.284265484475397	0.259923768711689	0.244660762741136	0.341199391501636	0.181740639292895	0.162179058243079	0.162930879923985	0.214215304771979	0.211112548665253	0.131693125296961	0.148902762370668	0.121179074482879	0.19683085239474	0.194482960875396	0.161743397476369	0.233566080760402	0.219187132265669	0.203097168240831	0.257422312161901	0.269407474070028	0.256875045549172
370(1A)_W_t2B	0.120131024779992	0.177119497583526	0.160176145990096	0.271370073922471	0.0815887499247988	0.111000544336515	0.191915261587162	0.138009987974595	0.138104363922824	0.135595262533532	0.231614776178427	0.218037947595248	0.189803855370727	0.30458372906547	0.210852902626599	0.261559317020766	0.314098091588865	0.0827137083385749	0	0.08985467134002	0.182959029521218	0.168642269147876	0.215688683905731	0.164650880421509	0.143564010392188	0.206933249282336	0.227405509679456	0.212996621566545	0.150660606049089	0.125784635713692	0.164635494545458	0.131754935710518	0.156114462576643	0.14512402907503	0.151049807260718	0.118002472192875	0.184494725423064	0.135096836680374	0.219710558194722	0.110595525746465	0.221317164209836	0.27620505283068	0.121964193942062	0.133033897411213	0.226930591951049	0.251383825397082	0.281919207071552	0.128231184895157	0.18627254829978	0.145171385066224	0.146082021371351	0.120753509403067	0.171466345895337	0.250410105270873	0.249170965549615	0.130110281658154	0.146007790226412	0.205155274429486	0.172100724394183	0.212310463271401	0.205006022235447	0.206505784678168	0.195325294365106	0.245581992477789	0.252334331177701	0.247557155320368	0.310404090747084	0.367745468757349	0.125222333370091	0.18682186656452	0.133885401598188	0.0867787543081606	0.261170722084703	0.23617520520986	0.224464990518528	0.31871987860351	0.166005824396362	0.163445985411998	0.13708428277391	0.182636104013305	0.187689986302967	0.123619416397446	0.131553870811694	0.117639244812827	0.177753483527801	0.166059106665936	0.135453560626673	0.21025985390008	0.197928820896288	0.175780415615339	0.229572745540773	0.242577270021145	0.228471166375443
370(1A)_W_t2C	0.128431364346582	0.209455439440202	0.176390147015287	0.298298544559644	0.102533126970898	0.142819517581377	0.217129519800022	0.120280806036325	0.0981751951260925	0.12517576377847	0.23591194369858	0.220701034797358	0.19765224916315	0.330540314698292	0.233556562094083	0.286912178061123	0.3380411070874	0.031587135838741	0.08985467134002	0	0.191781250141886	0.173602564756116	0.238037266899492	0.164368368779175	0.157397851046923	0.21574517108815	0.258347953637863	0.247704811034874	0.18453479756731	0.155297046429316	0.198228147482383	0.13129084053814	0.184884592405072	0.140297937650824	0.191630536998438	0.146855425914257	0.182528977588484	0.128850291763337	0.217178576613636	0.126836701069434	0.210461955490027	0.294889526219146	0.15807956710542	0.162769524419912	0.233446893819242	0.272300232056682	0.278525215966292	0.149259262235149	0.197089562549301	0.174898913648006	0.14507567962985	0.131376991422563	0.194276433722694	0.273962971402441	0.278556667772261	0.161003947875625	0.175210057187002	0.229417219005891	0.18363735969859	0.219536849010698	0.222967997464672	0.225095385938548	0.211253855198266	0.253514437973588	0.259607645146075	0.266066079859673	0.33268630005951	0.389521025088058	0.159648912561762	0.21158242155383	0.165234792666206	0.124890877785365	0.283602799280006	0.259508343861447	0.24222780364017	0.340380283616642	0.186840250171998	0.16662885843301	0.167926585873758	0.218862302669282	0.216160131122276	0.134835368179731	0.154009832555298	0.128915056187914	0.201323226200002	0.201119525905167	0.168686508234689	0.234969335216509	0.219528045783222	0.203978389148589	0.258556596432647	0.269580855023667	0.257970797852709
370(1A)_W_t7A	0.20277051088104	0.278863119176231	0.16991316018213	0.271049256594536	0.205265861005627	0.234646616950613	0.169524648507763	0.232625690874865	0.232330803121333	0.230506050469819	0.196373098364541	0.199193301771816	0.168946688148613	0.29004935826923	0.223196766230105	0.247895076267088	0.277550020560894	0.193087946159745	0.182959029521218	0.191781250141886	0	0.083537062364109	0.137742245809338	0.258030150533504	0.223679278688371	0.214045430468969	0.260482741784521	0.239653712485132	0.265123253559603	0.244257154327211	0.163913911574403	0.175514851288891	0.145211630126709	0.169074379609485	0.169753697916615	0.179320199250252	0.28527203858071	0.1702104557031	0.312080479378821	0.179931759112196	0.279452016443509	0.285266704601942	0.251096610586214	0.21394391418657	0.245793389715486	0.244381844109554	0.28496047855414	0.159742081528019	0.226975797043853	0.244521319276373	0.24204570018342	0.22186868050891	0.191017347744365	0.232014566217555	0.280288407780797	0.234704615522944	0.243099593935966	0.183573896072309	0.188363418840072	0.180886850665443	0.189854965449606	0.193162180093332	0.183914573383683	0.232766605507419	0.231261867981066	0.2242719932409	0.281214178296233	0.338019648801855	0.208936293747386	0.285894496217146	0.217299357657007	0.224609414747568	0.209637533857612	0.190992581824826	0.182407489556221	0.280114302480434	0.265532960109697	0.248473365155664	0.245432846367616	0.214313712667394	0.216517829565063	0.213608830973988	0.222687096810797	0.218171047619649	0.266334335467774	0.275667513059592	0.242219907867802	0.220027920949537	0.2272546511513	0.212056126310942	0.214233827399555	0.238307707199364	0.221701147952866
370(1A)_W_t7B	0.191067259561328	0.266821169421015	0.177252826773604	0.260224641354721	0.190046890967515	0.220342251494237	0.154238861193553	0.221331079266572	0.217167610250553	0.221131365923944	0.213781106066104	0.201155761474223	0.176514356243625	0.282724187816796	0.209110252278195	0.24029990269635	0.275168326573207	0.177458724056111	0.168642269147876	0.173602564756116	0.083537062364109	0	0.140927084702993	0.242520980891946	0.210152867176434	0.20716705816929	0.250460430473538	0.231718396193348	0.251179028800577	0.231190393528108	0.145890690746685	0.160012748893662	0.13319007905938	0.158784870350644	0.156705653191833	0.173948031390117	0.270104603396572	0.157991985758495	0.299798826892674	0.168416582328442	0.263384752583213	0.276076458005558	0.2358576883068	0.198038600772164	0.233058096131598	0.235506619723525	0.278202021182811	0.14242041785579	0.214055352725395	0.231358208354442	0.226820474789607	0.207461429205997	0.18158563554184	0.227384761118167	0.263056224636248	0.221504851148659	0.22949416953135	0.171122776973858	0.174378998143726	0.188717231080512	0.183366506466977	0.182961377030054	0.175888003848731	0.224134739133578	0.225808419676255	0.21654868312949	0.274491228015585	0.334674349466229	0.191308987553921	0.27058432011458	0.209003231965009	0.204597147922369	0.207240913256882	0.181137315026176	0.165205099798273	0.272285838851339	0.253135349099132	0.233618590472575	0.229911639667305	0.202295849431825	0.206708004032922	0.197886711483858	0.205620417687503	0.204660832102212	0.251609520422869	0.262431815023915	0.22835764616117	0.204533001846869	0.211909149516899	0.194932116653044	0.203073155220452	0.221749836693024	0.203259061351289
370(1A)_W_t7C	0.23575544340296	0.212513709596045	0.187585257810282	0.244721830149326	0.228004782203661	0.24690615698411	0.139796980433189	0.277594479940652	0.277757993505714	0.279595699924916	0.209105218776618	0.200155629487614	0.176932964166114	0.276039898399634	0.238310949653984	0.285146137064288	0.277466253778563	0.238253105791897	0.215688683905731	0.238037266899492	0.137742245809338	0.140927084702993	0	0.299504503648229	0.266614560542658	0.264550948536608	0.205529871124322	0.22611010434538	0.199452365869339	0.236765564670326	0.145619115314196	0.219702506334417	0.159444069519274	0.210602731924799	0.160369538835842	0.203593574331773	0.325262125827599	0.212004271257927	0.352916776131315	0.215764193073244	0.326076976481527	0.265423261888478	0.271024002004299	0.197882802413196	0.29563935080524	0.285674745193143	0.331830078130227	0.187404179589007	0.276208215827934	0.219264589194362	0.286872696382211	0.260207467981963	0.221934665545124	0.213058532694426	0.223353731530288	0.218666023745416	0.226328616133529	0.218181578166581	0.230337672101711	0.208071068163714	0.143099216742265	0.157679285973981	0.159525388995579	0.286821233737099	0.283523638555086	0.269739912294633	0.239044257615789	0.285139541608433	0.168010188366286	0.222537180607176	0.169321246329693	0.209702919285016	0.146067484856484	0.169776350252902	0.135814208809122	0.220381325323381	0.269580545883799	0.288656521115794	0.265409731317575	0.246165631737964	0.257890680378957	0.2545605382741	0.258247910024544	0.258728400217682	0.216146379086374	0.208948949145719	0.21434346506677	0.145226491446229	0.159367915911699	0.197705675183159	0.16452286371261	0.165532881809154	0.159974499362407
