	5A_C_432_9509_DAM_2	T0_W_A_C_2	T0_W_D_E_2	T10_432_DAM_B_A_2	T10_432_DAM_B_B_2	T10_432_DAM_B_C_2	T10_432_DAM_B_D_2	T10_432_DAM_B_E_2	T10_432_DAM_B_F_2	T10_432_DAM_B_G_2	T10_432_DAM_B_H_2	T10_432_DAM_B_I_2	T10_432_DAM_B_K_2	T10_432_DAM_B_L_2	T10_432_DAM_BJ_2	T10_432_DAM_W_A_C_2	T10_432_DAM_W_D_F_2	T10_432_DAM_W_G_I_2	T10_432_DAM_W_J_L_2	T10_W_A_C_2	T10_W_D_E_2	T5_432_DAM_B_H_2	T5_432_DAM_B_I_2	T5_432_DAM_B_J_2	T5_432_DAM_B_L_2	T5_432_DAM_W_D_F_2	T5_432_DAM_W_G_I_2	T5_432_DAM_W_J_L_2	T5_W_A_C_2	T5_W_D_E_2
5A_C_432_9509_DAM_2	0.0	0.43572237402866304	0.4044637534153702	0.7959556776488316	0.7632116078750604	0.7719309497850643	0.7734191262470439	0.7605133181891589	0.7752453173638685	0.8055496624287715	0.7669425925638534	0.7926621998579195	0.773231916451418	0.7827974402534711	0.7572639557706987	0.4101069787772647	0.44073891913183993	0.5226278665836069	0.4653214110855128	0.35748154671737076	0.4360470765200733	0.7921575568266392	0.7653395436806618	0.7831113401131582	0.7405389954842225	0.24672981353406823	0.3042207071046053	0.3007313798297248	0.33590862369735236	0.3441624791109398
T0_W_A_C_2	0.43572237402866304	0.0	0.2494863353381087	0.8589321398214772	0.84322900949765	0.8503310307559626	0.8483487849251303	0.8409159564997637	0.849309394239024	0.8808229850273941	0.8582838484673707	0.8672529059328569	0.8490531204162634	0.8515196412161978	0.8442221961311028	0.6106487569406112	0.6140406416228282	0.6864245122539505	0.6408025924710288	0.520356200787424	0.5813134025656552	0.8549458126520387	0.8404925584161608	0.8470349569244899	0.8179155804646843	0.4021210609491945	0.5004619041606362	0.39413912109677945	0.3580278958250679	0.3968023747212529
T0_W_D_E_2	0.4044637534153702	0.2494863353381087	0.0	0.8515782001905973	0.8312276481502197	0.8394717736490162	0.8350047850848626	0.82752486307071	0.8372627758626712	0.8669974025098707	0.8421673343456495	0.8506147702885275	0.8335034494156878	0.8392998709543499	0.8343199101994055	0.583051895855084	0.5943716910942443	0.6651245502189579	0.6219466523991943	0.4963613225327908	0.5539048812548617	0.8428876395109464	0.8317286746300409	0.8370470293437805	0.8002272203154323	0.36759689544785834	0.47391323666653906	0.3780244210666277	0.34356062448872	0.3896749615601905
T10_432_DAM_B_A_2	0.7959556776488316	0.8589321398214772	0.8515782001905973	0.0	0.38108867392795304	0.4098806936759628	0.4338084759481849	0.39200395122695425	0.35761680049107425	0.34500358474266596	0.357109603066179	0.48346298214892164	0.4303659057215843	0.3388097576647947	0.4135509961193736	0.7072577747373893	0.6989439102568464	0.6392306239142872	0.6833961699841928	0.7833364713248376	0.7639686744130988	0.5197800196480573	0.4097382574082687	0.4483675219907344	0.4550284250441087	0.8090358665638779	0.7670465746138614	0.802469256382561	0.8279288966939238	0.8224886237478911
T10_432_DAM_B_B_2	0.7632116078750604	0.84322900949765	0.8312276481502197	0.38108867392795304	0.0	0.4444756945053113	0.4229379191643779	0.37381615758332326	0.44837004279951737	0.40547316434929853	0.4275424331251103	0.47988910870244145	0.4325199763940323	0.38702511248010485	0.3986735726064422	0.655814047751012	0.6674234099165268	0.6019541752076949	0.6595228698747853	0.7453462148833822	0.7066583274260403	0.5336211620720553	0.479457345252165	0.4970204075436018	0.49527720160027455	0.771906853077488	0.7367657386933464	0.774100868766007	0.8032669889785988	0.7992358085514095
T10_432_DAM_B_C_2	0.7719309497850643	0.8503310307559626	0.8394717736490162	0.4098806936759628	0.4444756945053113	0.0	0.477773220157491	0.4199129765167238	0.39960018017940563	0.3824478500712118	0.36782368294479983	0.39557170403583003	0.41705640873095046	0.4397837401885725	0.4774906663917832	0.6670981560762957	0.6837134120007002	0.6091889880228444	0.6551201184074736	0.7589929387045539	0.7288964383747432	0.5476431076712808	0.5040679029157631	0.5135799676799381	0.4832819478921164	0.7869370802669083	0.751903326802137	0.7871415668316892	0.8170680738784311	0.8136392737056383
T10_432_DAM_B_D_2	0.7734191262470439	0.8483487849251303	0.8350047850848626	0.4338084759481849	0.4229379191643779	0.477773220157491	0.0	0.340253036147414	0.4109511481529362	0.41939683552834284	0.4611210419499832	0.5113112978491854	0.4257124876895191	0.3632625470941964	0.44771447022958594	0.6657099792388922	0.6664209106927538	0.6128048502221949	0.6561429561042061	0.758308709148818	0.7245441138057261	0.5485266323761718	0.5097475468706694	0.46847026576653206	0.47321634037367755	0.7880883320749822	0.7473260484839173	0.7871029244456714	0.8087178679724916	0.8077900742843457
T10_432_DAM_B_E_2	0.7605133181891589	0.8409159564997637	0.82752486307071	0.39200395122695425	0.37381615758332326	0.4199129765167238	0.340253036147414	0.0	0.39497196343831653	0.3822050639131356	0.4442012065081156	0.48347695641733374	0.37384080641000683	0.33712245281727976	0.393317658972188	0.6465533829594352	0.6486915693226218	0.596243720972505	0.6549687590758397	0.7423204157770644	0.7034519353363862	0.5341509531901895	0.47264501062229675	0.46596434991180485	0.44519917798644604	0.7716591163571701	0.73206440399239	0.7705886682597112	0.8027235912988027	0.7969094774571552
T10_432_DAM_B_F_2	0.7752453173638685	0.849309394239024	0.8372627758626712	0.35761680049107425	0.44837004279951737	0.39960018017940563	0.4109511481529362	0.39497196343831653	0.0	0.4300970934422593	0.4125200421521442	0.4747091322729805	0.3749182633836909	0.37668942435944913	0.4450497390168545	0.6820845684704854	0.6739738110742871	0.6111772050774942	0.6623589410337284	0.7717719406321579	0.7403630974794988	0.5379296392152847	0.44205785476328197	0.46199635845711284	0.43168644404884676	0.7956746543621797	0.7461587548300012	0.786421621721648	0.8196656784240157	0.8114596718110348
T10_432_DAM_B_G_2	0.8055496624287715	0.8808229850273941	0.8669974025098707	0.34500358474266596	0.40547316434929853	0.3824478500712118	0.41939683552834284	0.3822050639131356	0.4300970934422593	0.0	0.3034922084465181	0.4301252418472227	0.43962045503269054	0.3620416823758889	0.3904512422402827	0.7326146529234807	0.7353458956941006	0.6687204137610749	0.7181339788268033	0.8052310986345461	0.7776378796296379	0.5437085441471217	0.46399025249054965	0.46495711637312354	0.5149823079814793	0.8198451728769296	0.7974823717635321	0.827522837837883	0.8531383646965317	0.8526554763474506
T10_432_DAM_B_H_2	0.7669425925638534	0.8582838484673707	0.8421673343456495	0.357109603066179	0.4275424331251103	0.36782368294479983	0.4611210419499832	0.4442012065081156	0.4125200421521442	0.3034922084465181	0.0	0.4106230521157609	0.47867985113095957	0.38989406573788576	0.3979768131691621	0.6819239116504744	0.7048114031022572	0.6228553483157495	0.6682138528945197	0.7714551333284027	0.7417399587567105	0.5192860649408055	0.4669929748293909	0.47497220256070477	0.47221445616157987	0.7857466478375377	0.7581662362110597	0.7940578639742794	0.8219021998296941	0.8246829105761423
T10_432_DAM_B_I_2	0.7926621998579195	0.8672529059328569	0.8506147702885275	0.48346298214892164	0.47988910870244145	0.39557170403583003	0.5113112978491854	0.48347695641733374	0.4747091322729805	0.4301252418472227	0.4106230521157609	0.0	0.43436435266905904	0.45630369071055144	0.4966769346338508	0.7011841383875261	0.7121434100866697	0.6311093121827794	0.7027949410658445	0.7679762799422039	0.7332307745506534	0.4132726106440224	0.48189301032548876	0.47719028275259273	0.5167227986822406	0.8095754449258271	0.7655644662038025	0.8086617914623602	0.8292471994889177	0.8269241087344456
T10_432_DAM_B_K_2	0.773231916451418	0.8490531204162634	0.8335034494156878	0.4303659057215843	0.4325199763940323	0.41705640873095046	0.4257124876895191	0.37384080641000683	0.3749182633836909	0.43962045503269054	0.47867985113095957	0.43436435266905904	0.0	0.4249144278481721	0.45946766231162217	0.6608429434933774	0.6671868334034898	0.6030862893134237	0.6639272406489921	0.7532303794938702	0.7263544658686407	0.5244148991443431	0.50935155095951	0.49434798507095445	0.48196991604417405	0.7845441590469857	0.7437292657845749	0.7771056203098041	0.810792825221226	0.801459612203158
T10_432_DAM_B_L_2	0.7827974402534711	0.8515196412161978	0.8392998709543499	0.3388097576647947	0.38702511248010485	0.4397837401885725	0.3632625470941964	0.33712245281727976	0.37668942435944913	0.3620416823758889	0.38989406573788576	0.45630369071055144	0.4249144278481721	0.0	0.43361203981245716	0.6841666169956275	0.696434132932129	0.6226078848716908	0.6720239483621682	0.7704143208530994	0.7414304002170786	0.5180441235578074	0.43479081846634277	0.43949613290259804	0.465954969296685	0.7954826691007644	0.75693522428771	0.7957308986514955	0.8200244790411523	0.8163867455534097
T10_432_DAM_BJ_2	0.7572639557706987	0.8442221961311028	0.8343199101994055	0.4135509961193736	0.3986735726064422	0.4774906663917832	0.44771447022958594	0.393317658972188	0.4450497390168545	0.3904512422402827	0.3979768131691621	0.4966769346338508	0.45946766231162217	0.43361203981245716	0.0	0.6627011623475579	0.6722305438447522	0.6145667061647575	0.6616361845614523	0.7566037279440494	0.7276013082911504	0.5283641229157624	0.4791945568603528	0.4969420122716933	0.49469888632835723	0.7699743245945422	0.7369840569271054	0.7746492544658682	0.8067588466781976	0.8031704286498755
T10_432_DAM_W_A_C_2	0.4101069787772647	0.6106487569406112	0.583051895855084	0.7072577747373893	0.655814047751012	0.6670981560762957	0.6657099792388922	0.6465533829594352	0.6820845684704854	0.7326146529234807	0.6819239116504744	0.7011841383875261	0.6608429434933774	0.6841666169956275	0.6627011623475579	0.0	0.313807861575161	0.3515059298570527	0.33331241172385384	0.4138849750637769	0.4170363583045794	0.7108427788719227	0.6800766982019838	0.6995634238608779	0.6536184431548386	0.43117001194563764	0.39717669656612564	0.45810004922723885	0.5046991353235696	0.5032993693052795
T10_432_DAM_W_D_F_2	0.44073891913183993	0.6140406416228282	0.5943716910942443	0.6989439102568464	0.6674234099165268	0.6837134120007002	0.6664209106927538	0.6486915693226218	0.6739738110742871	0.7353458956941006	0.7048114031022572	0.7121434100866697	0.6671868334034898	0.696434132932129	0.6722305438447522	0.313807861575161	0.0	0.3541306301634719	0.35921204034093207	0.4434202040793576	0.4545708106820287	0.7228594394724203	0.6747432854385574	0.6931330558211933	0.6742160800683156	0.459670650348782	0.44539839799383674	0.4608681427287786	0.5223018076398885	0.49922414837307855
T10_432_DAM_W_G_I_2	0.5226278665836069	0.6864245122539505	0.6651245502189579	0.6392306239142872	0.6019541752076949	0.6091889880228444	0.6128048502221949	0.596243720972505	0.6111772050774942	0.6687204137610749	0.6228553483157495	0.6311093121827794	0.6030862893134237	0.6226078848716908	0.6145667061647575	0.3515059298570527	0.3541306301634719	0.0	0.3481901282025185	0.4906956751938427	0.4547803601049552	0.6595794737803349	0.6134640654075822	0.6290800074698586	0.6223569733870122	0.5512026813806914	0.4673237185872686	0.5487773093869878	0.6012726270183871	0.5882268339609441
T10_432_DAM_W_J_L_2	0.4653214110855128	0.6408025924710288	0.6219466523991943	0.6833961699841928	0.6595228698747853	0.6551201184074736	0.6561429561042061	0.6549687590758397	0.6623589410337284	0.7181339788268033	0.6682138528945197	0.7027949410658445	0.6639272406489921	0.6720239483621682	0.6616361845614523	0.33331241172385384	0.35921204034093207	0.3481901282025185	0.0	0.4727693248337277	0.4640737557297655	0.7104785792660594	0.6646398124943843	0.6719400994807255	0.653252033604735	0.4831835266562154	0.45063807288105673	0.5013568391589871	0.552699310677671	0.5372015599049623
T10_W_A_C_2	0.35748154671737076	0.520356200787424	0.4963613225327908	0.7833364713248376	0.7453462148833822	0.7589929387045539	0.758308709148818	0.7423204157770644	0.7717719406321579	0.8052310986345461	0.7714551333284027	0.7679762799422039	0.7532303794938702	0.7704143208530994	0.7566037279440494	0.4138849750637769	0.4434202040793576	0.4906956751938427	0.4727693248337277	0.0	0.2957841253326727	0.7673849361101527	0.7557809784077157	0.7642775454381975	0.7264180798591648	0.36427058376132876	0.37571591678941	0.3998883165421443	0.37158823150386344	0.3794067377744108
T10_W_D_E_2	0.4360470765200733	0.5813134025656552	0.5539048812548617	0.7639686744130988	0.7066583274260403	0.7288964383747432	0.7245441138057261	0.7034519353363862	0.7403630974794988	0.7776378796296379	0.7417399587567105	0.7332307745506534	0.7263544658686407	0.7414304002170786	0.7276013082911504	0.4170363583045794	0.4545708106820287	0.4547803601049552	0.4640737557297655	0.2957841253326727	0.0	0.7319299573938488	0.7211095762085464	0.7356639077078433	0.7046470873725371	0.4359706589356669	0.411675700167132	0.4541801224048347	0.4506869938004794	0.4585173890183722
T5_432_DAM_B_H_2	0.7921575568266392	0.8549458126520387	0.8428876395109464	0.5197800196480573	0.5336211620720553	0.5476431076712808	0.5485266323761718	0.5341509531901895	0.5379296392152847	0.5437085441471217	0.5192860649408055	0.4132726106440224	0.5244148991443431	0.5180441235578074	0.5283641229157624	0.7108427788719227	0.7228594394724203	0.6595794737803349	0.7104785792660594	0.7673849361101527	0.7319299573938488	0.0	0.4998353924195152	0.5373741401844043	0.5674834367239541	0.8053461908012091	0.7618468249531082	0.809126885974777	0.8186149923830607	0.8163523740772505
T5_432_DAM_B_I_2	0.7653395436806618	0.8404925584161608	0.8317286746300409	0.4097382574082687	0.479457345252165	0.5040679029157631	0.5097475468706694	0.47264501062229675	0.44205785476328197	0.46399025249054965	0.4669929748293909	0.48189301032548876	0.50935155095951	0.43479081846634277	0.4791945568603528	0.6800766982019838	0.6747432854385574	0.6134640654075822	0.6646398124943843	0.7557809784077157	0.7211095762085464	0.4998353924195152	0.0	0.38461448720957603	0.5029535099820092	0.787447148889252	0.7172117710508681	0.7787429579375965	0.8048350482607012	0.7977377788263958
T5_432_DAM_B_J_2	0.7831113401131582	0.8470349569244899	0.8370470293437805	0.4483675219907344	0.4970204075436018	0.5135799676799381	0.46847026576653206	0.46596434991180485	0.46199635845711284	0.46495711637312354	0.47497220256070477	0.47719028275259273	0.49434798507095445	0.43949613290259804	0.4969420122716933	0.6995634238608779	0.6931330558211933	0.6290800074698586	0.6719400994807255	0.7642775454381975	0.7356639077078433	0.5373741401844043	0.38461448720957603	0.0	0.4688830360898908	0.8006469512310861	0.748343255463563	0.7916905085137325	0.818502643169895	0.8088756858275339
T5_432_DAM_B_L_2	0.7405389954842225	0.8179155804646843	0.8002272203154323	0.4550284250441087	0.49527720160027455	0.4832819478921164	0.47321634037367755	0.44519917798644604	0.43168644404884676	0.5149823079814793	0.47221445616157987	0.5167227986822406	0.48196991604417405	0.465954969296685	0.49469888632835723	0.6536184431548386	0.6742160800683156	0.6223569733870122	0.653252033604735	0.7264180798591648	0.7046470873725371	0.5674834367239541	0.5029535099820092	0.4688830360898908	0.0	0.7566837877007517	0.712624777940415	0.7574797744092043	0.7848989436454196	0.78437044793052
T5_432_DAM_W_D_F_2	0.24672981353406823	0.4021210609491945	0.36759689544785834	0.8090358665638779	0.771906853077488	0.7869370802669083	0.7880883320749822	0.7716591163571701	0.7956746543621797	0.8198451728769296	0.7857466478375377	0.8095754449258271	0.7845441590469857	0.7954826691007644	0.7699743245945422	0.43117001194563764	0.459670650348782	0.5512026813806914	0.4831835266562154	0.36427058376132876	0.4359706589356669	0.8053461908012091	0.787447148889252	0.8006469512310861	0.7566837877007517	0.0	0.32921102606749436	0.27978054657971235	0.2990088029383637	0.3195242694466846
T5_432_DAM_W_G_I_2	0.3042207071046053	0.5004619041606362	0.47391323666653906	0.7670465746138614	0.7367657386933464	0.751903326802137	0.7473260484839173	0.73206440399239	0.7461587548300012	0.7974823717635321	0.7581662362110597	0.7655644662038025	0.7437292657845749	0.75693522428771	0.7369840569271054	0.39717669656612564	0.44539839799383674	0.4673237185872686	0.45063807288105673	0.37571591678941	0.411675700167132	0.7618468249531082	0.7172117710508681	0.748343255463563	0.712624777940415	0.32921102606749436	0.0	0.3465003687325482	0.3899567675525825	0.3934641900205679
T5_432_DAM_W_J_L_2	0.3007313798297248	0.39413912109677945	0.3780244210666277	0.802469256382561	0.774100868766007	0.7871415668316892	0.7871029244456714	0.7705886682597112	0.786421621721648	0.827522837837883	0.7940578639742794	0.8086617914623602	0.7771056203098041	0.7957308986514955	0.7746492544658682	0.45810004922723885	0.4608681427287786	0.5487773093869878	0.5013568391589871	0.3998883165421443	0.4541801224048347	0.809126885974777	0.7787429579375965	0.7916905085137325	0.7574797744092043	0.27978054657971235	0.3465003687325482	0.0	0.31546436061487115	0.33149006308539436
T5_W_A_C_2	0.33590862369735236	0.3580278958250679	0.34356062448872	0.8279288966939238	0.8032669889785988	0.8170680738784311	0.8087178679724916	0.8027235912988027	0.8196656784240157	0.8531383646965317	0.8219021998296941	0.8292471994889177	0.810792825221226	0.8200244790411523	0.8067588466781976	0.5046991353235696	0.5223018076398885	0.6012726270183871	0.552699310677671	0.37158823150386344	0.4506869938004794	0.8186149923830607	0.8048350482607012	0.818502643169895	0.7848989436454196	0.2990088029383637	0.3899567675525825	0.31546436061487115	0.0	0.2598906459472543
T5_W_D_E_2	0.3441624791109398	0.3968023747212529	0.3896749615601905	0.8224886237478911	0.7992358085514095	0.8136392737056383	0.8077900742843457	0.7969094774571552	0.8114596718110348	0.8526554763474506	0.8246829105761423	0.8269241087344456	0.801459612203158	0.8163867455534097	0.8031704286498755	0.5032993693052795	0.49922414837307855	0.5882268339609441	0.5372015599049623	0.3794067377744108	0.4585173890183722	0.8163523740772505	0.7977377788263958	0.8088756858275339	0.78437044793052	0.3195242694466846	0.3934641900205679	0.33149006308539436	0.2598906459472543	0.0
