feature_id	Taxon	Confidence
5ee0f0154d58f6fcfbd58d549784cc07	k__Bacteria; p__Proteobacteria; c__Deltaproteobacteria; o__Myxococcales; f__; g__; s__	1.0
f9ebdc71984dbf000e3d47c5f354b6e3	k__Bacteria; p__Bacteroidetes; c__Sphingobacteriia; o__Sphingobacteriales; f__; g__; s__	1.0
3788c45adc03685a5b4cef40b6f7106c	k__Bacteria; p__Proteobacteria; c__Betaproteobacteria; o__; f__; g__; s__	0.8
7c839c95f1fbba6a64ae5e3fc8d6274b	k__Archaea; p__[Parvarchaeota]; c__[Parvarchaea]; o__WCHD3-30; f__; g__; s__	1.0
36833a28c2941be3a4a6a6d27d44557a	k__Bacteria; p__Bacteroidetes; c__Flavobacteriia; o__Flavobacteriales; f__Flavobacteriaceae; g__Flavobacterium; s__	1.0
e593e0d670239990132f5fa362397b4e	k__Bacteria; p__Proteobacteria; c__Deltaproteobacteria; o__Syntrophobacterales; f__Syntrophorhabdaceae; g__; s__	0.6
b6f978947cc16f72f2b20f21599f43f1	k__Bacteria; p__Bacteroidetes; c__[Saprospirae]; o__[Saprospirales]	0.6
ad01bc8b8bbbdcf605a8493be9249b6f	k__Bacteria; p__Proteobacteria; c__Gammaproteobacteria; o__Xanthomonadales; f__Sinobacteraceae; g__; s__	1.0
f158a74958208da9bb2c1557ef56d8f4	k__Bacteria; p__Proteobacteria; c__Alphaproteobacteria; o__BD7-3; f__; g__; s__	0.7
4a1257a224db6e0a9308812c77040706	k__Bacteria; p__Proteobacteria; c__Deltaproteobacteria; o__Spirobacillales; f__; g__; s__	1.0
4a91d5904daa77524d7bf92478164a93	k__Archaea; p__[Parvarchaeota]; c__[Parvarchaea]; o__YLA114; f__; g__; s__	1.0
9bc32916b995bee47a09ecaacb19f30e	k__Bacteria; p__Planctomycetes; c__Planctomycetia; o__Planctomycetales; f__Planctomycetaceae; g__Planctomyces; s__	1.0
f99daf95e7103fe57b2de18678b4607d	k__Bacteria; p__Proteobacteria; c__Gammaproteobacteria; o__Pseudomonadales; f__Pseudomonadaceae; g__Pseudomonas; s__	1.0
20e70a7fddf1e34cb55b0f423cddf273	k__Bacteria; p__Proteobacteria; c__Deltaproteobacteria; o__Desulfobacterales; f__Desulfobulbaceae; g__; s__	0.8
94232090bac3a76da89ebcaa1422e431	k__Bacteria; p__Spirochaetes; c__Spirochaetes; o__Spirochaetales; f__Spirochaetaceae; g__Spirochaeta; s__aurantia	0.8
06f88253f18fdfc98992c919936ff62f	k__Bacteria; p__Proteobacteria; c__Alphaproteobacteria; o__BD7-3; f__; g__; s__	1.0
1462687fd49112e5d26e2a8e80911f46	k__Bacteria; p__Planctomycetes; c__Planctomycetia; o__Pirellulales; f__Pirellulaceae; g__; s__	1.0
1ffa80cf0ee1d5b13e74b792196175b1	k__Bacteria; p__Gemmatimonadetes; c__Gemmatimonadetes; o__Gemmatimonadales; f__Gemmatimonadaceae; g__Gemmatimonas; s__	1.0
0470691c07a9eb3523c802bd4236a8c8	k__Bacteria; p__Chlamydiae; c__Chlamydiia; o__Chlamydiales	1.0
6e773f5bf8358af5514b67d3843b0a2d	k__Bacteria; p__Verrucomicrobia; c__[Pedosphaerae]; o__Arctic97B-4; f__; g__; s__	0.6
15c5724a8a651704aa25c128f1a9cd4a	k__Bacteria; p__Chlamydiae; c__Chlamydiia; o__Chlamydiales; f__Rhabdochlamydiaceae; g__Candidatus Rhabdochlamydia; s__	0.7
5e110d7bf779af456890a32ea6e9c3bf	k__Bacteria; p__Firmicutes; c__Clostridia; o__Clostridiales; f__Lachnospiraceae; g__Coprococcus; s__	0.6
1650b109abaf0d1e46a1be489230ede4	k__Bacteria; p__Proteobacteria; c__Alphaproteobacteria; o__Rickettsiales; f__; g__; s__	1.0
44d8dc59278959c8866b3bfff4fb56db	Unassigned	0.0
d26ffd4834dfdc976f61945277c009d5	k__Bacteria; p__Proteobacteria; c__Gammaproteobacteria; o__Pseudomonadales; f__Moraxellaceae; g__Perlucidibaca; s__	1.0
1d1fc178dc47ce46a85d80372d3829e4	k__Bacteria; p__Planctomycetes; c__Planctomycetia; o__Pirellulales; f__Pirellulaceae; g__; s__	1.0
b1a32fccdb5782eabaf96d4e9ca1f35d	k__Bacteria; p__Proteobacteria; c__Betaproteobacteria; o__Methylophilales; f__Methylophilaceae; g__; s__	0.9
df9bf9236503928e95f930ac7530f9f5	k__Bacteria; p__Cyanobacteria; c__Synechococcophycideae; o__Synechococcales; f__Synechococcaceae	0.7
529ca18ebf27d27378355dcfd223445b	k__Bacteria; p__Tenericutes; c__Mollicutes; o__Entomoplasmatales; f__; g__; s__	0.7
f7e720c4e1fc24f26cb6b13e9771ffea	k__Bacteria; p__Proteobacteria; c__Alphaproteobacteria; o__Rhodospirillales; f__Rhodospirillaceae; g__Magnetospirillum; s__	1.0
000cc3e469033cf5fd110620a286199a	Unassigned	0.0
3a39bdba8cbc08cbc8009cc1c65823e4	k__Bacteria; p__Proteobacteria; c__Alphaproteobacteria	0.6
02dd0abca57c0e025f971beda5f700c1	k__Bacteria; p__Spirochaetes; c__MVP-15; o__PL-11B10; f__; g__; s__	1.0
b2b424615377cddbd76af398a7fba0f9	k__Bacteria; p__Bacteroidetes; c__[Saprospirae]; o__[Saprospirales]; f__Saprospiraceae; g__; s__	1.0
92258e8e4c968bc6d9f4d81e4414462a	k__Bacteria; p__Proteobacteria; c__Betaproteobacteria; o__Burkholderiales; f__Comamonadaceae; g__Azohydromonas; s__	0.6
30df6353c4aca2eed59a45aff5b8675c	k__Bacteria; p__Bacteroidetes; c__[Saprospirae]; o__[Saprospirales]; f__Chitinophagaceae; g__; s__	1.0
601ef8bf647f00e4c854b62c21371e4d	k__Bacteria; p__Proteobacteria; c__Alphaproteobacteria; o__Rickettsiales; f__mitochondria	1.0
c94a2e2e56984eaadbeda9d5e41be712	k__Bacteria; p__Proteobacteria; c__Alphaproteobacteria; o__Rhizobiales; f__Methylocystaceae; g__Methylosinus; s__	1.0
b8b363e12d7988c46ad9c1f19f151a66	k__Bacteria; p__Bacteroidetes; c__Bacteroidia; o__Bacteroidales; f__; g__; s__	1.0
4057a198879033db1099c0288c14a3e1	k__Bacteria; p__Proteobacteria; c__Alphaproteobacteria; o__Rhizobiales; f__Hyphomicrobiaceae; g__; s__	0.6
1b9d0c33b7049e1efe376b019d080154	k__Bacteria; p__Verrucomicrobia; c__Verrucomicrobiae; o__Verrucomicrobiales; f__Verrucomicrobiaceae; g__; s__	1.0
a0370cc1fede634cc58e9f2ae052b2f9	k__Bacteria; p__TM6	0.7
1e69de3e09622d62ecaa11814057cb24	k__Bacteria; p__Actinobacteria; c__Actinobacteria; o__Actinomycetales; f__ACK-M1; g__; s__	0.9
e035275d8bf70109b61edf70b61337e5	k__Bacteria; p__Proteobacteria	1.0
e83c70218c21be584dc6799d8d8b2fe5	k__Bacteria; p__Proteobacteria	1.0
5c18d76640a1fc3d38558a75c68f5613	k__Bacteria; p__Proteobacteria; c__Alphaproteobacteria; o__Rickettsiales; f__; g__; s__	1.0
bfe48fd3c0520f28e981e787a9c33d92	k__Bacteria; p__Proteobacteria; c__Gammaproteobacteria; o__Aeromonadales; f__Aeromonadaceae; g__; s__	0.8
3f2ffbeb3b6cdfeb497c7628f61b48ff	k__Bacteria; p__Proteobacteria; c__Gammaproteobacteria; o__Enterobacteriales; f__Enterobacteriaceae	1.0
e9db018fe30bc4526abdf41360423580	k__Bacteria; p__Proteobacteria; c__Deltaproteobacteria; o__Bdellovibrionales; f__Bacteriovoracaceae; g__; s__	0.8
0cff16ee12a6f2e4e7910e62f8414148	k__Bacteria; p__Verrucomicrobia; c__[Spartobacteria]; o__[Chthoniobacterales]; f__[Chthoniobacteraceae]; g__; s__	1.0
5f0e4059f182fe2181f41b796406b2c7	k__Bacteria; p__Actinobacteria; c__Actinobacteria; o__Actinomycetales; f__ACK-M1; g__; s__	1.0
ffc80d52c293060d0e3db97f85d04d43	k__Bacteria; p__Proteobacteria; c__Gammaproteobacteria; o__Legionellales; f__Coxiellaceae; g__; s__	0.7
40bc93f22727c24d37702022f60ed93c	k__Bacteria; p__Cyanobacteria; c__Synechococcophycideae; o__Pseudanabaenales; f__Pseudanabaenaceae; g__Pseudanabaena; s__	1.0
5db288750e6105e67286172b124d3e8e	k__Bacteria; p__NC10; c__12-24; o__JH-WHS47; f__; g__; s__	0.8
740112a430a4c53bc70a6ac9e1e5d5aa	k__Bacteria; p__Proteobacteria; c__Alphaproteobacteria; o__Rhodobacterales; f__Hyphomonadaceae; g__; s__	1.0
037b8291624e0d9d46ded0518ec86319	Unassigned	0.0
e4751fb1fe45520c1afe6bbb6319b2dc	k__Bacteria; p__Proteobacteria; c__Gammaproteobacteria; o__Xanthomonadales; f__Sinobacteraceae; g__; s__	1.0
6378037531fc00d1ee8ec840ac9e9915	k__Bacteria; p__GN02; c__BD1-5; o__; f__; g__; s__	0.7
aaae73cd7cfa16c04533926eb437218b	k__Bacteria; p__Proteobacteria; c__Gammaproteobacteria; o__Legionellales; f__Coxiellaceae; g__; s__	1.0
b7831d961788685270c45e308e6a224b	k__Bacteria; p__Actinobacteria; c__Actinobacteria; o__Actinomycetales; f__ACK-M1; g__; s__	1.0
d2a726aa74c695955f5f7a7e904b7496	k__Bacteria; p__Proteobacteria; c__Betaproteobacteria; o__Neisseriales; f__Neisseriaceae	0.9
59fde432490149acb18c6c9a71ac0d12	k__Bacteria; p__Proteobacteria; c__Alphaproteobacteria; o__Sphingomonadales; f__Sphingomonadaceae; g__; s__	0.8
15445c15d808853c21aeb4a83b045d68	k__Bacteria; p__OP3; c__BD4-9; o__; f__; g__; s__	1.0
7972e2ff2ad60c53cb4f6e413a03f24c	k__Bacteria; p__Proteobacteria; c__Betaproteobacteria; o__MND1; f__; g__; s__	1.0
c350627fc81b907d9b64dfd31209998d	k__Bacteria; p__Proteobacteria; c__Betaproteobacteria; o__Burkholderiales; f__Comamonadaceae	1.0
e907b65c7616435897df822c8d9fe6fc	k__Bacteria; p__Bacteroidetes; c__Sphingobacteriia; o__Sphingobacteriales; f__; g__; s__	0.9
fb4c8ed5b77c54c3e0a6e934f944286c	k__Bacteria; p__OD1; c__ABY1; o__; f__; g__; s__	1.0
bed4aa0cf9cf66ab4e8614e7b50555de	k__Bacteria; p__Proteobacteria; c__Alphaproteobacteria; o__Rhodobacterales; f__Rhodobacteraceae; g__Rhodobacter; s__	1.0
f75ccd6b7461e50ee0e554eea19eebca	k__Bacteria; p__Proteobacteria; c__TA18; o__PHOS-HD29; f__; g__; s__	1.0
1a28e7664966cfec6952419a4c71f87f	k__Bacteria; p__Proteobacteria; c__Gammaproteobacteria; o__Enterobacteriales; f__Enterobacteriaceae	0.5454545454545454
8689fff061785969562bcaab3d9af12b	k__Bacteria; p__Proteobacteria; c__Alphaproteobacteria; o__Sphingomonadales; f__Sphingomonadaceae; g__Sphingomonas; s__wittichii	0.8
0002972e9dc60383a27c51505b4ca6f3	k__Bacteria; p__Proteobacteria; c__Deltaproteobacteria; o__MIZ46; f__; g__; s__	1.0
5538b9b96985ff5291fb76e4aecbab98	k__Bacteria; p__Bacteroidetes; c__Sphingobacteriia; o__Sphingobacteriales; f__; g__; s__	1.0
c0d092a850a6639d82e45dcbcc4a8836	k__Bacteria; p__Proteobacteria; c__Betaproteobacteria; o__Burkholderiales; f__Comamonadaceae	0.8
b04f1172e0851c93f749b12e3b2a3cf6	k__Bacteria; p__Proteobacteria; c__Alphaproteobacteria; o__; f__; g__; s__	1.0
f73798e004ffd0f8262dc90ddadea5c4	k__Bacteria; p__Proteobacteria; c__Alphaproteobacteria; o__Sphingomonadales; f__Sphingomonadaceae; g__; s__	0.9
76f5a7a996f715ce845faa258ac0750f	Unassigned	0.0
92e9992157b2818c09a4d4c0ccc0598b	k__Bacteria; p__Bacteroidetes; c__[Saprospirae]; o__[Saprospirales]; f__Saprospiraceae; g__; s__	1.0
12f8cc9cf359b0ffab672783eae67cf6	k__Bacteria; p__Chlorobi; c__OPB56; o__; f__; g__; s__	0.9
46117b74cd1e05bcec3f51f1f6cbd56a	k__Bacteria; p__Bacteroidetes; c__Cytophagia; o__Cytophagales; f__Cytophagaceae; g__Flectobacillus; s__	1.0
88e6820a88a4cc4f18d3b62c43d4f97a	k__Bacteria; p__Proteobacteria; c__Betaproteobacteria; o__Rhodocyclales; f__Rhodocyclaceae; g__Dechloromonas; s__	1.0
1eba88e7b691807b421548f6c9cf8ec5	k__Bacteria; p__Proteobacteria; c__Alphaproteobacteria; o__Caulobacterales; f__Caulobacteraceae; g__Asticcacaulis; s__biprosthecium	1.0
c360afbf0ec404d26df9e4ad861479fb	k__Bacteria; p__Bacteroidetes; c__Cytophagia; o__Cytophagales; f__Cytophagaceae	0.6
98d695c6d6ff1e03ba2ae514753ae187	k__Bacteria; p__Proteobacteria; c__Deltaproteobacteria; o__Bdellovibrionales; f__Bdellovibrionaceae; g__Bdellovibrio; s__	0.7
e6f099bf082f2cd009356e11992143b6	k__Bacteria; p__Verrucomicrobia; c__[Pedosphaerae]; o__[Pedosphaerales]; f__auto67_4W; g__; s__	0.9
98b5d3698a45819da75f7745d7b6977d	k__Bacteria; p__Planctomycetes; c__Planctomycetia; o__Pirellulales; f__Pirellulaceae; g__; s__	0.6
e4e9e6745de9d33743504646505c5bcb	k__Bacteria; p__Proteobacteria; c__Alphaproteobacteria; o__Rhizobiales; f__Hyphomicrobiaceae; g__Hyphomicrobium; s__	0.9
578e69fbf7c3ec5e01d778fe25808a60	k__Bacteria; p__Actinobacteria; c__Acidimicrobiia; o__Acidimicrobiales; f__C111; g__; s__	1.0
b62fe2c05d79ec4387c9abe88163f0c3	k__Bacteria; p__Proteobacteria; c__Alphaproteobacteria; o__Rhodospirillales; f__Rhodospirillaceae; g__; s__	0.8
32f0d9e2c773e1bce80666f16c0ad100	k__Bacteria; p__Proteobacteria; c__Alphaproteobacteria; o__Rhodospirillales; f__Acetobacteraceae; g__; s__	0.9
2192bf88df391aa2bb3a9229ff6f546f	k__Bacteria; p__Proteobacteria; c__Betaproteobacteria; o__Burkholderiales	1.0
898265ffd825e09824b79cdba8823c0f	k__Bacteria; p__Proteobacteria; c__Gammaproteobacteria; o__Legionellales; f__Coxiellaceae; g__; s__	1.0
2f6177b90db1635ddda8781958fb0a3f	k__Bacteria; p__Planctomycetes; c__Phycisphaerae; o__WD2101; f__; g__; s__	1.0
c55931c845c4d98c8d1c538047650b4f	k__Bacteria; p__Proteobacteria; c__Gammaproteobacteria; o__Xanthomonadales; f__Xanthomonadaceae; g__Aquimonas; s__	0.6
3d8056df395c24ed2d4ad2b73c33ad35	k__Bacteria; p__Firmicutes; c__Clostridia; o__Clostridiales; f__Clostridiaceae; g__Clostridium; s__perfringens	0.6
5a405047aaa654e53f3053860b436c7f	k__Bacteria; p__Bacteroidetes; c__Sphingobacteriia; o__Sphingobacteriales; f__; g__; s__	0.9
da38cb4fe3ed52f1b2c957f04e0c378d	k__Bacteria; p__Actinobacteria; c__Actinobacteria; o__Actinomycetales; f__Micromonosporaceae; g__Actinoplanes; s__	1.0
311ba6c2b9f47d87f9abb42790861575	k__Bacteria; p__Proteobacteria; c__Alphaproteobacteria; o__; f__; g__; s__	1.0
d004b1df80fe2c5998572c09b926c2de	k__Bacteria; p__Proteobacteria; c__Deltaproteobacteria; o__Spirobacillales; f__; g__; s__	1.0
3122b6f716cadfad9959bd8c3974f9bf	k__Bacteria; p__Proteobacteria; c__Alphaproteobacteria; o__Rhodospirillales; f__Rhodospirillaceae; g__Magnetospirillum; s__	1.0
dd061de5e516dedb3423465170028fad	k__Bacteria; p__Proteobacteria	0.8
75a264183f1496cb5de4a4f5cfc25b36	k__Bacteria; p__Planctomycetes; c__Planctomycetia; o__Pirellulales; f__Pirellulaceae; g__; s__	1.0
b0f03199af95d926557321e77a69b9a7	Unassigned	0.0
47d9232a740baefb8713126724e6634e	k__Bacteria; p__Proteobacteria; c__Alphaproteobacteria; o__Rickettsiales; f__Rickettsiaceae; g__; s__	0.6
d0d04d814e56a747abfb6670d266a6e1	k__Bacteria; p__Proteobacteria; c__Alphaproteobacteria; o__Rhodobacterales	0.8
6d3d96fc3278a0937a7e1ca7d628ca2d	k__Bacteria; p__Proteobacteria; c__Gammaproteobacteria; o__Enterobacteriales; f__Enterobacteriaceae	1.0
4ce8500aed9edda4bc0296b6ae0ff775	k__Bacteria; p__Bacteroidetes; c__Bacteroidia; o__Bacteroidales; f__; g__; s__	0.7
6cf92be7e92aaf2ea081a037f6dbc960	k__Bacteria; p__Proteobacteria; c__Gammaproteobacteria; o__Legionellales; f__Coxiellaceae; g__; s__	0.9
9711c132e468dc7a6c19ac3bb2fa5c6f	k__Bacteria; p__Proteobacteria; c__TA18; o__CV90; f__; g__; s__	1.0
9e6a1f291d1bb04ea6de3a6d5efdece6	k__Bacteria; p__Verrucomicrobia; c__Verrucomicrobiae; o__Verrucomicrobiales; f__Verrucomicrobiaceae; g__Prosthecobacter; s__	0.9
bdbc83f2947706dcbd4b4eb377c1b7bf	k__Bacteria; p__Bacteroidetes; c__Bacteroidia; o__Bacteroidales; f__; g__; s__	0.8
f2567e6886daf25ea09413b09b399208	k__Bacteria; p__Proteobacteria; c__Alphaproteobacteria; o__; f__; g__; s__	0.8
72c45a7a87cbb0ae5ec286ab015d925e	k__Bacteria; p__Proteobacteria; c__Betaproteobacteria; o__; f__; g__; s__	1.0
7ead65e739fa93035e439f47f2cdb230	k__Bacteria; p__Proteobacteria; c__Alphaproteobacteria; o__Rickettsiales	0.6
f8c6acd7a95c24f419033a47c9b347c5	k__Bacteria; p__Proteobacteria; c__Gammaproteobacteria; o__Xanthomonadales; f__Sinobacteraceae; g__; s__	1.0
adb6313413bce54b8ddc5613cf03819d	k__Bacteria; p__Actinobacteria; c__Acidimicrobiia; o__Acidimicrobiales; f__; g__; s__	1.0
3bffd01a7101a917e6a683c04d8424a2	k__Bacteria; p__Proteobacteria; c__Deltaproteobacteria	0.6666666666666666
fa231f68a9d37b6bb4be29182e664bf1	k__Bacteria; p__GN02; c__BD1-5; o__; f__; g__; s__	0.6666666666666666
ca10047592535386e4ac4ad1ef99c744	k__Bacteria; p__Proteobacteria; c__Alphaproteobacteria; o__Rhodospirillales; f__Acetobacteraceae; g__; s__	0.9
312a9978d4d99db511f4af86a54ccd63	k__Bacteria; p__Proteobacteria; c__Alphaproteobacteria; o__Rhodobacterales; f__Rhodobacteraceae; g__Rhodobacter; s__	1.0
0d01a9ec3ecc74c56652f8dd1c18122c	k__Bacteria; p__Verrucomicrobia; c__Opitutae; o__Opitutales; f__Opitutaceae; g__Opitutus; s__	0.7
4c1b6dddd16a72eb083190cf0054a767	k__Bacteria; p__Proteobacteria; c__Gammaproteobacteria; o__Legionellales; f__Legionellaceae; g__; s__	0.7
aa961eca8bb74ad2f0314d997796ed1a	k__Bacteria; p__Firmicutes; c__Erysipelotrichi; o__Erysipelotrichales; f__Erysipelotrichaceae	1.0
d383053e29f43f70bbd04e43e7e56fd7	k__Bacteria; p__Proteobacteria; c__Deltaproteobacteria; o__Myxococcales; f__OM27; g__; s__	1.0
985f61848379107227a43c69082b1537	k__Bacteria	1.0
a63f2c2cba8b79ec1b5bbe1bafb26e78	k__Bacteria; p__Proteobacteria; c__Alphaproteobacteria; o__Kiloniellales; f__; g__; s__	0.6
a1ecc4dbb312f568ae060741e4bc6709	k__Bacteria; p__Actinobacteria; c__Acidimicrobiia; o__Acidimicrobiales; f__C111; g__; s__	0.9
1e1212cecf44e10728551214fe5410f4	k__Bacteria; p__Proteobacteria; c__Betaproteobacteria; o__SC-I-84; f__; g__; s__	0.9
d54cc54a98f39ee409a90e852c3e2daf	k__Bacteria; p__Chloroflexi; c__Ellin6529; o__; f__; g__; s__	1.0
bd7da47ce53d29d520e8023759ccaa98	k__Bacteria; p__Firmicutes; c__Clostridia; o__Clostridiales; f__Lachnospiraceae; g__Epulopiscium; s__	1.0
e3b24cff2cc91de82b50a8326c692475	k__Bacteria; p__Proteobacteria; c__Deltaproteobacteria; o__Bdellovibrionales; f__Bacteriovoracaceae; g__; s__	0.9
3d3ffd4827e9fc60725e95026c988d3b	k__Bacteria; p__Actinobacteria; c__OPB41; o__; f__; g__; s__	1.0
3650e19dd8e1a572e42213e5cd404562	k__Bacteria; p__Proteobacteria; c__Deltaproteobacteria; o__Bdellovibrionales; f__Bacteriovoracaceae; g__; s__	0.9
425ba0bf59953058388355625668050a	k__Bacteria; p__Proteobacteria; c__Gammaproteobacteria; o__Xanthomonadales; f__Sinobacteraceae; g__; s__	0.6
ad5f2990c25d8d70f6ea39e91f67c986	Unassigned	0.0
ffcd066a37799807079d19baaca2e5f5	k__Bacteria; p__Proteobacteria; c__Alphaproteobacteria; o__; f__; g__; s__	1.0
ede63ff22b0e7517a8bf22097a937900	k__Bacteria; p__Cyanobacteria; c__Chloroplast; o__Stramenopiles; f__; g__; s__	1.0
48bc744493b446995ae079c0845bba3d	k__Bacteria; p__Chlorobi; c__OPB56; o__; f__; g__; s__	1.0
449588915d078fba727ff05c4785390e	k__Bacteria; p__Proteobacteria; c__Deltaproteobacteria; o__Myxococcales; f__; g__; s__	1.0
b799fac9c0b97272be56b31fd290cb7b	k__Bacteria; p__Proteobacteria; c__Betaproteobacteria; o__Burkholderiales; f__Comamonadaceae	1.0
96e57dc8d7adaacd174a9945a6ce03ad	k__Bacteria; p__Cyanobacteria; c__Chloroplast; o__Stramenopiles; f__; g__; s__	1.0
1e62634f0beef31fc6d0f34c33ef3089	k__Bacteria; p__Proteobacteria; c__Deltaproteobacteria; o__Myxococcales; f__; g__; s__	1.0
21f1233d76a657c8be318294de2e448d	k__Bacteria; p__Proteobacteria; c__Alphaproteobacteria; o__Rickettsiales; f__Rickettsiaceae; g__Rickettsia; s__	0.8
ce516b6ca0e771c24336277ecd7d5935	k__Bacteria; p__Proteobacteria; c__Gammaproteobacteria; o__Aeromonadales; f__Aeromonadaceae; g__; s__	0.8
2101153823e79fd82f22725fb81f2df2	k__Bacteria; p__Planctomycetes; c__Planctomycetia; o__Pirellulales; f__Pirellulaceae; g__; s__	1.0
c8aa31178d5459a3d608be72c23d39a1	k__Bacteria; p__Proteobacteria; c__Betaproteobacteria; o__Methylophilales; f__Methylophilaceae; g__; s__	0.9
e3182dffc647e2e03cc323530215635c	k__Bacteria; p__Proteobacteria; c__Betaproteobacteria; o__Burkholderiales; f__Comamonadaceae	1.0
277925e1c9ffdab18d83d9e2ad184312	k__Bacteria; p__Bacteroidetes; c__Cytophagia; o__Cytophagales; f__Cytophagaceae; g__; s__	1.0
18a1baa9fcbbfc12453228dc21e8e6e0	k__Bacteria; p__Verrucomicrobia; c__[Spartobacteria]; o__[Chthoniobacterales]; f__[Chthoniobacteraceae]; g__Candidatus Xiphinematobacter; s__	1.0
396748612ddada2eedd28981b7a126f9	k__Bacteria; p__TM6; c__SJA-4; o__; f__; g__; s__	1.0
b5b79802792ec7614e956eb8451c0add	k__Bacteria; p__TM6; c__SJA-4; o__; f__; g__; s__	1.0
0916d24731afa1071afb141913a6ad7c	k__Bacteria; p__Bacteroidetes; c__[Saprospirae]; o__[Saprospirales]; f__Saprospiraceae; g__; s__	1.0
c65efaa12915c079664e2deb11d45c6a	k__Bacteria; p__Chlamydiae; c__Chlamydiia; o__Chlamydiales	1.0
260c45fff7f33ffc09c6088d66b6b301	k__Bacteria; p__Bacteroidetes; c__Flavobacteriia; o__Flavobacteriales; f__Cryomorphaceae; g__Fluviicola; s__	1.0
a85bdf16173a7d290727773ae4d5e29c	k__Bacteria; p__Verrucomicrobia; c__Verrucomicrobiae; o__Verrucomicrobiales; f__Verrucomicrobiaceae; g__Prosthecobacter; s__	0.9
25ca5cd185b049230185d90e73c2d085	k__Bacteria; p__Proteobacteria; c__Deltaproteobacteria; o__Spirobacillales; f__; g__; s__	1.0
55f5bf10588af7856a27573866f19698	k__Bacteria; p__Proteobacteria; c__Deltaproteobacteria; o__Spirobacillales; f__; g__; s__	1.0
657c30450eb20dce4f013ebf14ed95ba	k__Bacteria; p__Gemmatimonadetes; c__Gemmatimonadetes; o__Gemmatimonadales; f__Gemmatimonadaceae; g__Gemmatimonas; s__	1.0
00a77eda4c18debdf6f182d1bc810b79	k__Bacteria; p__Chloroflexi; c__Anaerolineae; o__Caldilineales; f__Caldilineaceae; g__; s__	1.0
14c59fa33655caeccea2f6ac9cd77310	k__Bacteria; p__Bacteroidetes; c__Bacteroidia; o__Bacteroidales; f__Porphyromonadaceae	0.6666666666666666
a9cd39a7b97966faedc2e39c3a7cf0d0	k__Bacteria; p__Proteobacteria; c__Deltaproteobacteria; o__Myxococcales; f__OM27; g__; s__	1.0
192d4518512d29881d30eb3c864dff82	k__Bacteria; p__Proteobacteria; c__Alphaproteobacteria; o__Rhodobacterales; f__Rhodobacteraceae; g__Paracoccus	0.7
584660402abc720451d387443db9f9a0	k__Bacteria; p__Proteobacteria	0.6
e2b82dabf67b3e23eb57483a33c96e18	k__Bacteria; p__Firmicutes; c__Clostridia; o__Clostridiales; f__Ruminococcaceae; g__; s__	0.8
34d1d8ba87e0a9547b6caedad9b3813a	k__Bacteria; p__Cyanobacteria; c__Chloroplast	0.9
179823343f4cf106a45a6c2f8bc53943	k__Bacteria; p__Bacteroidetes; c__[Saprospirae]; o__[Saprospirales]; f__Saprospiraceae; g__; s__	1.0
f0217a357bc1b2b8a2dde8284286ae01	k__Bacteria; p__Gemmatimonadetes; c__Gemmatimonadetes; o__Gemmatimonadales; f__A1-B1; g__; s__	0.8
13db7f0912b64fd170db9d1ddc2cf5d3	k__Bacteria; p__Actinobacteria; c__Acidimicrobiia; o__Acidimicrobiales; f__C111; g__; s__	1.0
977f1085437a2a9702fce2f6d0484cc1	k__Bacteria; p__Proteobacteria; c__Betaproteobacteria; o__Burkholderiales; f__Comamonadaceae; g__Limnohabitans; s__	0.7
10b4eeabee0a8d0f232988073cc66b1b	k__Bacteria; p__Proteobacteria; c__Alphaproteobacteria; o__Rhizobiales; f__; g__; s__	0.8
cbca0f8cf64c20ce60ccdcc015ab8bd3	k__Bacteria; p__Chlorobi; c__Ignavibacteria; o__Ignavibacteriales; f__Ignavibacteriaceae; g__; s__	1.0
40c685d6528504f23c28d401912779fe	k__Bacteria; p__Chlorobi; c__OPB56; o__; f__; g__; s__	1.0
22aa72a73e49d156a2b220585bf2f55c	k__Bacteria; p__Proteobacteria; c__Betaproteobacteria; o__Burkholderiales; f__; g__; s__	0.6
b894572a50760ca5dfc2a61828b21237	k__Bacteria; p__Proteobacteria; c__Betaproteobacteria; o__Burkholderiales; f__Comamonadaceae	1.0
252478832ab3925de2d2678db57013ea	k__Bacteria; p__Bacteroidetes; c__Cytophagia; o__Cytophagales	1.0
b1107628da9fcb0dc3dda4c04f9c99a7	k__Bacteria; p__Actinobacteria; c__Acidimicrobiia; o__Acidimicrobiales; f__Microthrixaceae; g__; s__	1.0
5e329eef5b74840add60808e30e03495	k__Bacteria; p__Proteobacteria; c__Betaproteobacteria; o__Burkholderiales; f__Alcaligenaceae; g__; s__	0.9
dbf3570d3e915828ac920d7bdafb8794	k__Bacteria; p__Proteobacteria; c__TA18; o__CV90; f__; g__; s__	0.7
be41f039114fdeea45f2bf0e447fa394	k__Bacteria; p__Proteobacteria; c__Alphaproteobacteria; o__Rhodospirillales; f__Acetobacteraceae; g__; s__	0.8
c4e818020af7a3e526bbacc324cebbb4	k__Bacteria; p__Proteobacteria; c__Gammaproteobacteria; o__Legionellales	0.8
2507e78fe1eaaf8ab3d887e22cee3952	k__Bacteria; p__Proteobacteria; c__Alphaproteobacteria; o__BD7-3; f__; g__; s__	1.0
985476cce29bd126976862db95b53c5e	k__Bacteria; p__Chloroflexi; c__Chloroflexi; o__[Roseiflexales]; f__; g__; s__	0.9
0d87cd45c9d69e085379b33b02de2898	Unassigned	0.0
e3012bc8c1c1c799ec7dff9fd3e188a9	k__Bacteria; p__Cyanobacteria; c__Chloroplast; o__Stramenopiles; f__; g__; s__	1.0
7c5d80beae373474e1f9f383bb38c533	k__Bacteria; p__Proteobacteria; c__Betaproteobacteria; o__Burkholderiales; f__Comamonadaceae; g__Polaromonas; s__	0.8
b645ef3545e8dcb5938535e1a51d1f6b	k__Bacteria; p__Proteobacteria; c__Gammaproteobacteria; o__Xanthomonadales; f__Sinobacteraceae; g__; s__	1.0
720f42718b5f35c69576cf9925200c62	k__Bacteria; p__Cyanobacteria; c__Synechococcophycideae; o__Pseudanabaenales; f__Pseudanabaenaceae; g__Leptolyngbya; s__	1.0
7c1c2ff064c0deb35af2bec7b701c819	k__Bacteria; p__Cyanobacteria; c__Synechococcophycideae; o__Pseudanabaenales; f__Pseudanabaenaceae; g__Pseudanabaena; s__	1.0
dd58264e86ed66b4ff3e5a0ab3eb5748	k__Bacteria; p__TM6; c__SJA-4; o__S1198; f__; g__; s__	1.0
acda51d29b42af7f61bdd28a25f9585c	k__Bacteria; p__OD1; c__ABY1; o__; f__; g__; s__	0.8888888888888888
6877b47445c2b864f626139b2bba32c7	k__Bacteria; p__Proteobacteria; c__Deltaproteobacteria; o__Myxococcales; f__; g__; s__	1.0
1147c2492a64c68cd06a7c3f36477285	k__Bacteria; p__Firmicutes; c__Clostridia; o__Clostridiales	0.7
21deee539cdd9a284a01bbf3a699a65e	k__Bacteria; p__Proteobacteria; c__Betaproteobacteria; o__Burkholderiales; f__Comamonadaceae	1.0
cd3e0901a8ee0da0760786781a63e756	k__Bacteria; p__Proteobacteria; c__Betaproteobacteria; o__Burkholderiales; f__Comamonadaceae	0.9
a4cdfe564f4c0cf8ebec3dd3c496725a	k__Bacteria; p__Proteobacteria; c__Alphaproteobacteria; o__Sphingomonadales; f__Sphingomonadaceae; g__; s__	0.9
33a27a4b7382fe91af34b521f82b86d3	k__Bacteria; p__Chloroflexi; c__Anaerolineae; o__Caldilineales; f__Caldilineaceae; g__; s__	1.0
aedb61f9a9358b70f58c089f5d2f7219	k__Bacteria; p__OD1; c__; o__; f__; g__; s__	1.0
9e792dd71402a4102fe584185a5fb827	k__Bacteria; p__OD1; c__ZB2; o__; f__; g__; s__	0.9
5d9e7b518988aaf4a3ed3927555ef397	k__Bacteria; p__Proteobacteria; c__Betaproteobacteria; o__Methylophilales; f__Methylophilaceae; g__; s__	0.8
8a1ce5deaeb31d85219a27c193cb08b6	k__Archaea; p__Euryarchaeota; c__Methanobacteria; o__Methanobacteriales; f__; g__; s__	0.75
aae2b82a8264a6dd354d843c44005372	k__Bacteria; p__Proteobacteria; c__Gammaproteobacteria; o__Xanthomonadales; f__Sinobacteraceae; g__; s__	1.0
fd2df15962860d728a10648602fbb1c4	k__Bacteria; p__Proteobacteria; c__Betaproteobacteria; o__SC-I-84; f__; g__; s__	0.9
ba2f7cbbac2aa80749653064ba69a274	k__Bacteria; p__Verrucomicrobia; c__Verruco-5; o__LD1-PB3; f__; g__; s__	0.8
42403726308dc7eaef6ba0a1bd4f979a	k__Bacteria; p__Proteobacteria; c__Alphaproteobacteria; o__Rhodobacterales; f__Rhodobacteraceae; g__Rhodobacter; s__	0.8
7e45a603045109e10db5f65965fb7c8a	k__Bacteria; p__Proteobacteria; c__Deltaproteobacteria; o__Desulfobacterales; f__Desulfobulbaceae; g__Desulfobulbus; s__	0.9
49f1f020a8e8f66185ee0fdfc31bf3ad	k__Bacteria; p__Proteobacteria; c__Alphaproteobacteria; o__Rhizobiales; f__Phyllobacteriaceae; g__Mesorhizobium	0.6
8c6e656c408afe39ae55ad5a1afd8211	k__Bacteria; p__Cyanobacteria; c__Chloroplast; o__Stramenopiles; f__; g__; s__	0.9
04ad051f3eb661ab5fea360fa956637f	k__Bacteria; p__Firmicutes; c__Clostridia; o__Clostridiales; f__Lachnospiraceae; g__Dorea; s__	0.6
0a80137d00aa7312f9bb7036713d456b	k__Bacteria; p__Bacteroidetes; c__Flavobacteriia; o__Flavobacteriales; f__Cryomorphaceae; g__Fluviicola; s__	1.0
5afa166b7a4fffd692de428dc3d82f68	k__Bacteria; p__Actinobacteria; c__Acidimicrobiia; o__Acidimicrobiales; f__C111; g__; s__	1.0
6c15093ed9c4afd561c3a538c22e00b7	k__Bacteria; p__Bacteroidetes; c__Cytophagia; o__Cytophagales; f__Cytophagaceae; g__; s__	1.0
35489ed3ee4c8c69e4424e1719a32ce4	k__Bacteria; p__Proteobacteria	0.8
592435f9562169960a1536e5ef9b7f91	k__Bacteria	1.0
b6663ecb5d23587f290bc3a21ea28ac6	k__Bacteria; p__Firmicutes; c__Erysipelotrichi; o__Erysipelotrichales; f__Erysipelotrichaceae	0.6
0893894e40f4715b18cbe92d659d7e34	k__Bacteria; p__Proteobacteria; c__Alphaproteobacteria; o__Rhizobiales; f__; g__; s__	0.6
f72d098d443dbf73c215a357fb0c20be	k__Bacteria; p__Proteobacteria; c__Betaproteobacteria; o__Burkholderiales; f__Comamonadaceae; g__Methylibium; s__	0.6
6842e1a1a4ec6386ea9c36938b85da5e	k__Bacteria; p__Bacteroidetes; c__Bacteroidia; o__Bacteroidales; f__; g__; s__	1.0
fb8d5d70b7976ca5bd1e4b81a0e9e875	k__Bacteria; p__Firmicutes; c__Bacilli; o__Bacillales; f__[Exiguobacteraceae]; g__Exiguobacterium; s__	1.0
9bc073f0af5d423315bfccdb6a7f41cb	k__Bacteria; p__Proteobacteria; c__Alphaproteobacteria; o__Rhodospirillales; f__Rhodospirillaceae; g__; s__	0.8
40634615ccf1f11358576e31aedc41ff	k__Bacteria; p__Proteobacteria; c__Alphaproteobacteria; o__Rickettsiales; f__Rickettsiaceae; g__; s__	0.7
425b97b4cc6284928a4b3f3881f6ae83	k__Bacteria; p__Bacteroidetes; c__Flavobacteriia; o__Flavobacteriales; f__Cryomorphaceae; g__; s__	1.0
34741c5605f3c8927ef33f86ca152c4d	k__Bacteria; p__Verrucomicrobia; c__Opitutae; o__Opitutales; f__Opitutaceae; g__; s__	0.9
2e35c9415a782a42c4101703cc6cc6e1	k__Bacteria; p__Proteobacteria; c__Gammaproteobacteria; o__Alteromonadales; f__[Chromatiaceae]; g__Rheinheimera; s__	1.0
605f0e6c605b2063d2009f023affc3e7	k__Bacteria; p__Proteobacteria; c__Deltaproteobacteria; o__Spirobacillales; f__; g__; s__	0.9
0d59e7138774431dc138b69d5bf7a8a0	k__Bacteria; p__Proteobacteria; c__Epsilonproteobacteria; o__Campylobacterales; f__Helicobacteraceae; g__Sulfuricurvum; s__kujiense	1.0
325d391aef892394a413a49e2c3e1913	k__Bacteria; p__Verrucomicrobia; c__[Pedosphaerae]; o__[Pedosphaerales]; f__[Pedosphaeraceae]	0.6
ccf83d914fd07f2a280961e491aa322d	k__Bacteria; p__Bacteroidetes; c__Flavobacteriia; o__Flavobacteriales; f__Cryomorphaceae; g__; s__	0.9
9e79e2b7db5c5fa24f2d9c5b405a2bdf	k__Bacteria; p__OD1; c__ZB2; o__; f__; g__; s__	1.0
2b4783fd9a9e4eab348088ff8be27db2	k__Bacteria; p__Proteobacteria; c__Deltaproteobacteria; o__Syntrophobacterales; f__Syntrophobacteraceae; g__; s__	1.0
5d13c491f678c9da9efb84117f1c4300	k__Bacteria; p__Proteobacteria; c__Alphaproteobacteria; o__Rhodobacterales; f__Rhodobacteraceae; g__; s__	0.7
9bf13e39f66c6f9d6360f6485dbdb17b	k__Bacteria; p__Planctomycetes; c__vadinHA49; o__PeHg47; f__; g__; s__	1.0
c007b5adcc8157677481e5b39b0e43ac	k__Bacteria; p__TM6; c__SJA-4; o__; f__; g__; s__	0.9
d7474dae77d23801d6ec4668b0c5b50b	k__Bacteria; p__Proteobacteria; c__Alphaproteobacteria; o__Rickettsiales; f__Rickettsiaceae; g__; s__	0.8
009d372032ac85cea91abe450778827e	k__Bacteria; p__Actinobacteria; c__Actinobacteria; o__Actinomycetales; f__Dermabacteraceae	0.7
a1566038c19cee7a3197de646b152df5	k__Bacteria; p__Proteobacteria; c__Alphaproteobacteria; o__Rhodospirillales; f__Rhodospirillaceae; g__; s__	0.9
ddef611e37bd6d12a30e6e8f399cff1e	k__Bacteria; p__Cyanobacteria; c__Synechococcophycideae; o__Synechococcales; f__Synechococcaceae; g__Synechococcus; s__	1.0
378483e035e734056f24d43e08cd75b6	k__Bacteria	1.0
0b644a5b81fb3cac968500be022f7564	k__Bacteria; p__Proteobacteria; c__Deltaproteobacteria; o__Bdellovibrionales; f__Bdellovibrionaceae; g__Bdellovibrio; s__	1.0
891ffac84cebf11e2ae74cd732689e53	k__Bacteria; p__Gemmatimonadetes; c__Gemmatimonadetes; o__Gemmatimonadales; f__Gemmatimonadaceae; g__Gemmatimonas; s__	1.0
55d40086c638a014b252758d094dadc1	k__Bacteria; p__Bacteroidetes; c__Flavobacteriia; o__Flavobacteriales; f__Cryomorphaceae; g__Fluviicola; s__	1.0
1c8052b4a2d3a1c77b25a25fae87899c	k__Bacteria; p__Bacteroidetes; c__Flavobacteriia; o__Flavobacteriales; f__Cryomorphaceae; g__; s__	1.0
9606ada51cf2ae104b472e7ceb087679	k__Bacteria; p__Proteobacteria; c__Gammaproteobacteria	0.75
316739c13848efd4a398112b189cad9c	k__Bacteria; p__[Thermi]; c__Deinococci; o__Deinococcales; f__Deinococcaceae; g__Deinococcus; s__	1.0
0c487442ed8b32f9d85f6602866906ff	k__Bacteria; p__Proteobacteria; c__Alphaproteobacteria; o__Sphingomonadales; f__Sphingomonadaceae; g__; s__	1.0
867a0db0136463157052f016a3f40852	k__Bacteria; p__Proteobacteria; c__Gammaproteobacteria; o__Chromatiales; f__Ectothiorhodospiraceae; g__Ectothiorhodospira; s__	1.0
2b299d3bb23138262c0ad425c78a0eb2	k__Bacteria; p__Bacteroidetes; c__Flavobacteriia; o__Flavobacteriales; f__Flavobacteriaceae; g__Flavobacterium; s__	1.0
e118ab384916fbd0ee7f0ed2698d15b6	k__Bacteria; p__Proteobacteria; c__Gammaproteobacteria; o__Chromatiales; f__Ectothiorhodospiraceae; g__Ectothiorhodospira; s__	1.0
c4947bd3e76e018a9f4729aee81b3a4c	k__Bacteria; p__Proteobacteria; c__Gammaproteobacteria; o__Pseudomonadales; f__Pseudomonadaceae; g__Pseudomonas; s__	1.0
aae3d714df7096a3c26d3d42bde6c931	k__Bacteria; p__Verrucomicrobia; c__Verrucomicrobiae; o__Verrucomicrobiales; f__Verrucomicrobiaceae; g__; s__	0.6
7e149336a3889158aaf3a95e5d59ed1b	k__Bacteria; p__OD1; c__ABY1; o__; f__; g__; s__	1.0
12a5822eaf1881aaba07b84d64ccdc0a	k__Bacteria; p__Proteobacteria; c__Alphaproteobacteria; o__Sphingomonadales; f__; g__; s__	0.9
dcbd9de6891571478e2dd6c429ea3bbc	k__Bacteria; p__Bacteroidetes; c__Flavobacteriia; o__Flavobacteriales; f__Flavobacteriaceae; g__Flavobacterium; s__	1.0
65455f859cb4844c5d397f8cd9207851	k__Bacteria; p__Proteobacteria; c__Alphaproteobacteria; o__Rhizobiales; f__Rhizobiaceae; g__Agrobacterium; s__	1.0
a783a5c9d74e11605658006148aa754c	k__Bacteria; p__Proteobacteria; c__Betaproteobacteria; o__Burkholderiales; f__Comamonadaceae; g__Methylibium; s__	0.8
a05136f04117b4fe942cc095514a0d69	k__Bacteria; p__Bacteroidetes; c__Bacteroidia; o__Bacteroidales; f__; g__; s__	1.0
0a8bd04d5ecbe513f6653b354fc38439	Unassigned	0.0
f458c55d972139342d36b41002d83f85	k__Bacteria; p__Bacteroidetes; c__Cytophagia; o__Cytophagales; f__Cytophagaceae; g__Flectobacillus; s__	0.9
75dbe24972b4807e15b96c6da055801a	k__Bacteria; p__Bacteroidetes; c__Sphingobacteriia; o__Sphingobacteriales; f__; g__; s__	1.0
03012b36b45284cd56a9e909f003a61e	k__Bacteria; p__Proteobacteria; c__Alphaproteobacteria; o__Sphingomonadales; f__; g__; s__	1.0
eee0a0620a196657cbf063994bc7adf5	k__Bacteria; p__Actinobacteria; c__Acidimicrobiia; o__Acidimicrobiales; f__C111; g__; s__	1.0
e864d4b6b9ee21fa23322dd9d2f100f1	k__Bacteria; p__Proteobacteria; c__Alphaproteobacteria; o__BD7-3; f__; g__; s__	1.0
3e64e0751e1a924fe158be8ba44d90cf	k__Bacteria; p__Acidobacteria; c__iii1-8; o__SJA-36; f__; g__; s__	1.0
07c5fcb2a04d6120e2f1b71fe1d0a0e9	k__Bacteria; p__Actinobacteria; c__Actinobacteria; o__Actinomycetales; f__Microbacteriaceae; g__; s__	0.7
b18e415a98e2679a5c31c41deb689c24	k__Bacteria; p__Proteobacteria; c__Deltaproteobacteria; o__Bdellovibrionales; f__Bdellovibrionaceae; g__Bdellovibrio; s__	0.7
356a94fdd9468e69574a2ececc7cc65a	Unassigned	0.0
220ae680d8e46b9e511762e3b99c0e17	k__Bacteria; p__Proteobacteria; c__Alphaproteobacteria	0.8
1978ed49dd47498f79b75dbaca4f6418	k__Bacteria; p__Bacteroidetes; c__Flavobacteriia; o__Flavobacteriales; f__Flavobacteriaceae; g__Flavobacterium; s__	1.0
4fe210b2980872743bc71cfabf0adc93	k__Bacteria; p__Proteobacteria; c__Alphaproteobacteria; o__BD7-3; f__; g__; s__	1.0
fb992644cec66cfde4e87acf6f285830	k__Bacteria; p__Proteobacteria; c__Alphaproteobacteria; o__Rhizobiales	0.6
384c070bac0002f21639afb5c9633f63	k__Bacteria; p__Actinobacteria; c__Acidimicrobiia; o__Acidimicrobiales; f__; g__; s__	1.0
eb5bf53b03d40a4301e5c7b2b4db17c2	k__Bacteria; p__Proteobacteria; c__Gammaproteobacteria; o__Legionellales; f__; g__; s__	1.0
58ff221c24519e9055f75ccafed4929c	k__Bacteria; p__Proteobacteria; c__Deltaproteobacteria; o__Myxococcales; f__; g__; s__	1.0
5259b11b7898c9547ab8205e06d50d4a	k__Bacteria; p__Cyanobacteria; c__Nostocophycideae; o__Nostocales; f__Nostocaceae; g__Cylindrospermopsis; s__	0.8
ea017a615df1d629eb84b9959e9d516b	k__Bacteria; p__GN02; c__BD1-5; o__; f__; g__; s__	0.6666666666666666
ec4a4e21ba6703684bfce1c325bb6563	k__Bacteria; p__Actinobacteria; c__Acidimicrobiia; o__Acidimicrobiales; f__C111; g__; s__	1.0
6dbb949d12c59c00127cd65c274a1888	k__Bacteria; p__Proteobacteria; c__Gammaproteobacteria; o__Xanthomonadales; f__Xanthomonadaceae; g__; s__	0.8
74cf8fb20b814e52a2a03aaaf28d4954	k__Bacteria; p__Firmicutes; c__Bacilli; o__Bacillales; f__Paenibacillaceae; g__Paenibacillus; s__	0.8
1d6e5f8a04ca58872aac2e1a9160dafb	k__Bacteria; p__Planctomycetes; c__Planctomycetia; o__Pirellulales; f__Pirellulaceae; g__; s__	1.0
46992164a7e387b9e0ff74e6cd354d47	k__Bacteria; p__Firmicutes; c__Clostridia; o__Clostridiales; f__Lachnospiraceae; g__; s__	0.6
36049f83efd43777b2a42b68a25529b0	k__Bacteria; p__Bacteroidetes; c__[Saprospirae]; o__[Saprospirales]; f__Saprospiraceae; g__; s__	1.0
dac06ade5e51732ffd0a50ad97f412d9	k__Bacteria	1.0
a3e055a96a8b28a99e28e3d18ca885f5	k__Bacteria; p__Proteobacteria; c__TA18; o__PHOS-HD29; f__; g__; s__	1.0
98bbf9dc71c13b7ddb4d3a6aa4c12fb1	k__Bacteria; p__Cyanobacteria; c__Chloroplast; o__Chlorophyta	0.8
9f604afc77d03d9703636cdd6b878307	k__Bacteria; p__Proteobacteria; c__Alphaproteobacteria; o__BD7-3; f__; g__; s__	1.0
d77899cd11118c670897bf7e026b1a39	k__Bacteria; p__Proteobacteria; c__Alphaproteobacteria; o__Sphingomonadales; f__; g__; s__	0.8
acecfa13faaad13663e101df7f49598d	k__Bacteria; p__Chlamydiae; c__Chlamydiia; o__Chlamydiales; f__Rhabdochlamydiaceae; g__Candidatus Rhabdochlamydia; s__	0.7
f90ca798b1331a8848f0852967aa614c	k__Bacteria; p__Bacteroidetes; c__Cytophagia; o__Cytophagales; f__Cyclobacteriaceae; g__; s__	0.6
cec7c28e592d48ca162febf2c65e42d0	k__Bacteria; p__Proteobacteria; c__Alphaproteobacteria; o__Rhizobiales; f__Hyphomicrobiaceae; g__Devosia; s__	1.0
2fb9293e423ae835c1a4b32cfe50e3f1	k__Bacteria; p__TM6; c__SJA-4; o__; f__; g__; s__	1.0
16b4d483bc548917b4bbc414dc5137ff	k__Bacteria; p__Proteobacteria; c__Betaproteobacteria; o__MND1; f__; g__; s__	0.7
78feca5ca80665ee83be78e63fa62554	k__Bacteria; p__Cyanobacteria; c__Chloroplast; o__Streptophyta; f__; g__; s__	1.0
99ceacbe491642090036f2e089783770	k__Bacteria; p__Proteobacteria; c__Alphaproteobacteria; o__Rhodospirillales; f__Rhodospirillaceae; g__; s__	0.9
f7b6bd79e2435ec07d5833ecd6abf1ff	k__Bacteria; p__Proteobacteria; c__Deltaproteobacteria; o__Desulfobacterales; f__Desulfobulbaceae; g__; s__	0.7
1e8174b691a1c309334a789b018f93e6	Unassigned	0.0
7aa029e5030de77cbdcf848f5354f474	k__Bacteria; p__Proteobacteria; c__Deltaproteobacteria; o__Myxococcales; f__Haliangiaceae; g__; s__	1.0
f4e7db3f145edb3d1de0859b116cf818	k__Bacteria; p__Proteobacteria; c__Alphaproteobacteria; o__; f__; g__; s__	1.0
0d3f9dde66bceab02de9e6ca4beb5341	k__Bacteria; p__Fibrobacteres; c__TG3; o__TG3-1; f__; g__; s__	0.6
0367d1384c89865a8098c01415ac11af	Unassigned	0.0
2ff07d1a38dfd5ffb1e6833bd77e7a05	k__Bacteria; p__Proteobacteria; c__Alphaproteobacteria; o__Rhodospirillales; f__Rhodospirillaceae; g__; s__	1.0
a7b8114b077868cffb0c309e55ea762e	k__Bacteria; p__Proteobacteria; c__Gammaproteobacteria	1.0
ea6611e54556abde400a3522e0282626	k__Bacteria; p__Proteobacteria; c__Alphaproteobacteria; o__Rickettsiales; f__; g__; s__	1.0
3bdb7eeb851240d275d5ae13bced0acc	k__Bacteria; p__Proteobacteria; c__Gammaproteobacteria; o__Alteromonadales; f__Alteromonadaceae; g__Cellvibrio; s__	1.0
d37375ecb28aa608e7c6a727c34b379b	k__Bacteria; p__Proteobacteria; c__Alphaproteobacteria; o__Rhizobiales; f__; g__; s__	0.6
32b9b6e70219de8d034851fc4cc13b76	k__Bacteria; p__Armatimonadetes; c__[Fimbriimonadia]; o__[Fimbriimonadales]; f__[Fimbriimonadaceae]	1.0
8062c61f4df95387f7f2f4fec661cc61	k__Bacteria; p__Proteobacteria; c__Gammaproteobacteria; o__Alteromonadales; f__Alteromonadaceae; g__; s__	0.8
cba8228507ba1519e68047e4f65d423d	k__Bacteria; p__Proteobacteria; c__TA18; o__PHOS-HD29; f__; g__; s__	1.0
038485bd4b818e1bbd228231c3e5b11d	k__Bacteria	1.0
8a6a3a6f85e4a0aff2eecb3bec4c600d	k__Bacteria; p__Proteobacteria; c__Betaproteobacteria; o__Burkholderiales; f__Comamonadaceae; g__Polaromonas; s__	0.7
98d9f60025d691fc0c790b5eb0d3aba3	k__Bacteria; p__Planctomycetes; c__Planctomycetia; o__Gemmatales; f__Isosphaeraceae; g__; s__	1.0
8b074baf220a8e84038f18a0d5c5b006	k__Bacteria; p__Planctomycetes; c__Planctomycetia; o__Pirellulales; f__Pirellulaceae; g__; s__	1.0
e8a7c7b001e1aec3043674342d07f324	k__Bacteria; p__Proteobacteria; c__Deltaproteobacteria; o__BPC076; f__; g__; s__	1.0
f0fa3d60fedd5c115f48151e5b34cbda	k__Bacteria; p__Cyanobacteria; c__Oscillatoriophycideae; o__Chroococcales; f__Microcystaceae; g__Microcystis; s__	1.0
d72b54d7d9f6cb589c32735a76d1016a	k__Bacteria; p__Proteobacteria; c__Deltaproteobacteria; o__MIZ46; f__; g__; s__	1.0
47bd9048788198de086e512677b07d23	k__Bacteria; p__Planctomycetes; c__Planctomycetia; o__Planctomycetales; f__Planctomycetaceae; g__Planctomyces; s__	1.0
d229704df8a205dbc14e1da2e6eb8cea	k__Bacteria; p__Proteobacteria; c__Gammaproteobacteria; o__Methylococcales; f__Crenotrichaceae; g__Crenothrix; s__	0.7
1c25d5eb2a10be001c8440f06b8088dc	k__Bacteria; p__Chlorobi; c__BSV26	1.0
96f8c2f91db1d6b1a31d609878275291	k__Bacteria; p__Proteobacteria; c__Alphaproteobacteria; o__Sphingomonadales; f__Erythrobacteraceae	0.8
3e8464bfa49f8a8bc87e8b7c925ce0d6	k__Bacteria; p__Proteobacteria; c__Alphaproteobacteria; o__Rhizobiales; f__Hyphomicrobiaceae; g__; s__	0.7
5b05de01195960f68896532b28456c8e	k__Bacteria; p__Planctomycetes; c__Planctomycetia; o__Pirellulales; f__Pirellulaceae; g__; s__	1.0
fc55e40e79d878aeb5688e2882b36fd6	k__Bacteria; p__Bacteroidetes; c__Cytophagia; o__Cytophagales; f__Cytophagaceae; g__; s__	0.6
b979becca349a6aa2c9a53eaad3cc75e	k__Bacteria; p__Chlorobi; c__OPB56; o__; f__; g__; s__	1.0
03f1e5186c8f99357ebaae264c9f526d	k__Bacteria; p__Actinobacteria; c__Acidimicrobiia; o__Acidimicrobiales; f__C111; g__; s__	1.0
9450cd6abb73ce1e0c251e2dfc76d4a5	Unassigned	0.0
5dc2a9ad22fd304c4a6bcf4b5aa79c1f	k__Bacteria; p__Cyanobacteria; c__Chloroplast; o__Stramenopiles; f__; g__; s__	1.0
b3261cbb32f307dd4819e86c7bf3badf	k__Bacteria; p__Proteobacteria; c__Gammaproteobacteria; o__Legionellales	1.0
dd4ba49832c47f5a29d3e7af9c45c93e	k__Bacteria; p__Proteobacteria; c__Alphaproteobacteria; o__Rhodobacterales; f__Rhodobacteraceae; g__Rhodobacter; s__	1.0
4374a0e0ac526907b98589d6d5815fdc	k__Bacteria; p__Bacteroidetes; c__[Saprospirae]; o__[Saprospirales]; f__Chitinophagaceae; g__Sediminibacterium; s__	1.0
3834bc408a3799e74453fc440c3c9db6	k__Bacteria; p__Proteobacteria; c__Deltaproteobacteria; o__Syntrophobacterales; f__Syntrophaceae; g__Desulfobacca; s__	1.0
657a8e0296281e74c24f44e024909552	k__Bacteria; p__Cyanobacteria; c__Chloroplast; o__Stramenopiles; f__; g__; s__	1.0
022dc11895cc411b58b1f09d053b199b	k__Bacteria; p__Proteobacteria; c__Deltaproteobacteria; o__Myxococcales; f__; g__; s__	1.0
ff315d781aa7c205c07fcab0735bb0a3	k__Bacteria; p__Firmicutes; c__Bacilli; o__Bacillales; f__Bacillaceae; g__Bacillus	0.8
2709821b14af66f80e46d25d001443d5	k__Bacteria; p__Chloroflexi; c__Anaerolineae; o__SBR1031; f__A4b; g__; s__	0.9
121be2662bf9cbe133f775c69703029b	k__Bacteria; p__Bacteroidetes; c__Bacteroidia; o__Bacteroidales; f__[Paraprevotellaceae]; g__[Prevotella]; s__	1.0
39b63f8dd4cd82a5b8ca26aac54648da	k__Bacteria; p__Bacteroidetes	1.0
8e113bf84c85b7cace1607c1ea5f6546	k__Bacteria; p__Bacteroidetes; c__VC2_1_Bac22; o__; f__; g__; s__	0.6
018a423ae3cbf49250e239846d4567c7	k__Bacteria; p__Proteobacteria; c__Gammaproteobacteria; o__Legionellales; f__Coxiellaceae; g__Rickettsiella; s__	1.0
1b89f8e54418e298301a5cae3c0c6832	k__Bacteria; p__OP3; c__PBS-25; o__; f__; g__; s__	1.0
8eaddf1128909b2d1e2fe4ec43d02a69	k__Bacteria; p__Cyanobacteria; c__Chloroplast; o__Chlorophyta	0.6
5f58306956bd79d2726afc9ce6e303b6	k__Bacteria; p__Bacteroidetes; c__Sphingobacteriia; o__Sphingobacteriales; f__; g__; s__	0.9
64b1efc5cf642ad80a344380bd5ba600	k__Bacteria; p__Firmicutes; c__Clostridia; o__Clostridiales; f__Ruminococcaceae; g__Ruminococcus; s__	0.7
8c984bd0372ac48be7fcac3c7e0fd70a	k__Bacteria; p__Proteobacteria; c__Deltaproteobacteria; o__Myxococcales; f__; g__; s__	1.0
fcb7653bcf5e84a7e0a3a73057f6e1f6	Unassigned	0.0
140d6790ad2aa80c2e879ef1c53e3f53	k__Bacteria; p__Proteobacteria; c__Gammaproteobacteria; o__Chromatiales; f__; g__; s__	0.7
dd6c49718f006f81f519c60021d2e1ca	k__Bacteria; p__Proteobacteria; c__Alphaproteobacteria; o__Rhodospirillales; f__Rhodospirillaceae; g__Magnetospirillum; s__	1.0
f4300a216de2e4af2055104165d9ea1d	Unassigned	0.0
07e73ec389ef1beca9e4015b42ad598f	k__Bacteria; p__Bacteroidetes; c__Flavobacteriia; o__Flavobacteriales; f__Cryomorphaceae; g__Fluviicola; s__	1.0
8c107b1249cb316b255702b51094272a	k__Bacteria; p__Verrucomicrobia	0.6
b86335b5b41f7c7d5e66e48f53390d77	Unassigned	0.0
8770e501a1df92e38c1b997844e49263	k__Bacteria; p__Proteobacteria; c__Gammaproteobacteria; o__Thiotrichales; f__Piscirickettsiaceae; g__; s__	0.6
d87ed8b767d4628d3689117dee352979	k__Bacteria; p__Proteobacteria; c__TA18; o__PHOS-HD29; f__; g__; s__	1.0
f7a6e207c7e7825fc99ef9249cd278d7	k__Bacteria; p__OP3; c__BD4-9; o__; f__; g__; s__	1.0
c717f9d036d17f92bb0863d281046e07	k__Bacteria; p__Gemmatimonadetes; c__Gemmatimonadetes; o__; f__; g__; s__	0.6
ad593c2be95ee679688d8194057ef771	Unassigned	0.0
d526700b3fa9ea1b557c7057c15c4476	k__Bacteria; p__Proteobacteria; c__Alphaproteobacteria; o__Rhodospirillales; f__Rhodospirillaceae; g__; s__	0.7
28100926c6b085092bad123121c9561f	k__Bacteria; p__Actinobacteria; c__Acidimicrobiia; o__Acidimicrobiales; f__C111; g__; s__	1.0
67b182ade6d20d099e75820cf43f7b8c	k__Archaea; p__Euryarchaeota; c__Methanomicrobia; o__Methanosarcinales; f__Methanosaetaceae; g__Methanosaeta; s__	1.0
38a5dc7d527783e475277ad2f659244f	k__Bacteria; p__Bacteroidetes; c__Sphingobacteriia; o__Sphingobacteriales; f__; g__; s__	0.7
57316135f8cb6ed6eef18888563f02e7	k__Bacteria; p__Proteobacteria; c__Alphaproteobacteria; o__Rickettsiales; f__; g__; s__	1.0
12f98a439d08d4669f455b8e1b1079b6	k__Bacteria; p__Bacteroidetes; c__[Saprospirae]; o__[Saprospirales]; f__Chitinophagaceae; g__; s__	1.0
47e1c58a16167d368e0419a75b602c33	k__Bacteria; p__Proteobacteria; c__Betaproteobacteria; o__Burkholderiales; f__Alcaligenaceae; g__; s__	1.0
a5b041554b46564d3cd9bc01db1cc928	k__Bacteria; p__Proteobacteria; c__Alphaproteobacteria; o__Rickettsiales; f__; g__; s__	1.0
74933dbb40627bdaaa9c3000ec9ce95a	k__Bacteria; p__Actinobacteria; c__Actinobacteria; o__Actinomycetales; f__Mycobacteriaceae; g__Mycobacterium; s__	1.0
a857642cf6d808a6ba104cde11deb439	k__Bacteria; p__Bacteroidetes; c__[Saprospirae]; o__[Saprospirales]; f__Chitinophagaceae; g__; s__	0.8
31ccebed4d18023d6a555058db6b68f5	k__Bacteria; p__OD1; c__SM2F11; o__; f__; g__; s__	0.7
8823e06d36d3ded1cf8260e249e4db92	k__Bacteria; p__Proteobacteria; c__Betaproteobacteria; o__Burkholderiales; f__Alcaligenaceae; g__; s__	0.9
18b4daae612a684616be6fe74a6d7f13	k__Bacteria; p__Proteobacteria; c__Betaproteobacteria; o__Burkholderiales; f__Oxalobacteraceae; g__Cupriavidus; s__	0.8
04c55562613d653cafef75f4ac5caf1b	k__Bacteria; p__Proteobacteria; c__Alphaproteobacteria; o__Rhizobiales; f__; g__; s__	0.6
397527975a31533efe7b704588c71267	k__Bacteria; p__Tenericutes; c__Mollicutes; o__RF39; f__; g__; s__	1.0
0a21973ba476c69a2fd9fba4b59a21f8	k__Bacteria; p__Proteobacteria; c__Betaproteobacteria; o__Methylophilales; f__Methylophilaceae; g__; s__	0.8
b7d12e8276984db1c7a34d3ede537fb6	Unassigned	0.0
0613ccf6f693a7fe7f43c6fccd96439f	k__Bacteria; p__Cyanobacteria; c__Chloroplast; o__Streptophyta; f__; g__; s__	1.0
a560e63dd5dacb6d993723d982a41150	Unassigned	0.0
5b2b02c8d0e6c0db1f1db7fac99ee543	k__Bacteria; p__Bacteroidetes; c__Cytophagia; o__Cytophagales	0.6
4fb6293dc336dd91acd67b8376422c7c	k__Bacteria; p__OP3; c__BD4-9; o__; f__; g__; s__	0.8
a4c3fd941ea2a1611e4659b194958dde	k__Bacteria; p__Chloroflexi; c__Chloroflexi; o__[Roseiflexales]; f__; g__; s__	0.9
d2676e971d0f1e80b9931d78cb41ec76	k__Bacteria; p__Bacteroidetes; c__Sphingobacteriia; o__Sphingobacteriales; f__; g__; s__	1.0
42641e15dc80ce2a9418cbf6ad09006b	k__Bacteria; p__Proteobacteria; c__Gammaproteobacteria; o__Legionellales; f__; g__; s__	1.0
6629717b8496cf5a2b4e0b2e5726af90	k__Bacteria; p__Bacteroidetes; c__[Saprospirae]; o__[Saprospirales]; f__; g__; s__	0.8
3d2f48f484fe188f8d609461faac878d	k__Bacteria; p__OD1; c__ABY1; o__; f__; g__; s__	1.0
006d72dfa895f92dc74a7feb20434a44	k__Bacteria; p__Bacteroidetes; c__Flavobacteriia; o__Flavobacteriales; f__Flavobacteriaceae; g__Flavobacterium; s__	1.0
58cbebf5b03bd39f6ea87d3b20cb2081	k__Bacteria; p__Proteobacteria; c__Betaproteobacteria; o__Rhodocyclales; f__Rhodocyclaceae; g__Uliginosibacterium; s__	0.6
c66bcc7a9d177de0dd61c3683a947c0e	k__Bacteria; p__Firmicutes; c__Bacilli; o__Bacillales; f__Planococcaceae; g__Planomicrobium; s__	1.0
a1586728baef5994ddeadd3b8311dac7	k__Bacteria; p__Proteobacteria; c__Betaproteobacteria; o__; f__; g__; s__	0.9
de849ea27b60e38fccbc66a211565d16	k__Bacteria; p__Planctomycetes; c__Planctomycetia; o__Pirellulales; f__Pirellulaceae; g__; s__	1.0
2736a2dc66eaf36381c93c0894ed9f63	k__Bacteria; p__Proteobacteria; c__Alphaproteobacteria; o__Rhizobiales; f__Methylocystaceae; g__Methylosinus; s__	1.0
abeed681509d8dadbfd05e7d30d8ffa9	k__Bacteria; p__Proteobacteria; c__Gammaproteobacteria; o__Xanthomonadales; f__Xanthomonadaceae; g__; s__	0.6
1c35ebdf3ec9c4844babaab371c3ad1f	k__Bacteria; p__Verrucomicrobia; c__Verrucomicrobiae; o__Verrucomicrobiales; f__Verrucomicrobiaceae; g__Luteolibacter; s__	1.0
5b7b081b64df3acc95c73da753770a97	k__Bacteria; p__Proteobacteria; c__Alphaproteobacteria; o__; f__; g__; s__	1.0
93cb63eb7a1177741222ef3a3e7689c1	k__Bacteria; p__Cyanobacteria; c__Synechococcophycideae; o__Pseudanabaenales; f__Pseudanabaenaceae; g__Leptolyngbya; s__	1.0
90426797c854d275a128eab2a50de0b0	k__Bacteria; p__Proteobacteria; c__Alphaproteobacteria; o__Caulobacterales; f__Caulobacteraceae; g__Caulobacter	0.6
d598774842b573af1c85e89c5a922e50	k__Bacteria; p__Firmicutes; c__Clostridia; o__Clostridiales; f__Ruminococcaceae; g__Oscillospira; s__	0.9
96dccb255d00788820570368b282c9bd	k__Bacteria; p__Bacteroidetes; c__[Saprospirae]; o__[Saprospirales]; f__Saprospiraceae; g__; s__	1.0
3c92e4bbb55a1d51b14004bbf047354d	k__Bacteria; p__Proteobacteria; c__Deltaproteobacteria; o__Syntrophobacterales; f__Syntrophaceae; g__Desulfobacca; s__	1.0
dd720d96f0b86cc3cd44b533b33111a0	k__Bacteria; p__Proteobacteria; c__Alphaproteobacteria; o__Rhodospirillales; f__Rhodospirillaceae; g__; s__	1.0
dfa8f4d8a2727dd5ae287a57bd106b99	k__Bacteria; p__Planctomycetes; c__Planctomycetia; o__Pirellulales; f__Pirellulaceae; g__; s__	1.0
6823fb06f0acae0efc10e2f76d2803ec	k__Bacteria; p__Proteobacteria; c__Deltaproteobacteria; o__Bdellovibrionales; f__Bdellovibrionaceae; g__Bdellovibrio; s__	1.0
e2ac0c6699bfb60539c86747941118af	k__Bacteria; p__Proteobacteria; c__Betaproteobacteria; o__Burkholderiales; f__Comamonadaceae; g__Hydrogenophaga; s__	0.7
9ba03463d10b4f0d7527fad619294ffa	k__Bacteria; p__Planctomycetes; c__Phycisphaerae; o__Phycisphaerales; f__; g__; s__	0.9
40c45d9534a10113cc7b0be76026c396	k__Bacteria; p__Firmicutes; c__Clostridia; o__Clostridiales	0.7
6f056ae6582f8de509ba2dbd3676fd48	k__Bacteria; p__Proteobacteria; c__Gammaproteobacteria; o__Methylococcales; f__Crenotrichaceae; g__Crenothrix; s__	0.6
adcbd070bece48080055e348b60113d8	k__Bacteria; p__Proteobacteria; c__Betaproteobacteria; o__Burkholderiales; f__Burkholderiaceae; g__; s__	0.7
9fe3d711583a568db337fa5744c1b2bc	k__Bacteria; p__Bacteroidetes; c__Flavobacteriia; o__Flavobacteriales; f__Cryomorphaceae; g__; s__	1.0
b618a4b6d1cc194a51551e900a9edf42	k__Bacteria; p__Actinobacteria; c__Actinobacteria; o__Actinomycetales; f__Microbacteriaceae	1.0
ad54fcfe23fc88f45d4da343562677ff	k__Bacteria; p__Bacteroidetes; c__Flavobacteriia; o__Flavobacteriales; f__Cryomorphaceae; g__; s__	0.7
a3a4e3f0ead4a68336b009b3724fb112	k__Bacteria; p__Proteobacteria; c__Deltaproteobacteria; o__Syntrophobacterales; f__Syntrophorhabdaceae; g__; s__	1.0
8658352f1d49ad9acc356f686f5ca3e7	k__Bacteria; p__Cyanobacteria; c__Chloroplast; o__Streptophyta; f__; g__; s__	0.9
0e1ba5399ef1dc4e0e7380681a7bfa0f	k__Bacteria; p__Proteobacteria; c__Betaproteobacteria	1.0
cb7cfb96253657d16db83816f6459f87	k__Bacteria; p__Firmicutes; c__Clostridia; o__Clostridiales; f__Clostridiaceae; g__Clostridium; s__	0.9
5535666854e9ed7feae563b15eb1c67c	k__Bacteria; p__Proteobacteria; c__Gammaproteobacteria; o__Xanthomonadales; f__Sinobacteraceae; g__; s__	1.0
3ecc6e3377733df3704853e7b2c6a09b	k__Bacteria; p__Proteobacteria; c__Gammaproteobacteria; o__Legionellales; f__Coxiellaceae; g__; s__	1.0
d570cdb12a4dff65ce29efadd3d45ad8	k__Bacteria; p__Cyanobacteria; c__; o__; f__; g__; s__	0.6
febc544f81da3390343101d146ff375d	k__Bacteria; p__Firmicutes; c__Clostridia; o__Clostridiales; f__Ruminococcaceae; g__; s__	1.0
f5589d831ac5834715ea6a57a7be977b	k__Bacteria; p__Proteobacteria; c__Gammaproteobacteria; o__Pseudomonadales; f__Moraxellaceae; g__Perlucidibaca; s__	1.0
70f1943826a7a2a4a2b6d2c05a293a6d	k__Bacteria; p__[Thermi]; c__Deinococci; o__Thermales; f__Thermaceae; g__Meiothermus; s__	1.0
22882668cd0789934eefa9cc0624cf8c	Unassigned	0.0
5a287793b0d44b94c488b54a29164125	k__Bacteria; p__TM6; c__SBRH58; o__; f__; g__; s__	0.9
02dae2a3871159d13f2af1ca09d11481	k__Bacteria; p__Bacteroidetes; c__Bacteroidia; o__Bacteroidales; f__Bacteroidaceae; g__; s__	0.9
91d96418c6e21facea93889c1e2e253b	k__Bacteria; p__Bacteroidetes; c__Cytophagia; o__Cytophagales; f__Cyclobacteriaceae; g__; s__	1.0
f173c15aad48fef309ece31c19393704	k__Bacteria; p__Planctomycetes; c__Planctomycetia; o__Pirellulales; f__Pirellulaceae; g__; s__	1.0
6ae42e646eca023d5d05b98fed0212a4	k__Bacteria; p__Bacteroidetes; c__Sphingobacteriia; o__Sphingobacteriales; f__; g__; s__	0.6
802a1dabf0c1e492af742a16e0a0a8b4	k__Bacteria; p__Bacteroidetes; c__Bacteroidia; o__Bacteroidales; f__S24-7; g__; s__	1.0
c892d4608fb3ba27e974ed92a894feb2	k__Bacteria; p__Proteobacteria; c__Gammaproteobacteria	1.0
de4e6870d482f204d1d8b26f624b65d2	k__Bacteria; p__Proteobacteria; c__Alphaproteobacteria; o__Caulobacterales; f__Caulobacteraceae; g__Asticcacaulis	0.9
bf8a2aad0a9d142012c4291cc6de377c	k__Bacteria; p__Bacteroidetes; c__Cytophagia; o__Cytophagales; f__[Amoebophilaceae]; g__SC3-56; s__	0.6
b4709825e0b65b6df4a8964873bc3690	k__Bacteria; p__Proteobacteria; c__Betaproteobacteria; o__Burkholderiales; f__Comamonadaceae	1.0
1a7717c3df744ba59a48a57d2270a63a	k__Bacteria; p__TM6; c__SJA-4; o__; f__; g__; s__	1.0
21a4d6412b92267726ac407691cec07c	k__Bacteria; p__Proteobacteria; c__Gammaproteobacteria; o__Alteromonadales; f__Shewanellaceae; g__Shewanella; s__	1.0
7cf59f5d6c7a1448538ffb2ff3210318	k__Bacteria; p__Bacteroidetes; c__Cytophagia; o__Cytophagales; f__[Amoebophilaceae]; g__SC3-56; s__	0.6
a20e720ae0b22663738fee37268f650d	k__Bacteria; p__Verrucomicrobia; c__Opitutae; o__Opitutales; f__Opitutaceae; g__Opitutus; s__	1.0
0b442d197363fe774200b2f223258246	k__Bacteria; p__Proteobacteria; c__Alphaproteobacteria; o__; f__; g__; s__	1.0
f4045e312f82a62ca39ee877336b3236	k__Bacteria; p__Cyanobacteria; c__4C0d-2; o__MLE1-12; f__; g__; s__	1.0
29d60c77b529236ddbe2b8d4f51820bd	k__Bacteria; p__OD1; c__ZB2; o__; f__; g__; s__	1.0
928d7e43f401322b6b9332944c4e3469	k__Bacteria; p__Planctomycetes; c__Planctomycetia; o__Pirellulales; f__Pirellulaceae; g__; s__	1.0
be56bba837a93c72ec9b0500f8d44ea4	k__Bacteria; p__Proteobacteria; c__Gammaproteobacteria; o__Pseudomonadales; f__Pseudomonadaceae; g__Pseudomonas	0.7
0bb582a27bc8712bd65f830b0646f75a	k__Bacteria; p__Proteobacteria; c__Alphaproteobacteria; o__Rhodospirillales; f__Rhodospirillaceae; g__; s__	0.9
175bbb3e4ce50f4620dcc46e6c7fb734	k__Bacteria	1.0
03ccc1196abf3ce61c1c07967e00a817	k__Bacteria; p__Proteobacteria; c__Alphaproteobacteria; o__Rhodobacterales; f__Hyphomonadaceae; g__; s__	0.9
522eef61d5948668c5573beca3a947d9	k__Bacteria; p__Proteobacteria; c__Gammaproteobacteria; o__Legionellales; f__Coxiellaceae; g__; s__	0.9
52956394443e05df1c3e7913fc7758a4	k__Bacteria; p__Proteobacteria; c__Gammaproteobacteria; o__Legionellales; f__; g__; s__	0.7
6f3548bc5e9625acc34c06d5d56c5111	Unassigned	0.0
ae2aeade1d7b1dabb7fb3837d9bbef42	Unassigned	0.0
04821ed8ece7fb80de34351abeeead57	k__Bacteria; p__Cyanobacteria; c__Chloroplast; o__Stramenopiles; f__; g__; s__	1.0
e95271dfce8610509d1bcd1a8133bdda	k__Bacteria; p__Proteobacteria; c__Alphaproteobacteria	1.0
ee6f08840583e714995aa69f3e887914	k__Bacteria; p__Bacteroidetes; c__[Saprospirae]; o__[Saprospirales]; f__Saprospiraceae; g__; s__	1.0
cb86501dd77f119f5cca0dcc6064e35d	k__Bacteria; p__Bacteroidetes; c__Cytophagia; o__Cytophagales; f__Cytophagaceae; g__Flectobacillus; s__	1.0
04348e580779363b9bd0d73111840deb	k__Bacteria; p__Proteobacteria; c__Alphaproteobacteria; o__; f__; g__; s__	0.7
3722b5c1df1f002740e4037eabe9db86	k__Bacteria; p__Proteobacteria; c__Deltaproteobacteria; o__Myxococcales; f__OM27; g__; s__	1.0
aa8ad4f0856a19900c659ac843f27259	k__Bacteria; p__Armatimonadetes; c__Armatimonadia; o__Armatimonadales; f__Armatimonadaceae; g__; s__	0.8
d37518b300f1507193f2510064a5ba16	k__Bacteria; p__Proteobacteria; c__Alphaproteobacteria; o__Rhizobiales; f__; g__; s__	0.8
6823e69e07c9aafec7bbc723da67e599	k__Bacteria; p__Proteobacteria; c__Alphaproteobacteria; o__Rickettsiales; f__; g__; s__	1.0
d2f6ada975ee060096cc82e239bcbe21	k__Bacteria; p__Firmicutes; c__Bacilli; o__Turicibacterales; f__Turicibacteraceae; g__Turicibacter; s__	1.0
4cc0ad25a39791bc99bedbe7e11d73e8	k__Bacteria; p__Proteobacteria; c__Alphaproteobacteria; o__Sphingomonadales; f__Sphingomonadaceae; g__Blastomonas; s__	0.6
20999d0cc147db1f596059e4432ed5a4	k__Bacteria; p__Proteobacteria; c__Gammaproteobacteria; o__Methylococcales; f__Methylococcaceae	1.0
68241b37b9b5f056debcca491bc4f785	Unassigned	0.0
1914d09d65c77cd952b024537b65ef5c	k__Bacteria; p__Proteobacteria; c__Gammaproteobacteria; o__Legionellales; f__Coxiellaceae; g__; s__	0.9
f944a99d4e3114e62c2bd92bbb67c295	k__Bacteria; p__GN02; c__BD1-5; o__; f__; g__; s__	1.0
4b50f3763535b2604850e1d190d6775a	Unassigned	0.0
3b99220e63b5eb61c867be6817c9307b	k__Bacteria; p__Proteobacteria; c__TA18; o__CV90; f__; g__; s__	1.0
ca404259e2b3b1177b6a1cfad8134bf4	k__Bacteria; p__Proteobacteria; c__Gammaproteobacteria; o__Pseudomonadales; f__Moraxellaceae; g__Acinetobacter; s__rhizosphaerae	1.0
1363d9060b347c801458224ffe74fe3d	k__Bacteria; p__Verrucomicrobia; c__Opitutae; o__Opitutales; f__Opitutaceae; g__Opitutus; s__	0.8
22c42390f47e72f2fa3c4297d4d44801	k__Bacteria; p__Bacteroidetes; c__[Saprospirae]; o__[Saprospirales]; f__Chitinophagaceae; g__; s__	0.7
e1fc174bc4a2119a20a57dd8666db43f	k__Bacteria; p__TM7; c__TM7-1; o__; f__; g__; s__	1.0
05c1559ef9e9529054c73238e5c0c434	k__Bacteria; p__Proteobacteria; c__Alphaproteobacteria; o__Rhodospirillales	1.0
ae51371b8adf42d6acc461290eadaafe	k__Bacteria; p__Actinobacteria; c__Acidimicrobiia; o__Acidimicrobiales; f__C111; g__; s__	1.0
818f37d48d098111ad6169ee1e4ca286	k__Bacteria; p__Verrucomicrobia; c__Verrucomicrobiae; o__Verrucomicrobiales; f__Verrucomicrobiaceae	1.0
88958354b91df8d43e44a67146dc6b8f	k__Bacteria; p__OD1; c__ABY1; o__; f__; g__; s__	0.9
9da82c4fddd75936641ac65dc47a3ab3	k__Bacteria; p__Proteobacteria; c__Gammaproteobacteria; o__Pseudomonadales; f__Moraxellaceae; g__Perlucidibaca; s__	0.9
fb5b93ea9aca443008bdd1e184e4fe86	k__Bacteria; p__Proteobacteria; c__Alphaproteobacteria; o__Rhizobiales; f__Rhizobiaceae; g__Agrobacterium; s__	1.0
c2bd44413bd123c4310774b760de9c31	k__Bacteria; p__Proteobacteria; c__Betaproteobacteria; o__Methylophilales; f__Methylophilaceae; g__; s__	0.8
c04a902681c85ea2d69cbb45e3a58da1	k__Bacteria; p__Bacteroidetes; c__Bacteroidia; o__Bacteroidales; f__Porphyromonadaceae	0.6666666666666666
f09bf15381fc9189453477daf7806e9e	k__Bacteria; p__Proteobacteria; c__Alphaproteobacteria; o__Rickettsiales; f__; g__; s__	1.0
ec47129b5aaa05c2b7d3e6bf6913e991	k__Bacteria; p__Proteobacteria; c__Deltaproteobacteria; o__Syntrophobacterales; f__Syntrophaceae; g__; s__	1.0
93589b45b38773e7e09509f703bef644	k__Bacteria; p__Bacteroidetes; c__Flavobacteriia; o__Flavobacteriales; f__Cryomorphaceae; g__Fluviicola; s__	1.0
b6782d3014a841882c5eb31e01decdbd	k__Bacteria; p__Proteobacteria; c__Alphaproteobacteria	1.0
720c20a0b61915e4cc5b6cfbb2b8a6d2	k__Bacteria; p__Firmicutes; c__Bacilli; o__Turicibacterales; f__Turicibacteraceae; g__Turicibacter; s__	1.0
a012052aef792e45e67eb99cf85a83b3	k__Bacteria; p__Bacteroidetes; c__Sphingobacteriia; o__Sphingobacteriales; f__; g__; s__	0.7
f7002cdd1e4ee2b6f0c24fde4cce3ed2	k__Bacteria; p__Gemmatimonadetes; c__Gemmatimonadetes; o__Gemmatimonadales; f__Gemmatimonadaceae; g__Gemmatimonas; s__	1.0
521c9f8edcfb08f1eb098631d673bf4c	k__Bacteria; p__Proteobacteria; c__Alphaproteobacteria; o__Rhizobiales; f__Methylocystaceae; g__Pleomorphomonas	0.7
b1120bc9eed0e27b80d1e733e1781ba7	k__Bacteria; p__Proteobacteria; c__Alphaproteobacteria; o__Rhodobacterales; f__Hyphomonadaceae; g__; s__	0.7
00c9c6145962e8f8991024a656540a8e	k__Bacteria; p__Bacteroidetes; c__[Saprospirae]; o__[Saprospirales]; f__Saprospiraceae; g__; s__	1.0
53cb08946ae86c0b3578754a5821bd3f	k__Bacteria; p__Proteobacteria; c__Betaproteobacteria; o__MND1; f__; g__; s__	0.8
1db9bfdd3e3eeb8c1b987af2836c52d0	Unassigned	0.0
b1e3b320e0f766435fc6ed56e8c4e7e4	k__Bacteria; p__Actinobacteria; c__Thermoleophilia; o__Solirubrobacterales; f__; g__; s__	0.7
5e96b738521bfe88861082cd858716bc	k__Bacteria; p__Proteobacteria; c__Gammaproteobacteria	1.0
8de965c8378478a8ac597dd7e8222ed5	k__Bacteria; p__Proteobacteria; c__Betaproteobacteria; o__Rhodocyclales; f__Rhodocyclaceae	0.6
3943f77fba82eb34be7072923113adce	Unassigned	0.0
0a5555e3705db721de06850c66da5668	Unassigned	0.0
492fdf5819298813818e1101a9e25f44	k__Bacteria; p__Proteobacteria; c__Alphaproteobacteria; o__Rhizobiales	0.9
bfb36baff67ccb8b933377a8593c8d10	Unassigned	0.0
b3a4ab9eb30960fbfcdacb6412011009	k__Bacteria; p__Fibrobacteres	0.7
6b45a8eaf2754f1db9a4064776bcee23	k__Bacteria; p__Cyanobacteria; c__Chloroplast; o__Chlorophyta; f__Chlamydomonadaceae	0.7
cd5693f292de47806996aae8ca837f94	k__Bacteria; p__Proteobacteria; c__Gammaproteobacteria; o__Enterobacteriales; f__Enterobacteriaceae; g__Plesiomonas	0.6
f7b12c94e727d926be4e64a54461b1bf	k__Bacteria; p__Proteobacteria; c__Deltaproteobacteria; o__Myxococcales; f__Myxococcaceae; g__Anaeromyxobacter; s__	1.0
b311a0c12b4fa6c86baa6896a9ac4d41	k__Bacteria; p__Proteobacteria; c__Gammaproteobacteria; o__Methylococcales; f__Methylococcaceae	1.0
7791145cd151e9444e9ebe85e1f672eb	k__Bacteria; p__Bacteroidetes; c__[Saprospirae]; o__[Saprospirales]; f__Saprospiraceae; g__; s__	1.0
daf42e0e74e37c174814a6d25645296f	k__Bacteria; p__Bacteroidetes; c__Sphingobacteriia; o__Sphingobacteriales; f__; g__; s__	1.0
28ce1bb3a704a4b45cff5ed2716e67b5	k__Bacteria; p__Cyanobacteria; c__Chloroplast; o__Stramenopiles; f__; g__; s__	1.0
e93c37aec62ac0aa7341517602d0fcba	k__Bacteria; p__Bacteroidetes; c__Cytophagia; o__Cytophagales; f__Cytophagaceae; g__; s__	1.0
08ce23330658b8860fcd7b95be5ce480	k__Bacteria; p__OD1; c__ZB2; o__; f__; g__; s__	1.0
a1db71e06c1f82e457e8dfc1fc98226b	k__Bacteria; p__Proteobacteria; c__Alphaproteobacteria; o__Rhizobiales; f__Hyphomicrobiaceae; g__Hyphomicrobium; s__	1.0
e3d7beba2a588f0e5d99a6bbaba1cee0	k__Bacteria; p__Armatimonadetes; c__[Fimbriimonadia]; o__[Fimbriimonadales]; f__[Fimbriimonadaceae]	1.0
52bf65737f1753e0aed9c944a170c06f	k__Bacteria; p__Firmicutes; c__Clostridia; o__Clostridiales; f__Clostridiaceae; g__; s__	0.7
1dcd0c8c602a8783d99245442512f64b	k__Bacteria; p__Planctomycetes; c__Planctomycetia; o__Pirellulales; f__Pirellulaceae; g__; s__	0.7
0a2ba6cb77326784a326013248081f78	k__Bacteria; p__Bacteroidetes; c__Cytophagia; o__Cytophagales; f__Cytophagaceae; g__; s__	1.0
3f09ac74fdcc7de7ad8b958f507e53c3	k__Bacteria; p__Bacteroidetes; c__Bacteroidia; o__Bacteroidales; f__Bacteroidaceae	0.9
7a499e9f16d84633933b092ceed4fefd	k__Bacteria; p__Proteobacteria; c__Gammaproteobacteria; o__Xanthomonadales; f__Sinobacteraceae; g__; s__	0.8
66e747715f18ef3c2ff3b0c9d0597765	k__Bacteria; p__Proteobacteria; c__Alphaproteobacteria	0.8
13281b682387a471446d9f5df4aa77b3	k__Bacteria; p__GN02; c__BD1-5; o__; f__; g__; s__	1.0
36f4822a90fa5b561d2a204d5a2f8ff0	k__Bacteria; p__OD1; c__; o__; f__; g__; s__	0.9
5c2cb4406774e49f57768c3fc46e58ed	k__Bacteria; p__Planctomycetes; c__OM190; o__agg27; f__; g__; s__	1.0
cba7df75bd95ee8985f35128f1392bad	k__Bacteria; p__Actinobacteria; c__Thermoleophilia; o__Gaiellales; f__; g__; s__	1.0
a4a7e00261b262026ba5964e9f51318d	k__Bacteria; p__Proteobacteria; c__Deltaproteobacteria; o__Myxococcales; f__OM27; g__; s__	1.0
256cc35eb0e27416d67ad87a63288ed9	k__Bacteria; p__Bacteroidetes; c__[Saprospirae]; o__[Saprospirales]; f__Chitinophagaceae; g__; s__	0.7
55fb4c0320ed913e652a147770baeb1a	k__Bacteria; p__Bacteroidetes; c__Cytophagia; o__Cytophagales; f__Cytophagaceae; g__; s__	0.9
2e62ec2529892fee7ec4f41b7baf96b8	k__Bacteria; p__Proteobacteria; c__Betaproteobacteria; o__Burkholderiales; f__Comamonadaceae; g__Hydrogenophaga; s__	0.8
d33cd5e8a7c11371c8d7cb022b5b3e60	k__Bacteria; p__Proteobacteria; c__Gammaproteobacteria; o__Xanthomonadales; f__Sinobacteraceae; g__; s__	1.0
56ca1ac9f7f024d21d5f69e9d792560d	k__Bacteria; p__Proteobacteria; c__Deltaproteobacteria; o__Myxococcales; f__Polyangiaceae; g__; s__	1.0
ff6393a1467387c041d6b80a7e199299	k__Bacteria; p__Cyanobacteria; c__Chloroplast; o__Streptophyta; f__; g__; s__	1.0
07dd7cd601f51059b34dd65a8f175359	k__Bacteria; p__Bacteroidetes; c__[Rhodothermi]; o__[Rhodothermales]; f__[Balneolaceae]; g__KSA1; s__	0.7
1b0bb5b207b3762e466bab6bcb34f6e9	k__Bacteria; p__Proteobacteria; c__Deltaproteobacteria; o__Spirobacillales; f__; g__; s__	1.0
d7f46a6b88d4854966602e66c0f77026	k__Bacteria; p__Proteobacteria; c__Alphaproteobacteria; o__BD7-3; f__; g__; s__	1.0
5cd771782358412fa26fd68be8b1c94d	Unassigned	0.0
f5be77fb3000efd99410f2200c5f7839	k__Bacteria; p__Firmicutes; c__Erysipelotrichi; o__Erysipelotrichales; f__Erysipelotrichaceae	0.6
3bac88afb3267c77322865be23e49ac2	k__Bacteria; p__Firmicutes; c__Clostridia; o__Clostridiales; f__Lachnospiraceae	1.0
e3f1c309fd94a24c2dd30143ed511538	k__Bacteria; p__Verrucomicrobia; c__[Pedosphaerae]; o__[Pedosphaerales]; f__; g__; s__	1.0
6bfa40f34fbcffcff516d4947cf43de7	k__Bacteria; p__Actinobacteria; c__Actinobacteria; o__Actinomycetales	1.0
b29c18b269b0aa1eac10369fed3afe9c	k__Bacteria; p__Proteobacteria; c__Alphaproteobacteria; o__Rickettsiales; f__; g__; s__	0.9
149b270569613e2a435cb4c11be0f335	k__Bacteria; p__Proteobacteria; c__Gammaproteobacteria; o__Legionellales; f__Legionellaceae; g__; s__	0.9
26b7f749812ed7abff389ceaf0ffc241	k__Bacteria; p__Proteobacteria; c__Deltaproteobacteria; o__Desulfobacterales; f__Desulfobulbaceae; g__; s__	0.9
c4a0026f848c33a68a39f437f5de5673	k__Bacteria; p__Proteobacteria; c__Alphaproteobacteria; o__Rickettsiales; f__mitochondria; g__Acanthamoeba; s__polyphaga	1.0
867e8fe6e298d4e01c86296117f92c35	k__Bacteria; p__Chloroflexi; c__Anaerolineae; o__GCA004; f__; g__; s__	1.0
7e2a861f3c169b4cb12dedb50c30f8ae	k__Bacteria; p__Bacteroidetes; c__Bacteroidia; o__Bacteroidales; f__Bacteroidaceae; g__Bacteroides; s__	0.8
91937e09f8ac52932a1ce4d40a827083	k__Bacteria; p__Proteobacteria; c__Deltaproteobacteria; o__Myxococcales; f__OM27; g__; s__	1.0
311e037655075603179e5e2b63f84be3	k__Bacteria; p__Cyanobacteria; c__Chloroplast; o__Streptophyta; f__; g__; s__	1.0
0a3ca6969363acfa50b970d88480bb86	k__Bacteria; p__Proteobacteria; c__Betaproteobacteria; o__Methylophilales; f__; g__; s__	0.6
6921f3cee686cc8b51c81ab00cf43379	k__Bacteria; p__Actinobacteria; c__Thermoleophilia; o__Gaiellales; f__AK1AB1_02E; g__; s__	1.0
4476a8c41b04c73e3900f396050f0bb2	k__Bacteria; p__Proteobacteria; c__Betaproteobacteria; o__Burkholderiales; f__Comamonadaceae; g__Hydrogenophaga; s__	0.7
24dfdff2685904a7932e545eed74e805	k__Bacteria; p__Spirochaetes; c__Spirochaetes; o__Spirochaetales; f__Spirochaetaceae; g__; s__	1.0
36486d7de529f00cf3b9ddcb30886008	k__Bacteria; p__Actinobacteria; c__Actinobacteria; o__Actinomycetales; f__Nocardioidaceae; g__; s__	0.8
fdf9ac0f9b8649c302691aa141cac28d	k__Bacteria; p__Proteobacteria; c__Deltaproteobacteria; o__Bdellovibrionales; f__Bdellovibrionaceae; g__Bdellovibrio; s__	0.8
d845c257f8c6f224f82f4c84994b2b52	k__Bacteria; p__Verrucomicrobia; c__Verrucomicrobiae; o__Verrucomicrobiales; f__Verrucomicrobiaceae; g__Luteolibacter; s__	0.9
7b1cf9d4f87a9b7809843a440ab42bea	k__Bacteria; p__Gemmatimonadetes; c__Gemm-1; o__; f__; g__; s__	1.0
af29539c7225c4fdd2d8c40cb0f7b4cf	k__Bacteria; p__Actinobacteria; c__MB-A2-108; o__0319-7L14; f__; g__; s__	1.0
acf074719f0fc73e3337990230893ef3	k__Bacteria; p__Proteobacteria; c__Alphaproteobacteria; o__Rhodospirillales; f__Rhodospirillaceae; g__; s__	0.7
017d5872e27111a5511ac911478932f0	k__Bacteria; p__Proteobacteria; c__Alphaproteobacteria; o__Rhodospirillales; f__Acetobacteraceae; g__; s__	0.9
bd4a881356d1ba21d3accf70747e0ad0	k__Bacteria; p__Proteobacteria; c__Deltaproteobacteria; o__Spirobacillales; f__; g__; s__	0.9
6a59b7e46bcc5ba23a21756ff517fa25	k__Bacteria; p__Bacteroidetes	1.0
79a2e80d7574f3aa9620b8de65231a1c	k__Bacteria; p__Proteobacteria; c__Gammaproteobacteria; o__Legionellales; f__Coxiellaceae; g__; s__	0.8
d7defd659201246e8664f8a8ed39518c	k__Bacteria; p__Cyanobacteria; c__Chloroplast; o__Euglenozoa; f__; g__; s__	1.0
e294ba236f2d2275daa53fb2918cd45f	k__Bacteria; p__Bacteroidetes; c__Flavobacteriia; o__Flavobacteriales; f__Flavobacteriaceae; g__Flavobacterium; s__	1.0
c2f42d6e66f5a4dba83a93e5cc5757d4	k__Bacteria; p__Proteobacteria; c__Deltaproteobacteria; o__Bdellovibrionales; f__Bacteriovoracaceae; g__; s__	1.0
57bc890864f4e4956949ed3122fd993f	k__Bacteria; p__Tenericutes; c__Mollicutes; o__RF39; f__; g__; s__	1.0
940d5b2c90a4268c00ef97498a26c65d	k__Bacteria; p__Planctomycetes; c__Phycisphaerae; o__Phycisphaerales; f__; g__; s__	0.9
37666ec6a83d3eac226ee7e8e4b45373	k__Bacteria; p__Proteobacteria; c__Deltaproteobacteria; o__Syntrophobacterales; f__Syntrophaceae; g__Syntrophus; s__	0.6
d66c1c6e56d386eae931a8b33c812c50	k__Bacteria; p__Proteobacteria; c__Alphaproteobacteria; o__Rickettsiales; f__; g__; s__	1.0
be2ada790d677d859e81f527d94f146b	k__Bacteria; p__Cyanobacteria; c__Chloroplast; o__Streptophyta; f__; g__; s__	0.8
faea3020e74aa522d7c6ec54f5f53b25	k__Bacteria; p__Armatimonadetes; c__[Fimbriimonadia]; o__[Fimbriimonadales]; f__[Fimbriimonadaceae]; g__; s__	0.6
b91d53a4440b517fa7a3e54f58832c3f	k__Bacteria; p__Proteobacteria; c__Betaproteobacteria; o__; f__; g__; s__	1.0
5ab8f8042e191017ff5ccd51627903b6	k__Bacteria; p__Fibrobacteres; c__Fibrobacteria; o__258ds10; f__; g__; s__	1.0
5b6a199d2e194deddee7c94677438948	k__Bacteria; p__Bacteroidetes; c__Sphingobacteriia; o__Sphingobacteriales; f__; g__; s__	0.7
b8bee78f1ffb9fc2577fd04824d1ff48	k__Bacteria; p__Proteobacteria; c__Alphaproteobacteria; o__Sphingomonadales; f__Sphingomonadaceae; g__; s__	0.8
f940c6fa8156f4fe4a481b659f05a3f6	k__Bacteria	1.0
1cb1f34bc23efb868e86b956e40d4caa	k__Bacteria; p__Proteobacteria; c__Alphaproteobacteria; o__Rhizobiales	0.9
477aaff16d6d4541b139ca786a3fe2df	k__Bacteria; p__Actinobacteria; c__Acidimicrobiia; o__Acidimicrobiales; f__; g__; s__	1.0
b9d291d94050d1642d42d800ded7ee8c	k__Bacteria; p__Proteobacteria; c__Alphaproteobacteria; o__Rhizobiales; f__Methylocystaceae; g__Pleomorphomonas	0.7
99fb94c907ef70ff1d23aa801f94b878	k__Bacteria; p__Proteobacteria; c__Alphaproteobacteria; o__Sphingomonadales; f__Sphingomonadaceae; g__Novosphingobium; s__	0.6
3e92b3ac97eab74aa1fbf59a373b87f9	k__Bacteria; p__Proteobacteria; c__Alphaproteobacteria; o__Rhodobacterales; f__Rhodobacteraceae; g__; s__	0.7
0bdc391b4e762d36944eb236d59c3430	k__Bacteria; p__Verrucomicrobia; c__Verruco-5; o__LD1-PB3; f__; g__; s__	1.0
cebff4b264cc27a2168e680c4b06c957	k__Bacteria; p__Bacteroidetes; c__Sphingobacteriia; o__Sphingobacteriales; f__; g__; s__	0.7
29405fcc44af1bf042d5457b74597354	k__Bacteria; p__Planctomycetes; c__Planctomycetia; o__Planctomycetales; f__Planctomycetaceae; g__Planctomyces; s__	1.0
d13e32730cecf6646c86f881b529bd12	k__Bacteria; p__Proteobacteria; c__Alphaproteobacteria; o__BD7-3; f__; g__; s__	1.0
27f1d17a9300ff1a5fb7ebbd1edb2e9c	k__Bacteria; p__Proteobacteria; c__Deltaproteobacteria; o__Bdellovibrionales; f__Bacteriovoracaceae; g__; s__	0.9
b82a6c0ed6ba1286e24dd91aa6778f17	k__Bacteria; p__Actinobacteria; c__Acidimicrobiia; o__Acidimicrobiales; f__C111; g__; s__	1.0
edc26a7d45846c8ad4cf836122d4c840	k__Bacteria; p__Proteobacteria; c__Deltaproteobacteria; o__Myxococcales; f__; g__; s__	1.0
ebef0bf2173dda0bb5c08ba6a176540f	k__Bacteria; p__Firmicutes; c__Clostridia; o__Clostridiales; f__Clostridiaceae; g__; s__	0.9
bca1a3c9849466d4a35efdac2de8a04b	k__Bacteria; p__Proteobacteria; c__Alphaproteobacteria; o__Sphingomonadales; f__Sphingomonadaceae; g__Blastomonas; s__	0.6
59c8622d43049ed1229fc6bb9f2032c2	Unassigned	0.0
07f7fce01239d10b48f7e2297c508550	k__Bacteria; p__Planctomycetes; c__Planctomycetia; o__Pirellulales; f__Pirellulaceae; g__; s__	1.0
5b4a04bb2dde33eea395438cc0646a03	k__Bacteria; p__Proteobacteria; c__Gammaproteobacteria; o__Pseudomonadales; f__Pseudomonadaceae; g__Pseudomonas; s__	0.6
6258cec970100e9a802094da972c1b48	k__Bacteria; p__Cyanobacteria; c__Chloroplast	1.0
0c23cb799993c3ca12603ef1324406d2	k__Bacteria; p__Proteobacteria; c__Alphaproteobacteria; o__Rhodobacterales; f__Rhodobacteraceae; g__Rhodobacter; s__	1.0
ea0ae26aa4db5334d7a6477800f0fb3b	k__Bacteria; p__Actinobacteria; c__OPB41; o__; f__; g__; s__	0.9
239363858f94eb6bb23d910ff082a0a2	k__Bacteria; p__Proteobacteria; c__Betaproteobacteria; o__; f__; g__; s__	0.9
40a0a29f64e2f83200701ba7a1b83fda	k__Bacteria; p__Bacteroidetes	1.0
81cdb02c7fda0f6b4fdb90f282db37bd	k__Bacteria; p__Proteobacteria; c__Alphaproteobacteria; o__Rhizobiales; f__; g__; s__	0.9
60084451e3f84491ff837f55d65c83b8	k__Bacteria; p__Proteobacteria; c__Alphaproteobacteria; o__Caulobacterales; f__Caulobacteraceae; g__; s__	1.0
d23d6af075ee332e1fc478bb46af188d	k__Bacteria; p__Proteobacteria; c__Betaproteobacteria; o__Burkholderiales; f__Alcaligenaceae; g__Sutterella; s__	0.9
92d5c5a430e2a696f9ce92e1a861c27d	k__Bacteria; p__OP3; c__BD4-9; o__; f__; g__; s__	1.0
861265919bc976e0448930027fe6a916	k__Bacteria; p__Proteobacteria; c__Alphaproteobacteria; o__BD7-3; f__; g__; s__	1.0
0862d97d510738cea8ae0a80c754e699	k__Bacteria; p__Proteobacteria; c__Betaproteobacteria; o__Burkholderiales; f__Comamonadaceae	1.0
8738ca435eee3a6f53c30670346b9abd	k__Bacteria; p__Proteobacteria; c__Alphaproteobacteria	1.0
1b37fec477bf64203fcfb272bd5f8d83	k__Bacteria; p__Firmicutes; c__Clostridia; o__Clostridiales; f__Ruminococcaceae; g__Ruminococcus; s__	0.6
f919fb085a3a69b027add38dbd5db13b	k__Bacteria; p__Proteobacteria; c__Alphaproteobacteria; o__Rhizobiales	0.6
19c23a5dcdd6577472dad4b75897f08f	k__Bacteria; p__Actinobacteria; c__Actinobacteria; o__Actinomycetales	0.9
914c08d302fdb72565f7df2e6b4d12db	Unassigned	0.0
d1f18960cb83030be9f3c42bba224fba	k__Bacteria; p__Proteobacteria; c__Alphaproteobacteria; o__Rickettsiales; f__; g__; s__	0.7
d1db1b4b794c50a753164453da874eb4	k__Bacteria; p__Proteobacteria; c__Alphaproteobacteria; o__Rickettsiales; f__mitochondria; g__Phytophthora	0.6
aafbeec6dabdeed2136bfe9eeaf75ecd	k__Bacteria; p__Proteobacteria; c__Alphaproteobacteria; o__Rickettsiales; f__Rickettsiaceae; g__; s__	1.0
6d9acd4d5d281b0fbdf549e2cf09c3b9	Unassigned	0.0
c21cdda147973d727d23e9dc3cc5841c	k__Bacteria; p__Cyanobacteria; c__Synechococcophycideae; o__Synechococcales; f__Synechococcaceae; g__Synechococcus; s__	1.0
033fe83f8d30abadb54b127214334f0c	k__Bacteria; p__Chlamydiae; c__Chlamydiia; o__Chlamydiales; f__Parachlamydiaceae	0.9
32033234d21c6a27368141325247b0c9	k__Bacteria; p__Bacteroidetes; c__Bacteroidia; o__Bacteroidales; f__; g__; s__	1.0
1156eb320765d99e104a4b7c94f00b6c	k__Bacteria; p__Proteobacteria; c__Epsilonproteobacteria; o__Campylobacterales; f__Helicobacteraceae; g__; s__	1.0
3100b1ff23c4b7f429482f34e68fff08	k__Bacteria; p__Planctomycetes; c__Planctomycetia; o__Gemmatales; f__Gemmataceae; g__Gemmata; s__	1.0
c17614ac5623f6e32d6255147de29aef	k__Bacteria; p__Elusimicrobia; c__Elusimicrobia; o__Elusimicrobiales; f__; g__; s__	1.0
0253beff3e810b9cb6e17c114b3c6221	k__Bacteria; p__Elusimicrobia; c__Elusimicrobia; o__IIb; f__; g__; s__	0.7
bcf96edf6363227a85b9a3d39fe26552	k__Bacteria; p__Verrucomicrobia; c__[Spartobacteria]; o__[Chthoniobacterales]; f__[Chthoniobacteraceae]	1.0
3a2185254304359f25585765119522ee	k__Bacteria; p__Proteobacteria; c__Alphaproteobacteria; o__Rickettsiales; f__; g__; s__	1.0
1d641390e2194035464e99a023b7d6f3	k__Bacteria; p__Proteobacteria; c__Gammaproteobacteria; o__Chromatiales; f__Ectothiorhodospiraceae; g__Ectothiorhodospira; s__	1.0
89b0ca3a5550068542ff57e9025cfc35	k__Bacteria; p__OP11; c__WCHB1-64; o__; f__; g__; s__	0.6666666666666666
278e72138cba4fc2d8d56a7c74b55d46	k__Bacteria; p__Actinobacteria; c__Actinobacteria; o__Actinomycetales; f__Mycobacteriaceae; g__Mycobacterium; s__	1.0
ef6a479bae8dc8130b98d04e16359546	k__Bacteria; p__Planctomycetes; c__Planctomycetia; o__Pirellulales; f__Pirellulaceae; g__; s__	0.9
28ea75d2ac90186d63f77d6aaf5f251d	k__Bacteria; p__Proteobacteria; c__Gammaproteobacteria; o__Aeromonadales; f__Aeromonadaceae	0.7
8ddb102b82a98ee360e52509bfc6b2a6	k__Bacteria; p__Cyanobacteria; c__Synechococcophycideae; o__Pseudanabaenales; f__Pseudanabaenaceae; g__Leptolyngbya; s__	0.9
cb779f84aad00611effb875b3a97b585	k__Bacteria; p__Planctomycetes; c__Planctomycetia; o__Pirellulales; f__Pirellulaceae; g__; s__	1.0
fd5999a09a6d4913ac2b4ffcbcf9d160	k__Bacteria; p__Proteobacteria; c__Alphaproteobacteria; o__Rhodospirillales; f__Acetobacteraceae; g__Roseococcus; s__	1.0
e6da631917a3f82ec15519546e38cfa7	k__Bacteria; p__Proteobacteria; c__Gammaproteobacteria; o__Chromatiales; f__Ectothiorhodospiraceae; g__Ectothiorhodospira; s__	0.7
c33305bb53c4e3199e314e00dc5f140f	k__Bacteria; p__Proteobacteria; c__Gammaproteobacteria; o__Alteromonadales; f__Alteromonadaceae; g__Cellvibrio; s__	1.0
db7f3646037a1b86cdc1e7c7f68c1e34	k__Bacteria; p__Proteobacteria; c__Betaproteobacteria; o__Methylophilales; f__Methylophilaceae; g__; s__	0.9
4fc06f4a9dbbb4df251e3a90e9261b5d	k__Bacteria; p__Proteobacteria; c__Betaproteobacteria; o__Burkholderiales; f__Comamonadaceae; g__Hydrogenophaga; s__	0.9
69f01b7b0b3f3e6a03015d692354e3b3	k__Bacteria; p__Proteobacteria; c__Alphaproteobacteria; o__Caulobacterales; f__Caulobacteraceae; g__Mycoplana; s__	0.7
87772341627552d8aa0aa9a2eef8bc26	k__Bacteria; p__OP3; c__BD4-9; o__; f__; g__; s__	1.0
8557e1c053020bdf74c2f7d8d987e07b	k__Bacteria; p__Proteobacteria; c__Deltaproteobacteria; o__Desulfarculales; f__Desulfarculaceae; g__; s__	0.6
f6c5c46660537b6520b24091951cecb0	k__Bacteria; p__Verrucomicrobia; c__[Spartobacteria]; o__[Chthoniobacterales]; f__[Chthoniobacteraceae]; g__Candidatus Xiphinematobacter; s__	0.9
c3d121ddc10abfb4c4d509210e8aca7e	k__Bacteria; p__Bacteroidetes; c__Sphingobacteriia; o__Sphingobacteriales; f__; g__; s__	0.8
b7e718bee7d4b95ff97a0a59a93be109	k__Bacteria	1.0
1fabe736e50efbc8f5e2d8d9f32f4113	k__Bacteria; p__Armatimonadetes; c__Armatimonadia; o__Armatimonadales; f__Armatimonadaceae; g__; s__	0.6
3d90944b89793c45789d26be1703f09d	k__Bacteria; p__Actinobacteria; c__Actinobacteria; o__Actinomycetales; f__; g__; s__	1.0
9458c9549082a453a8e90a091f60bd7e	k__Bacteria; p__Firmicutes; c__Clostridia; o__Clostridiales; f__Peptostreptococcaceae; g__; s__	1.0
9aa52b1ac9444cc46238ba4c7887efcd	k__Bacteria; p__Bacteroidetes; c__VC2_1_Bac22; o__; f__; g__; s__	0.6
ecad4cb02129ef5f379548ffb5d08c01	k__Bacteria; p__Proteobacteria; c__Alphaproteobacteria; o__Rickettsiales; f__mitochondria; g__Cyanophora; s__paradoxa	1.0
3d5f26167e81d4d27ef87667d2b6f6c2	k__Bacteria; p__Proteobacteria; c__Alphaproteobacteria; o__; f__; g__; s__	1.0
5903fed6da13d7e7de93e35abd6ddd7a	k__Bacteria; p__Proteobacteria; c__Gammaproteobacteria; o__Xanthomonadales; f__Sinobacteraceae; g__; s__	1.0
b719c7be07dcab7fa08bd5f241d3dd44	k__Bacteria; p__Proteobacteria; c__Deltaproteobacteria; o__Bdellovibrionales; f__Bacteriovoracaceae; g__; s__	0.9
2dbd7bcedf4b43eac0d11900a861a2e6	k__Bacteria; p__Tenericutes; c__Mollicutes; o__Mycoplasmatales; f__Mycoplasmataceae; g__Mycoplasma; s__	1.0
05799b78ff6969ddcaf58a7af457489e	k__Bacteria; p__OD1; c__; o__; f__; g__; s__	0.6
38ea77bead4acc7d2215251a3f5737ef	k__Bacteria; p__Proteobacteria	1.0
66236f83cf31ccacde0911cf025eaabf	k__Bacteria; p__Gemmatimonadetes; c__Gemmatimonadetes; o__KD8-87; f__; g__; s__	1.0
292285464973e65d1173aa9a28b66e04	k__Bacteria; p__Proteobacteria; c__Betaproteobacteria; o__Burkholderiales; f__Comamonadaceae	1.0
b5e81a1900154d356a3d3f0e1fe420ea	k__Bacteria; p__Bacteroidetes; c__Sphingobacteriia; o__Sphingobacteriales; f__; g__; s__	0.9
72e9e13eab679ec32620f77f5edfca87	k__Bacteria; p__Proteobacteria; c__Alphaproteobacteria; o__Rhizobiales; f__; g__; s__	0.6
9cf87dc699c93d33df81a39a60dcdb53	k__Bacteria; p__Proteobacteria; c__Gammaproteobacteria; o__Xanthomonadales; f__Xanthomonadaceae; g__; s__	0.8
38825f2ce7fa7afece056305be466936	k__Bacteria; p__Proteobacteria; c__Betaproteobacteria; o__Gallionellales; f__Gallionellaceae; g__Gallionella; s__	0.9
ddbd32928d9d1e547c242d4a44d8aa49	k__Archaea; p__[Parvarchaeota]; c__[Parvarchaea]; o__WCHD3-30; f__; g__; s__	1.0
f77df34b981ca5c48082d64f4f8788f9	k__Bacteria; p__Proteobacteria; c__Deltaproteobacteria; o__Bdellovibrionales; f__Bacteriovoracaceae; g__; s__	0.9
954da0975c39ce96404762cca85327dc	k__Bacteria; p__Proteobacteria; c__Betaproteobacteria; o__Methylophilales; f__Methylophilaceae; g__; s__	1.0
ed9746fd7dedb556a67a720fc8806b84	k__Bacteria; p__Bacteroidetes; c__[Saprospirae]; o__[Saprospirales]; f__Saprospiraceae; g__; s__	1.0
68ebba851dfeccfedb31ce12fcaaeff2	k__Bacteria; p__Proteobacteria; c__TA18; o__CV90; f__; g__; s__	1.0
370cf364e7c7b39b39449866f39b7a0b	k__Bacteria; p__Proteobacteria	0.9
55d7a74341e325fe6aa7b5eb940e1a6d	k__Bacteria; p__Proteobacteria; c__Gammaproteobacteria; o__Pseudomonadales; f__Pseudomonadaceae; g__Pseudomonas; s__	1.0
c5285c015e1a02a72f3b838e64bdff3c	k__Bacteria; p__Proteobacteria; c__Betaproteobacteria; o__Burkholderiales; f__Oxalobacteraceae; g__; s__	0.8
1283dbed43a368ebb9614c14148144f6	k__Bacteria; p__Firmicutes; c__Clostridia; o__Clostridiales; f__Ruminococcaceae; g__Ruminococcus; s__	1.0
d7e69d27d561888d2100db5486df3c0a	k__Bacteria; p__Proteobacteria; c__Alphaproteobacteria; o__Rhodobacterales; f__Rhodobacteraceae; g__; s__	0.6
0d1836379a9e7430fce123308ce963d7	k__Bacteria; p__Proteobacteria; c__Alphaproteobacteria	0.9
21713e2e998368a08447a2067ad531af	k__Bacteria; p__Proteobacteria; c__TA18; o__PHOS-HD29; f__; g__; s__	1.0
9e12205892c833ecd1d3228dc7cbd77d	k__Bacteria; p__Proteobacteria; c__Deltaproteobacteria; o__Myxococcales; f__; g__; s__	1.0
6a3af9dbe7590bf4d0e90e2fee44b782	k__Bacteria; p__Bacteroidetes; c__Bacteroidia; o__Bacteroidales; f__Porphyromonadaceae; g__Paludibacter; s__	1.0
2e6206b9b4bb3732620ba92ad9cf7026	k__Bacteria; p__Proteobacteria; c__Alphaproteobacteria; o__Rhizobiales; f__; g__; s__	1.0
d1c8946bedd3b81f2953e3cf7da62edf	k__Bacteria; p__Proteobacteria; c__Gammaproteobacteria; o__Methylococcales	0.8181818181818182
cb1ce2b3a2646bb25d93779290a1142a	Unassigned	0.0
16dab087b4e6445e858c2ae5f8dbe5bf	k__Bacteria; p__NC10; c__; o__; f__; g__; s__	1.0
044cfe1da1952abe76b97cf24b2ebc81	k__Bacteria; p__Cyanobacteria; c__Synechococcophycideae; o__Pseudanabaenales; f__Pseudanabaenaceae; g__Leptolyngbya; s__	1.0
daa899b10a6db1de57213fafe8d6d08c	k__Bacteria; p__Proteobacteria; c__Betaproteobacteria; o__Burkholderiales; f__Comamonadaceae	1.0
1fbb2b8659ea4cd1c215302722038053	k__Bacteria; p__Proteobacteria; c__Deltaproteobacteria; o__Myxococcales; f__; g__; s__	1.0
f33cbc70b4a07db7dfd619f30b2ffe6e	k__Bacteria; p__Cyanobacteria; c__Synechococcophycideae; o__Synechococcales; f__Synechococcaceae; g__Synechococcus; s__	1.0
5b26c635de02acc25678ca1d1c37fd52	k__Bacteria; p__Proteobacteria; c__Deltaproteobacteria; o__Myxococcales; f__; g__; s__	1.0
8d73d68ee711674b15c95b58b9d4e4be	k__Bacteria; p__Tenericutes; c__Mollicutes; o__; f__; g__; s__	1.0
466f811057258492c64781808f1d7fa2	k__Bacteria; p__Firmicutes; c__Clostridia; o__Clostridiales; f__Clostridiaceae; g__; s__	1.0
8520278d3005a673aa201df455afbe3c	k__Bacteria; p__Proteobacteria; c__Gammaproteobacteria; o__Legionellales; f__; g__; s__	0.6
0adfb63ae04fb53ad44f9bb469196971	k__Bacteria; p__Bacteroidetes; c__Flavobacteriia; o__Flavobacteriales; f__Cryomorphaceae; g__Fluviicola; s__	1.0
bb3f44134fd1246b9ba6a6ecc85df58c	k__Bacteria; p__Proteobacteria	1.0
ee01ffea006a36069c0be4411b9eb5f7	k__Bacteria; p__Bacteroidetes; c__Sphingobacteriia; o__Sphingobacteriales; f__; g__; s__	1.0
c20b07c98748907d9c25d340c0936eb4	k__Bacteria; p__OD1; c__ZB2; o__; f__; g__; s__	1.0
0520563112259240c980e11216b6716e	k__Bacteria; p__OD1; c__ZB2; o__; f__; g__; s__	1.0
a6da07922e10022611fd506d5ec9ffc2	k__Bacteria; p__Actinobacteria; c__Actinobacteria; o__Actinomycetales; f__Microbacteriaceae; g__; s__	0.7
fae48537b02d4f859abaf6d75bddabe2	k__Bacteria; p__Proteobacteria; c__Alphaproteobacteria; o__Rhizobiales; f__; g__; s__	0.6
dff8740aa12f78aa3f9894187ef9da14	k__Bacteria; p__OD1; c__; o__; f__; g__; s__	1.0
60636c32c31eba7d542a1d22b75ec6e3	k__Bacteria; p__Acidobacteria; c__Solibacteres; o__Solibacterales; f__; g__; s__	1.0
bcba389d767add1e3b150d07546f66e7	k__Bacteria; p__Proteobacteria	1.0
e57ca5f9235d0c935af398b7a4103462	k__Bacteria; p__Armatimonadetes; c__[Fimbriimonadia]; o__[Fimbriimonadales]; f__[Fimbriimonadaceae]; g__; s__	0.9
df1d88df25b2434a5fbdf5d7a66d5bfc	k__Bacteria; p__Tenericutes; c__Mollicutes; o__Entomoplasmatales; f__; g__; s__	1.0
416500205ce1679690ff91d02594d85b	k__Bacteria; p__Proteobacteria; c__Alphaproteobacteria	0.9
2ef29172f3bf8936e6fbef7047009403	k__Bacteria; p__Gemmatimonadetes; c__Gemmatimonadetes; o__; f__; g__; s__	0.6
6bfdc13c1d98c163a40da80d139d88b8	k__Bacteria; p__Proteobacteria; c__Gammaproteobacteria	1.0
9a817ae474da2c7f5647451b1ce06c40	k__Bacteria; p__Proteobacteria; c__Deltaproteobacteria; o__MIZ46; f__; g__; s__	1.0
cc8a1bc5db6e2e842114d66457ab87cf	k__Bacteria; p__Chloroflexi; c__Chloroflexi; o__[Roseiflexales]; f__[Kouleothrixaceae]; g__; s__	0.8
cad7ce185e9e81aafdccd0b6da6bd67e	k__Bacteria; p__Armatimonadetes; c__[Fimbriimonadia]; o__[Fimbriimonadales]; f__[Fimbriimonadaceae]; g__Fimbriimonas; s__	1.0
cfacc1d45867733c8d8d968c4f4eed3b	k__Bacteria; p__SR1; c__; o__; f__; g__; s__	1.0
801baf2bdbca2b37511852e1e407f50c	k__Bacteria; p__Cyanobacteria; c__Chloroplast; o__Stramenopiles; f__; g__; s__	1.0
512fc22d287d21accf69302a3209ed11	k__Bacteria; p__Proteobacteria; c__Alphaproteobacteria; o__Rhizobiales; f__Hyphomicrobiaceae; g__; s__	0.8
4307d921f19b273013a821422a1e1813	k__Bacteria; p__Cyanobacteria	0.9
3e29b004619a55e0b8a1e688fa1c1abe	k__Bacteria; p__Acidobacteria; c__Acidobacteria-6; o__iii1-15; f__; g__; s__	1.0
379226d53c667d180a806935da283dfc	k__Bacteria; p__Cyanobacteria; c__Chloroplast; o__Chlorophyta; f__; g__; s__	0.7
cccb71620fadef208cffa50c289aa7cb	k__Bacteria; p__Proteobacteria; c__Alphaproteobacteria	0.8
bfd76842aac41cac8e4b0be92beca6fb	k__Bacteria; p__Chloroflexi; c__Chloroflexi; o__[Roseiflexales]; f__; g__; s__	0.8
2f5604d0ea1898cd5357988181352454	k__Bacteria; p__Proteobacteria; c__Alphaproteobacteria; o__Rhizobiales; f__; g__; s__	1.0
51f1b2618d51060edfe5810212fb097c	k__Bacteria; p__Proteobacteria; c__Gammaproteobacteria; o__Methylococcales; f__Crenotrichaceae; g__Crenothrix; s__	1.0
4fcb79b45220d63a08c1b6fa3ab3ade4	k__Bacteria; p__Planctomycetes; c__Planctomycetia; o__Gemmatales; f__Isosphaeraceae; g__; s__	1.0
a7fa473bcebd073b9bbcc06205d25fd7	k__Bacteria; p__Proteobacteria; c__Betaproteobacteria; o__Rhodocyclales; f__Rhodocyclaceae; g__Dechloromonas; s__	0.8
0a030fccef451f9866e99ecc5ddf00fc	k__Bacteria; p__Firmicutes; c__Clostridia; o__Clostridiales; f__Clostridiaceae; g__Clostridium; s__	1.0
1786d4ec2aacbe9749d7615232b8e62b	k__Bacteria; p__Cyanobacteria; c__Nostocophycideae; o__Stigonematales; f__Rivulariaceae; g__; s__	0.6
97882d7d252875184f1d1dd64ecfd10c	k__Bacteria; p__Actinobacteria; c__Acidimicrobiia; o__Acidimicrobiales; f__; g__; s__	1.0
7d1e8a8d53d8e6a60234aec38eee0b4f	k__Bacteria; p__Proteobacteria; c__Deltaproteobacteria; o__Myxococcales; f__OM27; g__; s__	1.0
e68979417d6bd0c3a68fbdf49d1ba21d	k__Bacteria; p__Proteobacteria; c__Gammaproteobacteria; o__Xanthomonadales; f__Xanthomonadaceae; g__; s__	0.9
309702467991139a35462d392fb6c029	k__Bacteria; p__Proteobacteria; c__Gammaproteobacteria; o__Methylococcales; f__Methylococcaceae; g__Methylocaldum; s__	0.8
34616f57d9b4e2abb446c079b3200f64	k__Bacteria; p__Proteobacteria; c__Alphaproteobacteria; o__Rhodobacterales	0.6
c31ed31ed10fb5c6263e52a9e78ffa39	k__Bacteria; p__Proteobacteria; c__Alphaproteobacteria; o__Rickettsiales; f__; g__; s__	0.9
bc173ab4eb93130dcde707b7713d4af6	k__Bacteria; p__Proteobacteria; c__Alphaproteobacteria; o__Rhodospirillales; f__Acetobacteraceae; g__; s__	0.7
2840de9803999ffa213cf0663341a543	k__Bacteria; p__Proteobacteria; c__Alphaproteobacteria; o__Rhodobacterales; f__Hyphomonadaceae; g__Hyphomonas; s__	1.0
c73cdeb6e2748d03db30552d02b21b76	k__Bacteria; p__Cyanobacteria; c__Chloroplast; o__Stramenopiles; f__; g__; s__	1.0
0babbc4c77a268fad56ace5e95d97ca7	k__Bacteria; p__Proteobacteria; c__Epsilonproteobacteria; o__Campylobacterales; f__Helicobacteraceae; g__Sulfuricurvum; s__kujiense	1.0
af5e4d454af0d79d92e5192019116641	k__Bacteria; p__Firmicutes; c__Clostridia; o__Clostridiales; f__Clostridiaceae; g__Clostridium; s__	0.9
2ca5592c9db76360f8ff469ef39df0c4	k__Bacteria; p__Proteobacteria; c__TA18; o__CV90; f__; g__; s__	0.7
a6c7021343386bd59b74290f8df91fa1	k__Bacteria; p__Verrucomicrobia; c__Opitutae; o__Opitutales; f__Opitutaceae; g__Opitutus; s__	0.6
f7ec4914d427819a8ca87be37445c1fb	k__Bacteria; p__Proteobacteria; c__Betaproteobacteria; o__Burkholderiales; f__Oxalobacteraceae; g__Janthinobacterium; s__	0.8
d1fdd17b62af13df6fb1b14405b5cf32	k__Bacteria; p__Proteobacteria; c__TA18; o__PHOS-HD29; f__; g__; s__	1.0
c977f69332f664e0cb5e8522f35de532	Unassigned	0.0
e60e3c32f95f7109f8d6ce60b94f7f90	k__Bacteria	1.0
c8414849268cdc437ae16130e135e162	k__Bacteria; p__Bacteroidetes; c__Bacteroidia; o__Bacteroidales; f__; g__; s__	1.0
b4481a09b4fca7092c6ea348a46b6aa3	k__Bacteria; p__Proteobacteria; c__Gammaproteobacteria; o__Xanthomonadales; f__Xanthomonadaceae; g__Lysobacter; s__	1.0
e7afbfcfd311ae7dcf2b416415934871	k__Bacteria; p__Bacteroidetes; c__Bacteroidia; o__Bacteroidales; f__Prevotellaceae; g__Prevotella; s__	1.0
a8f772f1acab5c66c80c28aa9adbfe64	k__Bacteria; p__Cyanobacteria; c__Chloroplast; o__Stramenopiles; f__; g__; s__	1.0
5065e301d7d013c2175108051cca0563	k__Bacteria; p__Proteobacteria; c__Deltaproteobacteria; o__Bdellovibrionales; f__Bdellovibrionaceae; g__Bdellovibrio; s__	1.0
b842a58b0123e2675bb352ea043ea93a	k__Bacteria; p__Firmicutes; c__Clostridia; o__Clostridiales; f__; g__; s__	1.0
0d225182a2b4154ae18706b98b8e8bdb	k__Bacteria; p__Actinobacteria; c__Acidimicrobiia; o__Acidimicrobiales; f__C111; g__; s__	1.0
55c908815b548b372861dbe4939eebd6	k__Bacteria; p__Proteobacteria; c__Alphaproteobacteria	0.8
f15e78ed6583e6c77cabbf02f984fc50	k__Bacteria; p__Cyanobacteria; c__Chloroplast; o__Streptophyta; f__; g__; s__	1.0
b07d74a6a579978e9da66fb9375f95fc	k__Bacteria; p__Acidobacteria; c__Acidobacteria-6; o__CCU21; f__; g__; s__	1.0
eff3fb2771b2888412d69e7d591e1f65	k__Bacteria; p__Proteobacteria; c__Betaproteobacteria; o__Methylophilales; f__Methylophilaceae; g__; s__	0.6
2aa26920d9db801da541e80e4c74e955	k__Bacteria; p__Bacteroidetes; c__Sphingobacteriia; o__Sphingobacteriales; f__; g__; s__	1.0
dad12f282bee769d5538ed85a34ea98f	k__Bacteria; p__Bacteroidetes; c__Sphingobacteriia; o__Sphingobacteriales; f__; g__; s__	1.0
dd50af57d18efa9c7a6e49d3e7ed2a7c	k__Bacteria; p__Proteobacteria; c__Gammaproteobacteria; o__Xanthomonadales; f__Sinobacteraceae; g__; s__	1.0
4cca63927c058e3e247c13d8e045658e	k__Bacteria; p__Proteobacteria; c__Alphaproteobacteria; o__Rickettsiales; f__mitochondria; g__Synedra; s__acus	1.0
ed195d0137a3542a20bf0df18e335c71	k__Bacteria; p__Verrucomicrobia; c__Verrucomicrobiae; o__Verrucomicrobiales; f__Verrucomicrobiaceae; g__Luteolibacter; s__	1.0
f5964c4cc5029a0c66bfee878e589e34	k__Bacteria; p__Actinobacteria; c__Actinobacteria; o__Actinomycetales; f__Mycobacteriaceae; g__Mycobacterium; s__	1.0
5878023531b8f2d81863d7703d2f744f	k__Bacteria; p__Bacteroidetes; c__Cytophagia; o__Cytophagales; f__[Amoebophilaceae]; g__SC3-56; s__	0.6
94ca5462c3b58c8a12033bf40c9da1d3	Unassigned	0.0
35035ad94b9761730ce8e78950bab80a	k__Bacteria; p__Proteobacteria; c__Alphaproteobacteria; o__Caulobacterales; f__Caulobacteraceae; g__Caulobacter	0.6
8c47b19053ace43f9766e0951b57bcfa	k__Bacteria; p__Proteobacteria; c__Alphaproteobacteria; o__Rickettsiales; f__; g__; s__	0.9
2645afe5b7a5d34b4e4f08fbdfda576f	k__Bacteria; p__Cyanobacteria; c__Chloroplast; o__Streptophyta; f__; g__; s__	1.0
a659de7ee5b69d4717b69ea72e00ffca	k__Bacteria; p__Proteobacteria; c__Alphaproteobacteria; o__Rhizobiales; f__Hyphomicrobiaceae; g__Devosia; s__	1.0
4096bc8f5baa94743594755a47b397a0	k__Bacteria; p__Cyanobacteria; c__Chloroplast; o__Stramenopiles; f__; g__; s__	1.0
eb4a108ac5ca10cd0e041974b341c6e5	k__Bacteria; p__Proteobacteria; c__Alphaproteobacteria; o__Rhodospirillales; f__Acetobacteraceae; g__Roseomonas; s__	0.8
23dad1c04bc9af8d367ade5eb0e56f8d	k__Bacteria; p__Proteobacteria; c__Alphaproteobacteria; o__Rhizobiales; f__; g__; s__	1.0
d77ac3f3409c6e3753ce775f17f0c741	k__Bacteria; p__Actinobacteria; c__Acidimicrobiia; o__Acidimicrobiales; f__C111; g__; s__	1.0
b71824f8e1ce90702cae5338136087d6	k__Bacteria; p__Firmicutes; c__Clostridia; o__Clostridiales; f__Clostridiaceae; g__Clostridium; s__	0.9
9d5e27cba0cdb3c22d6b4afe4f4ef047	k__Bacteria; p__Cyanobacteria; c__Chloroplast; o__Stramenopiles; f__; g__; s__	0.6
d38d04a2ac1c186ce697907bf0025743	k__Bacteria; p__Proteobacteria; c__Betaproteobacteria; o__Burkholderiales; f__Comamonadaceae	1.0
2c426fef52cd8e20fd778977f7abd087	k__Bacteria; p__Verrucomicrobia; c__Opitutae; o__Opitutales; f__Opitutaceae; g__; s__	1.0
e442cf5fe0249077eaa265e482542076	k__Bacteria; p__Chlorobi; c__OPB56; o__; f__; g__; s__	1.0
dd794efdf96a213aca06140bed58ec61	k__Bacteria; p__Proteobacteria; c__Deltaproteobacteria; o__Syntrophobacterales; f__Syntrophorhabdaceae; g__; s__	1.0
006cfbacf503e33cb61abab926fbb2ad	k__Bacteria; p__Bacteroidetes; c__[Saprospirae]; o__[Saprospirales]; f__Chitinophagaceae; g__; s__	1.0
1837d24240acf187bc4686f283b7b368	k__Bacteria; p__Proteobacteria; c__Alphaproteobacteria; o__Rickettsiales; f__; g__; s__	1.0
0114672e3e3a81fa2b765102a6b2d7b3	k__Bacteria; p__SR1; c__; o__; f__; g__; s__	1.0
99dbf25cb8cbb99cd80433c970a78ffa	k__Bacteria; p__Chloroflexi; c__Anaerolineae; o__SBR1031; f__A4b; g__; s__	1.0
04874464b781b35d6928655b07be3e40	k__Bacteria; p__Proteobacteria; c__Alphaproteobacteria; o__Rhizobiales	1.0
f284353791198a3c66a82daeeadab101	k__Bacteria; p__Bacteroidetes; c__Bacteroidia; o__Bacteroidales; f__Bacteroidaceae; g__Bacteroides; s__fragilis	0.9
81b0cc655a0d62b6aa45b76634ed6720	k__Bacteria; p__Bacteroidetes; c__Cytophagia; o__Cytophagales; f__Cyclobacteriaceae; g__; s__	0.9
ba67532e0e3cc9945acebaa70c23efc0	k__Bacteria; p__Proteobacteria; c__Epsilonproteobacteria; o__Campylobacterales; f__Helicobacteraceae; g__Sulfuricurvum; s__kujiense	1.0
3e556a0319a69124effc0ab7028f7fee	k__Bacteria; p__[Thermi]; c__Deinococci; o__Deinococcales; f__Trueperaceae; g__Truepera; s__	0.7
8fbe96b203900d660e56cf0476045916	k__Bacteria; p__Proteobacteria; c__Betaproteobacteria; o__SBla14; f__; g__; s__	0.7
200dbd38a8bcb22f98fbea3e815485a2	k__Bacteria; p__Verrucomicrobia; c__[Spartobacteria]; o__[Chthoniobacterales]; f__[Chthoniobacteraceae]; g__Candidatus Xiphinematobacter; s__	0.9
c57e7e2ee3223a3e91d3786e27b58bbd	k__Bacteria; p__OD1; c__ZB2; o__; f__; g__; s__	1.0
9c4aec6fa9eaf12ac805813b81b58e5b	k__Bacteria; p__Bacteroidetes; c__[Saprospirae]; o__[Saprospirales]; f__Saprospiraceae; g__; s__	1.0
cb7c7d86b33d32addd847bc4a38b2428	k__Bacteria; p__Firmicutes; c__Clostridia; o__Clostridiales; f__Clostridiaceae	0.6
1fb898348ed48d5030fe331ecc72e685	Unassigned	0.0
f3b295758683f44c6ff85209d3e9362c	k__Bacteria; p__Proteobacteria; c__Deltaproteobacteria; o__; f__; g__; s__	0.6
f2fa5ad269a64a137508fa7b4879e40a	k__Bacteria; p__Proteobacteria; c__Alphaproteobacteria; o__Rhizobiales; f__Xanthobacteraceae	0.6
7eb5fff4b38a240f093893149aa89d1c	k__Bacteria; p__Spirochaetes; c__Spirochaetes; o__[Borreliales]; f__[Borreliaceae]; g__Borrelia; s__	0.7
8b51ba3b12b5b45e3542ae2cbc92326b	k__Bacteria; p__GN02; c__BD1-5; o__; f__; g__; s__	0.75
e69b925f979c82703ec8f5149754e33b	k__Bacteria; p__Bacteroidetes; c__Flavobacteriia; o__Flavobacteriales; f__Cryomorphaceae; g__Fluviicola; s__	1.0
d08836353825b8f9e1a73bc2360fc325	k__Bacteria; p__Proteobacteria; c__Alphaproteobacteria; o__Caulobacterales; f__Caulobacteraceae; g__Phenylobacterium; s__	1.0
d3b85b4cb5c63699b65ba15d9e704ba2	k__Bacteria; p__Firmicutes; c__Clostridia; o__Clostridiales; f__Veillonellaceae	1.0
96dab7d78890c18df3da14aac232d609	k__Bacteria; p__Firmicutes; c__Clostridia; o__Clostridiales; f__; g__; s__	1.0
63af4ea5e5d3ac3be6dbdcd5c469b261	k__Bacteria; p__Cyanobacteria; c__Chloroplast; o__Stramenopiles; f__; g__; s__	1.0
00b0596f47072bf9eb4d917669a57bde	k__Bacteria; p__Proteobacteria; c__Betaproteobacteria; o__Burkholderiales; f__Comamonadaceae	1.0
5d88b11930ff0f7237941ab04f2e7a9f	k__Bacteria; p__OD1; c__; o__; f__; g__; s__	1.0
be8b6749ad05c75ea3e9ac5b3c7cd80e	k__Bacteria; p__Proteobacteria; c__Deltaproteobacteria; o__Spirobacillales; f__; g__; s__	1.0
37ced82cd286cae5c63efd8ff3598a2e	k__Bacteria; p__Proteobacteria; c__Alphaproteobacteria; o__Rickettsiales; f__; g__; s__	0.9
358673fe5e8ae58f862b2a5a36180cf0	k__Bacteria; p__Actinobacteria; c__OPB41; o__; f__; g__; s__	1.0
e9b93596b705c9b485c066be609b6b23	k__Bacteria; p__Tenericutes; c__Mollicutes; o__Entomoplasmatales; f__; g__; s__	0.9
9adcc3717f2aed5ece95f5366e9fdecd	k__Bacteria; p__Cyanobacteria; c__Nostocophycideae; o__Nostocales; f__Nostocaceae; g__Aphanizomenon; s__	0.6
da6589f28efd6619fda5d9a4fd86593d	k__Bacteria; p__Firmicutes; c__Clostridia; o__Clostridiales; f__Lachnospiraceae; g__Coprococcus; s__	0.9
c1b7d36e6ca1a20b778a61eb874a68d7	k__Bacteria	1.0
10bd0573b87acb35be96362f216cfcb4	k__Bacteria; p__Proteobacteria; c__Alphaproteobacteria; o__Rhizobiales; f__; g__; s__	0.9
2c23c2095311af3b4fa3e004e581c91d	k__Bacteria; p__Proteobacteria; c__Alphaproteobacteria; o__Rickettsiales	0.6
94f60894f3a4671e4e7859f202cee7b4	k__Bacteria; p__OD1; c__; o__; f__; g__; s__	1.0
4faed350991b7710e8c53a4594497660	k__Bacteria; p__Actinobacteria; c__Actinobacteria; o__Actinomycetales; f__; g__; s__	0.7
a711617d76b56a3474a10ac513334717	k__Bacteria; p__Proteobacteria; c__Alphaproteobacteria; o__Rickettsiales; f__mitochondria; g__Phytophthora	0.6
d6f5287543b7372533370ab5b05a4e99	k__Bacteria; p__Verrucomicrobia; c__[Pedosphaerae]; o__[Pedosphaerales]; f__; g__; s__	1.0
91958aa31ed43505ddfc6f376abcdf06	k__Bacteria; p__Proteobacteria; c__Deltaproteobacteria; o__Syntrophobacterales; f__Syntrophorhabdaceae; g__; s__	1.0
13526a25dc171c8c63c37705e1dbdf7f	k__Bacteria; p__Proteobacteria; c__Gammaproteobacteria; o__Xanthomonadales; f__Xanthomonadaceae; g__Lysobacter; s__	1.0
2b11e353c81a1f4721ba8ad97cbf33f6	k__Bacteria; p__Bacteroidetes; c__[Saprospirae]; o__[Saprospirales]; f__Saprospiraceae; g__; s__	1.0
25a145d5dcc56261598060f362a4b93f	k__Bacteria; p__Acidobacteria; c__[Chloracidobacteria]; o__RB41; f__Ellin6075; g__; s__	1.0
37af10702d3fe6370c795480db506f62	k__Bacteria; p__Bacteroidetes; c__Sphingobacteriia; o__Sphingobacteriales	0.9
85495898e97dd954f10676403adedfa9	k__Bacteria; p__Proteobacteria; c__TA18; o__PHOS-HD29; f__; g__; s__	1.0
895f12eedfecb8375da60148ebe5fa2f	k__Bacteria; p__Bacteroidetes; c__Flavobacteriia; o__Flavobacteriales; f__Flavobacteriaceae; g__Flavobacterium; s__	1.0
3e8def3c1201321de0d24fb361f23521	k__Bacteria; p__Actinobacteria; c__Acidimicrobiia; o__Acidimicrobiales; f__C111; g__; s__	1.0
05dd19e052574a9e5805eb39e0e93025	k__Bacteria; p__Tenericutes; c__Mollicutes; o__RF39; f__; g__; s__	1.0
cdc8840c1b11587d4f6897f7c590d45c	k__Bacteria; p__Bacteroidetes; c__Flavobacteriia; o__Flavobacteriales; f__Cryomorphaceae; g__; s__	1.0
a8ecd359f66111e11906e978ad7e167a	k__Bacteria; p__Proteobacteria; c__Gammaproteobacteria; o__HOC36; f__; g__; s__	1.0
af6bd210a3c8a291aaeafc33c51160e6	k__Bacteria; p__Proteobacteria	0.9
cae557fc5bbb47d239d9e025521226b5	k__Bacteria; p__Firmicutes; c__Bacilli; o__Bacillales; f__Bacillaceae; g__Bacillus; s__	1.0
8a44a47cb27e465645c3c45838799615	k__Bacteria; p__Proteobacteria; c__Gammaproteobacteria; o__Methylococcales; f__; g__; s__	0.9
2b32bf0db67519ed79bbde6cdc72f6a6	k__Bacteria; p__Proteobacteria; c__Alphaproteobacteria; o__Sphingomonadales; f__Sphingomonadaceae	0.7
0b860f3b504db7738fd2d326ee6e9f5c	k__Bacteria; p__Verrucomicrobia; c__Opitutae; o__Opitutales; f__Opitutaceae	0.6
d7dd36a57bdf3a760bb4d0675c54b19d	k__Bacteria; p__Firmicutes; c__Bacilli; o__Turicibacterales; f__Turicibacteraceae; g__Turicibacter; s__	1.0
ccd7edf2db5548674154719000edd32a	k__Bacteria; p__Proteobacteria; c__Alphaproteobacteria; o__Rhizobiales; f__Rhizobiaceae; g__Agrobacterium; s__	1.0
f9f01036996a46a723f13841afeee2ac	k__Bacteria; p__Proteobacteria; c__Betaproteobacteria; o__Burkholderiales; f__Comamonadaceae	0.9
cf65d3c8ffe5d462a063d4a0fe727899	k__Bacteria; p__Proteobacteria; c__Betaproteobacteria; o__Burkholderiales; f__Comamonadaceae; g__Limnobacter; s__	0.9
a226f11e05210a854fe9c0f6a7cfff8d	k__Bacteria; p__Proteobacteria; c__Gammaproteobacteria	1.0
5e88c0af31d0af77ba093ce1abf1ef23	k__Bacteria; p__Proteobacteria; c__Gammaproteobacteria; o__Legionellales; f__Legionellaceae; g__; s__	0.6
356a4803232814c79bf6776504c04bd4	k__Bacteria; p__Actinobacteria; c__Acidimicrobiia; o__Acidimicrobiales; f__C111; g__; s__	1.0
ce53fd1d6a93b52002f6433b27e93460	k__Bacteria; p__Bacteroidetes; c__Flavobacteriia; o__Flavobacteriales; f__[Weeksellaceae]; g__Chryseobacterium; s__	1.0
00d5b7c69cc9af0a0a008dfa655b2a95	k__Bacteria; p__Proteobacteria; c__Betaproteobacteria; o__Rhodocyclales; f__Rhodocyclaceae	0.7
7bc819ad611b1c6422af4d556e179e93	k__Bacteria; p__Acidobacteria; c__Solibacteres; o__Solibacterales; f__; g__; s__	0.9
7ace212b64c860e5a6278eed1977af55	k__Bacteria; p__Proteobacteria; c__Gammaproteobacteria; o__Legionellales; f__Legionellaceae; g__Legionella; s__	0.7
d6c7861f5cc8444ac3c370693b3ef4e9	k__Bacteria; p__Proteobacteria; c__Gammaproteobacteria; o__Legionellales; f__Coxiellaceae; g__; s__	0.6
46aae2d898fb503a8f27498464eca220	k__Bacteria; p__Planctomycetes; c__Phycisphaerae; o__Phycisphaerales; f__; g__; s__	1.0
22f4aee8f22997740e1834e20ca5642a	k__Bacteria; p__Bacteroidetes; c__Sphingobacteriia; o__Sphingobacteriales; f__; g__; s__	0.7
d7bfa2fa1a50acc68e1adc7250b665a3	k__Bacteria; p__OP3; c__koll11; o__GIF10; f__; g__; s__	1.0
9b651e9ae7059c1ed90c925313527d99	k__Bacteria; p__Fibrobacteres; c__Fibrobacteria; o__Fibrobacterales; f__Fibrobacteraceae; g__Fibrobacter; s__succinogenes	0.8
3b1bbc22f81dbcb7b3886580b759bfc7	k__Bacteria; p__Proteobacteria; c__Deltaproteobacteria	1.0
4dad45e7e848dafb45292a04654c1047	k__Bacteria; p__Proteobacteria; c__Gammaproteobacteria; o__Pseudomonadales; f__Moraxellaceae; g__Perlucidibaca; s__	0.9
7f3112840e971c2622b0d6fcf4519596	k__Bacteria; p__Proteobacteria; c__Gammaproteobacteria; o__Xanthomonadales; f__Sinobacteraceae; g__; s__	1.0
6a459c25f3b24a3d00848214f2705b78	k__Bacteria; p__Actinobacteria; c__Acidimicrobiia; o__Acidimicrobiales; f__; g__; s__	0.6
7c02ecc6763fa59c180ddf3e4e6dadf3	k__Bacteria; p__Proteobacteria; c__Deltaproteobacteria; o__Myxococcales; f__OM27; g__; s__	1.0
d6a428868ba0d58703bc71840c879373	k__Bacteria; p__Proteobacteria; c__Gammaproteobacteria; o__Methylococcales; f__Methylococcaceae; g__Methylocaldum; s__	0.8
6c35ff341a261194046c37acb2c6b608	k__Bacteria; p__Verrucomicrobia; c__[Spartobacteria]; o__[Chthoniobacterales]; f__[Chthoniobacteraceae]; g__DA101; s__	1.0
3ad4fad2c307ea90e765c678d24aba9a	k__Archaea; p__[Parvarchaeota]; c__[Parvarchaea]; o__YLA114; f__; g__; s__	1.0
61ee6e16d00b27cb57b83a9f4a0ba65f	k__Bacteria; p__Cyanobacteria; c__Chloroplast; o__Chlorophyta; f__Trebouxiophyceae; g__; s__	0.6
441f143076420869a84aa3b638c7670a	k__Bacteria; p__Proteobacteria; c__Deltaproteobacteria; o__Desulfobacterales; f__Desulfobulbaceae; g__; s__	0.7
c89319118326c99da5d292035c76eae7	k__Bacteria; p__Proteobacteria; c__Alphaproteobacteria; o__Rickettsiales; f__; g__; s__	1.0
68c02be382cb51e86a2d6b8d98329987	k__Bacteria; p__Proteobacteria; c__Deltaproteobacteria; o__Syntrophobacterales; f__Syntrophaceae; g__Desulfobacca; s__	1.0
6eaabd579bcd5b70df0dd56b626e34b9	k__Bacteria; p__Firmicutes; c__Bacilli; o__Bacillales; f__Bacillaceae; g__Bacillus	0.9
e31de4197d37abe9d800a925a187ae09	k__Bacteria; p__Cyanobacteria	1.0
4c6c9318c1d6881a56d71599081d85eb	k__Bacteria; p__Proteobacteria; c__Deltaproteobacteria; o__; f__; g__; s__	0.7
4e7e8cbc1d007f611c261c7dbe690fe4	k__Bacteria; p__Bacteroidetes; c__Cytophagia; o__Cytophagales; f__Cytophagaceae; g__; s__	1.0
5c40b6ac8edb00462a8ecf58324a32bd	k__Bacteria; p__Proteobacteria; c__Gammaproteobacteria; o__Pseudomonadales; f__Pseudomonadaceae; g__Pseudomonas; s__	1.0
23a0abdfbf97d3ee54b8f4d45d054734	k__Bacteria; p__Verrucomicrobia; c__Opitutae; o__[Cerasicoccales]; f__[Cerasicoccaceae]; g__; s__	1.0
766ea003ed373d711c0a391837d01692	k__Bacteria; p__Proteobacteria; c__Alphaproteobacteria; o__Rickettsiales; f__; g__; s__	1.0
f6fbf11913320cca962326caeef64d99	k__Bacteria; p__Proteobacteria; c__Betaproteobacteria; o__Burkholderiales; f__Oxalobacteraceae	0.8
cd61249752e11bef32dc8ab1bf2fe4e3	k__Bacteria; p__OP3; c__BD4-9; o__; f__; g__; s__	1.0
8b929c4e2144cfd497a74ff5e0617e22	k__Bacteria; p__Cyanobacteria; c__Chloroplast; o__Euglenozoa; f__; g__; s__	1.0
48be05d7e5d6bdae1e22d0e9f9206326	k__Bacteria; p__Chlamydiae; c__Chlamydiia; o__Chlamydiales; f__Parachlamydiaceae	0.8
4a202096e4cac3a5533886ca728421ea	k__Bacteria; p__Actinobacteria; c__Thermoleophilia; o__Gaiellales; f__Gaiellaceae; g__; s__	1.0
0bfc53ca8037b6ae336dceebffcaedc2	k__Bacteria; p__Cyanobacteria	0.6
5fd418c9682d5a9b6f6173a56fae06a0	k__Bacteria; p__Bacteroidetes; c__[Saprospirae]; o__[Saprospirales]; f__Chitinophagaceae; g__; s__	1.0
7c486775517e01bff00af059c14592dd	k__Bacteria; p__Gemmatimonadetes; c__Gemm-1; o__; f__; g__; s__	1.0
001cf464e3246991f875a0fb6d287422	k__Bacteria; p__Actinobacteria; c__Actinobacteria; o__Actinomycetales; f__ACK-M1; g__; s__	1.0
7a81c3fecc2d373e1100bb76e07958c5	k__Bacteria; p__Proteobacteria; c__Alphaproteobacteria; o__; f__; g__; s__	1.0
06b9fe6fcf4735b1ad70d12c01b0a341	k__Bacteria; p__Proteobacteria; c__Betaproteobacteria; o__Burkholderiales; f__Comamonadaceae; g__; s__	0.6
de397d5eaf110ed742e72de496c715d0	k__Bacteria; p__Proteobacteria; c__Deltaproteobacteria; o__Myxococcales; f__Haliangiaceae; g__; s__	1.0
16caf35994705ab53794c00d7372d098	k__Bacteria; p__Proteobacteria; c__Deltaproteobacteria; o__Desulfobacterales; f__Desulfobacteraceae; g__Desulfococcus; s__	1.0
4b56f80141c98909cd7f592eebe559f1	k__Bacteria; p__Proteobacteria; c__Alphaproteobacteria; o__Rhodospirillales; f__Acetobacteraceae; g__Roseomonas; s__	0.8
c8394e9119fda5900b7d54ab4d064a7a	k__Bacteria; p__Proteobacteria; c__Alphaproteobacteria; o__Rhizobiales	1.0
e7115ce321feafd39d3db7139a27ec0e	k__Bacteria; p__Cyanobacteria; c__Chloroplast; o__Chlorophyta; f__Trebouxiophyceae	0.6
9150fb0e1928fcfca45e638d16e08f70	k__Bacteria; p__Proteobacteria; c__Alphaproteobacteria; o__Sphingomonadales; f__Sphingomonadaceae; g__Sphingobium; s__	1.0
a5ce0b81b2bed69a4dc69a87656ef15c	k__Bacteria; p__Proteobacteria; c__Alphaproteobacteria; o__Rhizobiales; f__Hyphomicrobiaceae; g__Devosia; s__	1.0
956f8867eb26004cb9412c880e891b44	k__Bacteria; p__Proteobacteria; c__Gammaproteobacteria	0.75
e267715e0f2050d41b0b463ef218960f	k__Bacteria; p__Proteobacteria; c__Gammaproteobacteria; o__Methylococcales; f__Crenotrichaceae; g__Crenothrix; s__	0.7
33088a50191798be68e5eee2e3e4a2c7	k__Bacteria; p__Planctomycetes; c__Planctomycetia; o__Pirellulales; f__Pirellulaceae; g__; s__	1.0
727690fb99ebc1ed242bd8661d4a2bdd	k__Bacteria	1.0
4ccce5df4eccda77cd28935c805b6e9e	k__Bacteria; p__Verrucomicrobia; c__Opitutae; o__Opitutales; f__Opitutaceae; g__Opitutus; s__	1.0
bb9f708cc60caaaf0758d7c72f6869f6	k__Bacteria; p__Proteobacteria; c__Deltaproteobacteria; o__Myxococcales; f__; g__; s__	1.0
29ac0b52301d037a548fe0bf344d6e21	k__Bacteria; p__Bacteroidetes; c__Bacteroidia; o__Bacteroidales; f__Porphyromonadaceae	0.6
d7e10052cf8c8850e86313fddb613c31	k__Bacteria; p__Fusobacteria; c__Fusobacteriia; o__Fusobacteriales; f__Leptotrichiaceae	1.0
e00affb384c1a3325924074b7c3fde13	k__Bacteria; p__Proteobacteria; c__Alphaproteobacteria; o__Rickettsiales; f__Rickettsiaceae; g__; s__	1.0
2b384d01a785f889039abebb6fea00c5	k__Bacteria; p__Proteobacteria; c__Alphaproteobacteria; o__Rhizobiales; f__Methylobacteriaceae; g__Methylobacterium; s__adhaesivum	0.9
3e06a487030e6fc06ae9ab11e98a1e8d	k__Bacteria; p__Proteobacteria; c__Betaproteobacteria; o__; f__; g__; s__	1.0
e4d532ed7301078e881b0deb299b6468	k__Bacteria; p__Proteobacteria; c__Gammaproteobacteria; o__HOC36; f__; g__; s__	1.0
8f239f2ce37fae0978d271fbb0f89095	k__Bacteria; p__Proteobacteria; c__Gammaproteobacteria; o__Legionellales	1.0
56836dc0d47a874d401b728ec33ba4b0	k__Bacteria; p__Bacteroidetes; c__Flavobacteriia; o__Flavobacteriales; f__Flavobacteriaceae; g__Flavobacterium; s__	1.0
80fdf9e62e19980f97df44e812fa31b8	k__Bacteria; p__Firmicutes; c__Bacilli; o__Bacillales; f__Bacillaceae; g__Bacillus	0.8
433dbfd25fa6e16d791625a2849ebae0	k__Bacteria; p__Proteobacteria; c__Alphaproteobacteria; o__Sphingomonadales; f__Sphingomonadaceae; g__; s__	0.8
be5bb18c59e2f49fb7c41b26635d7e0b	k__Bacteria; p__Proteobacteria; c__Gammaproteobacteria; o__Alteromonadales; f__125ds10; g__; s__	1.0
e5021f75994a2fa4fbd2816373a99607	k__Bacteria; p__Acidobacteria; c__Holophagae; o__Holophagales; f__Holophagaceae; g__; s__	1.0
413b768a652d703362fa9d1861499a69	k__Bacteria; p__Proteobacteria; c__Betaproteobacteria; o__Burkholderiales; f__Oxalobacteraceae; g__; s__	0.7
b446ef80d351ed7ebeebd95b7b938141	k__Bacteria; p__Planctomycetes; c__Planctomycetia; o__Pirellulales; f__Pirellulaceae; g__; s__	1.0
b0bcfc71a670cb71e10b40d0c08bb6e9	k__Bacteria; p__Proteobacteria; c__Deltaproteobacteria; o__Bdellovibrionales; f__Bdellovibrionaceae; g__Bdellovibrio; s__	0.9
8d0727857bacd61ca9ba131ea384cd5f	k__Bacteria; p__Firmicutes; c__Erysipelotrichi; o__Erysipelotrichales; f__Erysipelotrichaceae; g__Erysipelothrix; s__	1.0
d7f3829dc1c13f7294a799066b2e4f1d	k__Bacteria; p__Proteobacteria; c__Betaproteobacteria; o__Burkholderiales; f__Comamonadaceae; g__Hydrogenophaga; s__	1.0
b4a24dcd0ff6d9525614f9f9484ac0a7	k__Bacteria; p__Firmicutes; c__Clostridia; o__Clostridiales	0.7
dae849a07ea80d90714b3f6b4442c8ff	k__Bacteria; p__Firmicutes; c__Clostridia; o__Clostridiales; f__; g__; s__	1.0
9115752511195e5e8da9c46535242e0c	k__Bacteria; p__Actinobacteria; c__Actinobacteria; o__Actinomycetales; f__Microbacteriaceae; g__Leucobacter; s__	0.9
859cc821ecca78ab0e4eaa5a45238f71	k__Bacteria; p__Cyanobacteria; c__4C0d-2; o__MLE1-12; f__; g__; s__	1.0
50e2cbf7020c7b4cbfabbe2963bfb637	k__Bacteria; p__Proteobacteria; c__Alphaproteobacteria	1.0
4707979edc7f8cc0fde50242800484e4	k__Bacteria; p__Proteobacteria; c__Deltaproteobacteria; o__; f__; g__; s__	0.8
706ae947195b3876cd2baa0105a06f18	k__Bacteria; p__Bacteroidetes; c__[Saprospirae]; o__[Saprospirales]; f__Chitinophagaceae; g__; s__	1.0
c083dcd9d80e32eaac94969f1bd8fafd	k__Bacteria; p__Proteobacteria; c__Betaproteobacteria; o__; f__; g__; s__	0.9
5bacc4c021913345f2b833e116055293	k__Bacteria; p__Verrucomicrobia; c__[Spartobacteria]; o__[Chthoniobacterales]; f__[Chthoniobacteraceae]; g__Candidatus Xiphinematobacter; s__	0.9
8c72f95fc06ee1241b0de6c49bb9c1cc	k__Bacteria; p__Proteobacteria; c__Alphaproteobacteria; o__Rhizobiales; f__Rhizobiaceae; g__Rhizobium; s__	0.6
6560d23c3096a573b4091bd04fe7c782	k__Bacteria; p__Actinobacteria; c__Actinobacteria; o__Actinomycetales; f__; g__; s__	1.0
738238a0c824d839c6807c3fad61bc63	k__Bacteria; p__Cyanobacteria; c__Chloroplast; o__Stramenopiles; f__; g__; s__	1.0
3f9dc5fb5d438f460706a473e6a65864	k__Bacteria; p__Proteobacteria; c__Alphaproteobacteria; o__Rhodobacterales; f__Hyphomonadaceae; g__; s__	0.9
7138a4f09d7d7f333085d329e666ae29	k__Bacteria; p__Proteobacteria; c__Betaproteobacteria; o__Burkholderiales; f__Comamonadaceae	0.9
87d78dcfc640cbff9a5bfec77c42bd82	k__Bacteria; p__Verrucomicrobia; c__[Spartobacteria]; o__[Chthoniobacterales]; f__[Chthoniobacteraceae]; g__Candidatus Xiphinematobacter; s__	1.0
91f19a50c0bd86a5013340babddd06b2	k__Bacteria; p__Proteobacteria; c__TA18; o__PHOS-HD29; f__; g__; s__	1.0
34feb11d615c91058fff975415e7e94c	k__Bacteria; p__GN02; c__BD1-5; o__; f__; g__; s__	1.0
76410261f69e162107546e88319410e9	k__Bacteria; p__Verrucomicrobia; c__[Spartobacteria]; o__[Chthoniobacterales]; f__[Chthoniobacteraceae]; g__Candidatus Xiphinematobacter; s__	0.9
b5f33b8ff4fbce7ddc04616bb7432cb6	k__Bacteria; p__Proteobacteria; c__Deltaproteobacteria; o__Myxococcales; f__; g__; s__	1.0
e33408cffc5d291b76ea4b2165b3cd6e	k__Bacteria; p__Proteobacteria; c__Deltaproteobacteria; o__Spirobacillales; f__; g__; s__	1.0
8ee6acccfd9db057ccfa527fe162fd4c	Unassigned	0.0
94ba0c8a9f48ca1bdfce1a0dcde822c7	k__Bacteria; p__Proteobacteria; c__Deltaproteobacteria; o__Myxococcales; f__; g__; s__	1.0
92d53ae4afa5f02e8f68597c913efbf3	k__Bacteria; p__Bacteroidetes; c__Cytophagia; o__Cytophagales; f__Cyclobacteriaceae; g__; s__	1.0
854cdd636d283c647344b99cbea3b81a	k__Bacteria; p__Proteobacteria; c__Alphaproteobacteria; o__Rickettsiales; f__Rickettsiaceae; g__; s__	0.9
c8ac565b2778a027a65c8f4d4ab0a06a	k__Bacteria; p__Proteobacteria; c__Betaproteobacteria; o__Burkholderiales; f__Comamonadaceae; g__Polaromonas; s__	0.9
d727fcc64d5742e24ce9accbf05e5d5c	k__Bacteria; p__Proteobacteria; c__Betaproteobacteria; o__Burkholderiales; f__Comamonadaceae; g__Limnobacter; s__	0.6
96f4b06419846ce158e51783ded1fd9e	k__Bacteria; p__Proteobacteria	0.6
7b3f4a36af7b8f00209fba1d4c9fc351	k__Bacteria; p__Proteobacteria; c__Betaproteobacteria; o__Burkholderiales; f__Oxalobacteraceae; g__; s__	0.8
2865dc37d9ae4f1354a8202481f56daf	k__Bacteria; p__Proteobacteria; c__Alphaproteobacteria; o__Rhodobacterales; f__Rhodobacteraceae	1.0
58ee7591a613a4fe7b036577bd26069c	k__Bacteria; p__Gemmatimonadetes; c__Gemmatimonadetes; o__Gemmatimonadales; f__Gemmatimonadaceae; g__Gemmatimonas; s__	0.6
d83545ec469b900588221c5d18605120	k__Bacteria; p__Proteobacteria; c__Deltaproteobacteria; o__Sva0853; f__JTB36; g__; s__	0.6
ab6f085a26f6caa42d5490cd89796772	k__Bacteria; p__Planctomycetes; c__Planctomycetia; o__Pirellulales; f__Pirellulaceae; g__; s__	1.0
43b95874ef1e14ebf0501ddd85fe96f3	k__Bacteria; p__Proteobacteria; c__Alphaproteobacteria; o__Rhizobiales; f__Rhizobiaceae; g__; s__	0.6
240aff328b3807ea24e1142838220024	k__Bacteria; p__OD1; c__ABY1; o__; f__; g__; s__	1.0
5e25b22c5ca012680240503298edaa4a	k__Bacteria; p__Bacteroidetes; c__[Saprospirae]; o__[Saprospirales]; f__Saprospiraceae; g__; s__	1.0
05824235b9050b8769cf0359c0d2498e	k__Bacteria; p__Proteobacteria; c__Betaproteobacteria; o__Burkholderiales	1.0
d2d053d47ed52dc0175790cbd759d7a9	k__Bacteria; p__Fusobacteria; c__Fusobacteriia; o__Fusobacteriales; f__Fusobacteriaceae; g__Cetobacterium; s__somerae	1.0
6fecaeded8ada3e10ebddb1dd4e3ebd4	Unassigned	0.0
83f2a039418e64ecd02b422450a13196	k__Bacteria; p__OD1; c__ZB2; o__; f__; g__; s__	1.0
d5882c4f1f158e83a1448f129c29e426	k__Bacteria; p__Bacteroidetes; c__Bacteroidia; o__Bacteroidales; f__; g__; s__	1.0
19f002cf2c57c86dbcfe9024348115eb	k__Bacteria; p__Proteobacteria; c__Betaproteobacteria	1.0
9fb036c9a1b5ce315ef35695f38f62e7	k__Bacteria; p__SR1; c__; o__; f__; g__; s__	0.9
c671decdf0b7e3d81c9c36d36415d4bc	k__Bacteria	1.0
dd3bf3ca6bce3d170c8ad96511ea178f	k__Bacteria; p__Planctomycetes; c__Planctomycetia; o__Gemmatales; f__Gemmataceae; g__Gemmata; s__	0.9
729f5cd24e6139b5dfc1be9be6241aff	k__Bacteria; p__Proteobacteria; c__Betaproteobacteria; o__Burkholderiales; f__Comamonadaceae	0.9
3fd7abc633401fb74ec831dd4b08f5d9	k__Bacteria; p__Verrucomicrobia; c__[Spartobacteria]; o__[Chthoniobacterales]; f__[Chthoniobacteraceae]; g__; s__	1.0
1173c3549d5ccf8dcb8944b37472e16c	k__Bacteria; p__Proteobacteria; c__Alphaproteobacteria; o__Rickettsiales; f__; g__; s__	0.8
f134e63a21a9332b763fe3bdc719c1f1	k__Bacteria; p__Proteobacteria; c__TA18; o__PHOS-HD29; f__; g__; s__	0.9
e50291959c35c3cf16e0e112a1eab653	k__Bacteria; p__Planctomycetes; c__Planctomycetia; o__Pirellulales; f__Pirellulaceae; g__; s__	1.0
0807b54bb310ab1a1316ff51dfd671fb	k__Bacteria; p__Proteobacteria; c__Gammaproteobacteria; o__Legionellales; f__; g__; s__	1.0
301832fe7d39b205dc53716456f6ecb7	k__Bacteria; p__Verrucomicrobia; c__Verrucomicrobiae; o__Verrucomicrobiales; f__Verrucomicrobiaceae; g__Luteolibacter; s__	1.0
c4a22781957ebbdb081e3a8859dafd37	k__Bacteria; p__Proteobacteria; c__Betaproteobacteria; o__Methylophilales; f__Methylophilaceae; g__; s__	0.6
1c24da4b5d21c8c6eb88c3844cd9767e	k__Bacteria; p__Bacteroidetes; c__Bacteroidia; o__Bacteroidales; f__SB-1; g__; s__	1.0
92e13de3dd3ecfcffc9899375b1e8cb1	k__Bacteria; p__Actinobacteria; c__Actinobacteria; o__Actinomycetales; f__; g__; s__	1.0
3b7fb2a1130a4c8632f97b66f55dc7ef	k__Bacteria; p__Proteobacteria; c__Alphaproteobacteria; o__Caulobacterales; f__Caulobacteraceae; g__; s__	0.8
0dd8eac37ce53d5b0db470ab03badc21	k__Bacteria; p__Cyanobacteria; c__Chloroplast; o__Streptophyta; f__; g__; s__	1.0
b084893c642d8b92f67c01f0ec44ebe2	k__Bacteria; p__Planctomycetes; c__Planctomycetia; o__Planctomycetales; f__Planctomycetaceae; g__Planctomyces; s__	1.0
938b9367ee74fec8b3859ae7c6528987	k__Bacteria; p__Proteobacteria; c__Alphaproteobacteria; o__Rhodobacterales; f__Rhodobacteraceae	0.7
0da85907e9b43d4de220f45479120144	k__Bacteria; p__Proteobacteria	0.6
f256ad7e70daa1693b39f79c51efbb2a	Unassigned	0.0
aa83d6b3b0ad8b2e5760d1946c3bccb9	k__Bacteria; p__Actinobacteria; c__Actinobacteria; o__Actinomycetales; f__Kineosporiaceae; g__Kineosporia; s__	0.9
4afaf53ab495c4c5b1c9da50ef6b4fcd	k__Bacteria; p__Proteobacteria; c__Betaproteobacteria; o__Burkholderiales; f__Comamonadaceae	1.0
a3db2f386942131d876d6dabab2442a8	k__Bacteria; p__TM7; c__TM7-1; o__; f__; g__; s__	1.0
82b8deacbced3cee3c2785994815ef76	k__Bacteria; p__Proteobacteria; c__Alphaproteobacteria; o__Rhodobacterales; f__Rhodobacteraceae; g__Rhodobacter; s__	1.0
c364fd1caa57ee50cadddc8ca6713c50	k__Bacteria; p__Armatimonadetes; c__[Fimbriimonadia]; o__[Fimbriimonadales]; f__[Fimbriimonadaceae]	1.0
e4d9f725dd291c16fbb45de49a7a32da	k__Bacteria; p__Gemmatimonadetes; c__Gemmatimonadetes; o__KD8-87; f__; g__; s__	1.0
b946dc9b60664deec08579c81cfd70b3	k__Bacteria; p__Firmicutes; c__Clostridia; o__Clostridiales; f__Christensenellaceae; g__; s__	0.7
5ef0ec2b168adb3eec3b2543554da1df	Unassigned	0.0
293cc490b59a1d062f03b1d9f394da31	k__Bacteria; p__Verrucomicrobia; c__Verrucomicrobiae; o__Verrucomicrobiales; f__Verrucomicrobiaceae; g__Luteolibacter; s__	1.0
b7b025929483c5c745bc74819d1c69f3	k__Bacteria; p__Bacteroidetes; c__Bacteroidia; o__Bacteroidales; f__Bacteroidaceae; g__; s__	0.6
a956f0ec43b4355b0e7735909683b4bf	k__Bacteria; p__Planctomycetes; c__Planctomycetia; o__Pirellulales; f__Pirellulaceae; g__; s__	1.0
60c57c7a72502b88a50e50a592567fbc	k__Bacteria; p__Planctomycetes; c__Planctomycetia; o__Gemmatales; f__Gemmataceae; g__Gemmata; s__	1.0
66fb9b278eadad1690576491033edcfe	k__Bacteria; p__Bacteroidetes; c__[Saprospirae]; o__[Saprospirales]; f__Chitinophagaceae; g__; s__	1.0
256b9d98411f4634b3fcf9ccc30af4af	k__Bacteria; p__Proteobacteria; c__Alphaproteobacteria; o__; f__; g__; s__	1.0
0e8b4dcb7a539c7c43e4c88ed39488d7	k__Bacteria; p__Verrucomicrobia; c__Opitutae; o__Opitutales; f__Opitutaceae; g__; s__	1.0
062a9aa4edf05e3763e143d7ef75b26f	k__Bacteria; p__Actinobacteria; c__Actinobacteria; o__Actinomycetales; f__Mycobacteriaceae; g__Mycobacterium; s__	1.0
73ac4094c4196dbce7a115d803914e2e	k__Bacteria; p__Bacteroidetes; c__[Saprospirae]; o__[Saprospirales]; f__Chitinophagaceae; g__; s__	1.0
ebe810991e60200b6478de729378a93e	k__Bacteria; p__Fibrobacteres; c__Fibrobacteria; o__Fibrobacterales; f__Fibrobacteraceae; g__Fibrobacter; s__succinogenes	0.8
6affd31080242b2def19d700f3311022	k__Bacteria; p__Proteobacteria; c__Alphaproteobacteria; o__Rhizobiales; f__Phyllobacteriaceae	0.9
02110653962a4c9182e163604326c6d1	k__Bacteria; p__Proteobacteria; c__Alphaproteobacteria	1.0
ba7f6847c876ec2c689681b87b8384fa	k__Bacteria; p__Proteobacteria; c__Alphaproteobacteria; o__Rickettsiales; f__mitochondria	1.0
2b99213f05ba5b78ef28da8627c6e9c3	k__Bacteria; p__Proteobacteria; c__Gammaproteobacteria; o__Alteromonadales; f__Alteromonadaceae; g__Glaciecola; s__	1.0
5f97f26afcb092a03738b814476c1510	k__Bacteria; p__Firmicutes; c__Clostridia; o__Clostridiales; f__Veillonellaceae; g__; s__	1.0
a40f96ebfd3711949f6fbc0d7ac7ed9d	k__Bacteria	1.0
9ad548c467b73d8b9cbe01bc44daaff0	k__Bacteria; p__Bacteroidetes; c__[Saprospirae]; o__[Saprospirales]; f__Saprospiraceae; g__; s__	1.0
4781f59e063642ec8bcdd4d97ffda9df	k__Bacteria; p__Firmicutes; c__Clostridia; o__Clostridiales; f__; g__; s__	0.7
0685821f8fae51862bd0706330567dfe	k__Bacteria; p__Proteobacteria; c__Betaproteobacteria; o__Methylophilales; f__Methylophilaceae; g__; s__	0.6
9cdb385f75089378369ac1821269fef0	k__Bacteria; p__Proteobacteria; c__Alphaproteobacteria; o__Sphingomonadales; f__Sphingomonadaceae; g__; s__	0.7
2ccd4cd4ecbb6780c8cb68c3cd9ad370	k__Bacteria; p__Planctomycetes; c__Planctomycetia; o__Gemmatales; f__Gemmataceae; g__; s__	1.0
776e38c37a19e0937670543bf2f23dd7	k__Bacteria; p__Chloroflexi; c__Ellin6529; o__; f__; g__; s__	1.0
08b97ac5f48f80f4bd673dd88061eece	k__Bacteria; p__Proteobacteria; c__Betaproteobacteria; o__Procabacteriales; f__Procabacteriaceae; g__; s__	1.0
b933ca6e0b22829de6ea07ff88549d86	k__Bacteria; p__Proteobacteria; c__Alphaproteobacteria; o__Rickettsiales; f__Anaplasmataceae; g__Ehrlichia; s__	0.7
aa4853cb220038c44f284d29b1d882d9	k__Bacteria; p__Proteobacteria; c__Alphaproteobacteria; o__Rhodobacterales; f__Rhodobacteraceae; g__Rhodobacter; s__	1.0
886458d67c5eb543fe39bd1e9439bc22	k__Bacteria; p__Bacteroidetes	1.0
686ca46597e7ea98ee6c34404b1def6a	k__Archaea; p__[Parvarchaeota]; c__[Parvarchaea]; o__WCHD3-30; f__; g__; s__	1.0
41fb8c2037d14fc1d7262817da8c7c87	k__Bacteria; p__Verrucomicrobia; c__Verruco-5; o__WCHB1-41; f__RFP12; g__; s__	1.0
0a816f74d5afbdbb6b1e44d0c3baa0a8	k__Bacteria; p__Proteobacteria; c__Gammaproteobacteria; o__Legionellales; f__; g__; s__	0.8
b81ea04283ea8d61e13e045db75d18f0	k__Bacteria; p__Proteobacteria	0.7
88126c72944723ce7f2093772f8f547a	k__Bacteria; p__Firmicutes; c__Clostridia; o__Clostridiales; f__Lachnospiraceae; g__Roseburia; s__faecis	0.6
79d52584a2d6bb38f0862feac64ee3e2	k__Bacteria; p__Proteobacteria; c__Betaproteobacteria; o__Burkholderiales; f__Comamonadaceae	1.0
8cab781d43c8ea209cee5cb04829d1a0	k__Bacteria; p__Firmicutes; c__Clostridia; o__Clostridiales; f__; g__; s__	1.0
084a05d21ff3185cc38bad5c31d9bb5b	k__Bacteria; p__OP11; c__OP11-3; o__; f__; g__; s__	1.0
eaadf31f06e1044964935f80d23d62f1	k__Bacteria; p__Actinobacteria; c__Thermoleophilia; o__Gaiellales; f__; g__; s__	1.0
ee7e7c80e71bb42fb1aea28165292c1b	k__Bacteria; p__Proteobacteria; c__Deltaproteobacteria; o__Bdellovibrionales; f__Bdellovibrionaceae; g__Bdellovibrio; s__	1.0
eb978b665b3c7272d3af7363d844d45e	k__Bacteria; p__Verrucomicrobia; c__[Spartobacteria]; o__[Chthoniobacterales]; f__[Chthoniobacteraceae]; g__Candidatus Xiphinematobacter; s__	0.9
652ec6faf85b6e33a761e4c15c1c61a5	k__Bacteria; p__Proteobacteria; c__Betaproteobacteria; o__Burkholderiales; f__Comamonadaceae; g__; s__	0.6
dc4e2cf0b0a98408ee2c23d663e9939c	k__Bacteria; p__Bacteroidetes; c__Sphingobacteriia; o__Sphingobacteriales; f__; g__; s__	0.9
ef74789a79c5323a0099fa762b063521	k__Bacteria; p__Proteobacteria; c__Gammaproteobacteria; o__Oceanospirillales; f__Halomonadaceae; g__Candidatus Portiera; s__	0.9
5ad0d81d14dcb574dbc378c12a051e68	k__Bacteria; p__Proteobacteria; c__Deltaproteobacteria; o__Syntrophobacterales; f__Syntrophobacteraceae; g__; s__	1.0
319b3e157b11efc9a59607a786c7a2b5	k__Bacteria; p__Bacteroidetes; c__[Saprospirae]; o__[Saprospirales]; f__Saprospiraceae; g__; s__	1.0
dfd6b917664a609542446f1bb5a6961c	k__Bacteria; p__Proteobacteria; c__Betaproteobacteria; o__Burkholderiales; f__Comamonadaceae	1.0
9b47052c9112a668b2a95ef1f6da1e07	k__Bacteria; p__Proteobacteria; c__Alphaproteobacteria; o__Rhizobiales; f__Hyphomicrobiaceae; g__; s__	1.0
b751efd16c4a23f51f2610ffc3f1dbc8	k__Bacteria; p__Proteobacteria; c__Alphaproteobacteria; o__Rhizobiales; f__Hyphomicrobiaceae; g__Hyphomicrobium; s__	1.0
1a31e70b4affbbd52544d4bf7acb9f95	k__Bacteria; p__Proteobacteria; c__Alphaproteobacteria; o__Rhodospirillales; f__Acetobacteraceae; g__; s__	0.9
252e80b1ea6baac1ba131e8483626628	k__Bacteria; p__Planctomycetes; c__Planctomycetia; o__Pirellulales; f__Pirellulaceae; g__; s__	1.0
8c9087f2cd4c1ddf739a73cac4592b3f	k__Archaea; p__Euryarchaeota; c__Methanomicrobia; o__Methanomicrobiales; f__Methanoregulaceae; g__Candidatus Methanoregula; s__	1.0
8e134c1d635f0e706531444a7000561b	Unassigned	0.0
c01b7c0c578d188a57f162b72661b414	k__Bacteria; p__Proteobacteria; c__Alphaproteobacteria; o__Rhodospirillales; f__Acetobacteraceae; g__; s__	0.7
52d8e10394e77babe4365c6d3b065cd0	k__Bacteria; p__Proteobacteria; c__Alphaproteobacteria	1.0
d2ca024e51161ef70c9f19b496b1269c	k__Archaea; p__Euryarchaeota; c__Methanomicrobia; o__Methanomicrobiales; f__Methanoregulaceae; g__Methanolinea; s__	0.7
1fd3d12a845a2777386095f46d754fc5	k__Bacteria; p__Cyanobacteria; c__Chloroplast; o__Stramenopiles; f__; g__; s__	1.0
b9df141c67c219d3eb7e4eeabe5b4c0d	k__Bacteria; p__Verrucomicrobia; c__[Spartobacteria]; o__[Chthoniobacterales]; f__[Chthoniobacteraceae]; g__Candidatus Xiphinematobacter; s__	0.9
4c2d14babb527b863f822eaf60ccccb3	k__Bacteria; p__Actinobacteria; c__Actinobacteria; o__Actinomycetales; f__Microbacteriaceae; g__; s__	0.6
7bc00cde7af8283864bb8af7df4987d1	k__Bacteria; p__Proteobacteria; c__Betaproteobacteria; o__; f__; g__; s__	0.9
b6cd3e23447363c200d3d932cd57c64b	k__Bacteria; p__Cyanobacteria; c__Chloroplast; o__Chlorophyta; f__Chlamydomonadaceae	0.6
7e866c92320bfbe14c54eed059a64885	k__Bacteria; p__Proteobacteria; c__Alphaproteobacteria; o__Rhodobacterales; f__Rhodobacteraceae; g__; s__	1.0
570d4396cf187cf74db845d011a80cfc	k__Bacteria; p__Proteobacteria; c__Alphaproteobacteria; o__Rhizobiales; f__Hyphomicrobiaceae; g__Rhodoplanes; s__	1.0
e7f035a4eec28eed10919f67aad5bfa0	k__Bacteria; p__Proteobacteria; c__Alphaproteobacteria; o__Sphingomonadales; f__Sphingomonadaceae; g__; s__	0.8
10f4eaacf0f887ab214d84ab645eb9d1	k__Bacteria; p__Proteobacteria	0.6
c0624d78a4333600ae6179b15093ea0d	k__Bacteria; p__Acidobacteria; c__RB25; o__; f__; g__; s__	1.0
d50d3a7c068c1f29d8838726c4b64ef0	k__Archaea	1.0
16801f682d3eb39f834a3242a9ae24a9	k__Bacteria; p__Planctomycetes; c__Planctomycetia; o__Pirellulales; f__Pirellulaceae; g__Pirellula; s__	1.0
ab8cfb055b908e335e7988d857537180	k__Bacteria; p__Planctomycetes; c__Planctomycetia; o__Planctomycetales; f__Planctomycetaceae; g__Planctomyces; s__	1.0
8494cd8494aa9e0a0ffd9b5d4bc3770f	k__Bacteria; p__Bacteroidetes; c__[Saprospirae]; o__[Saprospirales]; f__Saprospiraceae; g__; s__	1.0
8f32735eefc88f6d2a0ff106323faa03	k__Bacteria	1.0
7c6156dbc2f35b5a5c7e5ce76cf57aa3	k__Bacteria; p__Proteobacteria; c__Alphaproteobacteria; o__BD7-3; f__; g__; s__	1.0
efc7379c95e66d2c55b63dccf46ffbc7	k__Bacteria; p__Gemmatimonadetes; c__Gemmatimonadetes; o__Gemmatimonadales; f__Gemmatimonadaceae; g__Gemmatimonas; s__	1.0
70c9e2cad0401f584b1b0a00902013ec	k__Bacteria; p__Proteobacteria; c__Alphaproteobacteria; o__Rickettsiales; f__Rickettsiaceae; g__; s__	0.9
74736c9c0460fbef0a68f0bfa659dc46	k__Bacteria; p__Proteobacteria; c__Alphaproteobacteria; o__; f__; g__; s__	0.8
2df6c0d45b1960bc645a0f61c3582230	k__Bacteria; p__Bacteroidetes; c__[Saprospirae]; o__[Saprospirales]; f__; g__; s__	1.0
4069839f75762b02be0ef38697f76521	Unassigned	0.0
f7a588c6e35afa9385ab51c02f24e34c	k__Bacteria; p__Actinobacteria; c__OPB41; o__; f__; g__; s__	1.0
841c4dd93c49d756c1c19c438644c9b7	k__Bacteria; p__Proteobacteria; c__Gammaproteobacteria; o__Pseudomonadales; f__Moraxellaceae; g__Acinetobacter; s__rhizosphaerae	1.0
7645f57299c5f0bdfa1b9912aeae6039	k__Bacteria; p__Proteobacteria	0.8
ab8bcf1400cf296ba1d63e7f07b93a6e	k__Bacteria; p__Bacteroidetes	1.0
33b4891390a6660b44f9a71629106958	k__Bacteria; p__Proteobacteria; c__Betaproteobacteria; o__Burkholderiales; f__Oxalobacteraceae; g__Cupriavidus; s__	0.8
f0132cad65be7a8fdf5169aab1bf8dd7	k__Bacteria; p__Firmicutes; c__Clostridia; o__Clostridiales; f__Lachnospiraceae; g__Epulopiscium; s__	0.8
2c5f2d60b8b0392ce78d7ae908e5851a	k__Bacteria; p__Bacteroidetes; c__Sphingobacteriia; o__Sphingobacteriales; f__; g__; s__	0.9
7abc2c27ea5f7998215790aae474bd7f	k__Bacteria; p__Proteobacteria; c__Alphaproteobacteria	0.8
ce8680765fd38c89e296e8d63bb4c470	k__Bacteria; p__Verrucomicrobia; c__[Pedosphaerae]; o__[Pedosphaerales]; f__Ellin515; g__; s__	0.6
9a4339737ecea8b59d9e06ef6b5915ec	k__Bacteria; p__Bacteroidetes; c__[Saprospirae]; o__[Saprospirales]; f__Chitinophagaceae; g__; s__	0.9
7dc511ba2ac6db9f66f3a130ae3cc73c	k__Bacteria; p__Firmicutes; c__Clostridia; o__Clostridiales; f__Lachnospiraceae; g__; s__	0.9
b04a0aba13b2e807e984b678b9b1f33b	k__Bacteria; p__Verrucomicrobia; c__[Pedosphaerae]; o__[Pedosphaerales]; f__Ellin515; g__; s__	1.0
921f77249e6aa057ce8a7f4aa01cb25f	k__Bacteria; p__Bacteroidetes; c__[Saprospirae]; o__[Saprospirales]; f__Saprospiraceae; g__; s__	1.0
ce3fe69f88a5faa8ab321aa216cbc31a	k__Bacteria; p__Proteobacteria; c__Alphaproteobacteria; o__Rhodospirillales; f__Rhodospirillaceae; g__; s__	0.9
2485654b9af756966cc906e853afc68b	k__Bacteria; p__Proteobacteria; c__Alphaproteobacteria; o__Rhizobiales	1.0
0defb6c07bcff929bd67399f50c24ea5	k__Bacteria; p__Proteobacteria; c__Alphaproteobacteria; o__Rhodospirillales; f__Rhodospirillaceae; g__; s__	0.9
02ad4f07cb7603a1e33155fb08bfb589	k__Bacteria; p__Proteobacteria; c__Alphaproteobacteria; o__Rickettsiales; f__mitochondria; g__Cyanophora; s__paradoxa	1.0
b2d597810fa8ada4cd6f941e8c47c616	k__Bacteria; p__Actinobacteria; c__Acidimicrobiia; o__Acidimicrobiales	1.0
2b6f1be95eee7aacf8ede071af63f62c	k__Bacteria; p__Gemmatimonadetes; c__Gemmatimonadetes; o__; f__; g__; s__	1.0
971aedfdea16d31a0219e24617d3a523	k__Bacteria; p__Proteobacteria; c__Alphaproteobacteria; o__Rhizobiales; f__; g__; s__	1.0
bf3b91882ba7fe99de34a727b990b3d6	k__Bacteria; p__OD1	0.875
1daf9759afc15ca6fa5d6ebf79e913e1	k__Bacteria; p__Proteobacteria; c__Deltaproteobacteria; o__Myxococcales; f__OM27; g__; s__	1.0
7ae90ab077172e66aa0228dba2c525aa	k__Bacteria; p__Proteobacteria; c__Betaproteobacteria; o__Burkholderiales; f__Comamonadaceae	1.0
ff436012fc175b8bc237043d0a2e289c	k__Bacteria; p__Proteobacteria; c__Alphaproteobacteria; o__Rhodospirillales; f__Rhodospirillaceae	1.0
7ee6001b2a3b180aac226bf44b5313c9	k__Bacteria; p__Planctomycetes; c__Planctomycetia; o__Pirellulales; f__Pirellulaceae; g__; s__	0.9
e5a4a420d70d4e52ca4d14fcff051e5a	k__Bacteria; p__Proteobacteria; c__Betaproteobacteria; o__Burkholderiales; f__Comamonadaceae	0.9
8e678a22c3f9ac70428badc84ae553f3	k__Bacteria; p__Verrucomicrobia; c__[Pedosphaerae]; o__[Pedosphaerales]; f__; g__; s__	1.0
ed8e19695a453a462b69c53d70e57a74	k__Bacteria; p__Actinobacteria; c__Actinobacteria; o__Actinomycetales; f__ACK-M1; g__; s__	1.0
b924a756ee7348e5df228735050faa17	k__Bacteria; p__Planctomycetes; c__Planctomycetia; o__Pirellulales; f__Pirellulaceae; g__; s__	1.0
62ab4da713694d44a15107ee2a9fe055	k__Bacteria; p__Bacteroidetes; c__[Saprospirae]; o__[Saprospirales]; f__Saprospiraceae; g__; s__	1.0
61baab5bd5582183b1b93de362db3fc1	k__Bacteria; p__Proteobacteria; c__Gammaproteobacteria; o__Methylococcales; f__Crenotrichaceae; g__Crenothrix; s__	0.9
231533dd0680993d1d46be94322f059a	k__Bacteria; p__Proteobacteria; c__Deltaproteobacteria; o__Desulfarculales; f__Desulfarculaceae; g__; s__	0.6
0230707d965cb92edb665ea28e8b8cc3	k__Bacteria; p__Planctomycetes; c__Planctomycetia; o__Pirellulales; f__Pirellulaceae; g__; s__	1.0
be6aa47d55c521fdf3b2d2d28699c9b4	k__Bacteria; p__Proteobacteria; c__Gammaproteobacteria; o__Pseudomonadales; f__Moraxellaceae; g__Perlucidibaca; s__	1.0
1cbcb2c788955683aaa8df692721027e	Unassigned	0.0
65f626d906c18aa9bba30a20e76d6530	k__Bacteria; p__Proteobacteria; c__Betaproteobacteria	1.0
0869bb42d41975a64afb05d9626485b3	k__Bacteria; p__Proteobacteria; c__Betaproteobacteria; o__Burkholderiales; f__Alcaligenaceae; g__; s__	1.0
71e3a6783fb60bc7f5bd6e5b9f344e45	k__Bacteria; p__Actinobacteria; c__Actinobacteria; o__Actinomycetales; f__; g__; s__	0.7
640a8656538f2200c248466bcf9a9518	k__Bacteria; p__Proteobacteria; c__Deltaproteobacteria; o__Desulfuromonadales; f__Geobacteraceae; g__Geobacter; s__	1.0
904d53e3b4e9974ac0a6560e5d5e06ef	k__Bacteria; p__Verrucomicrobia; c__Verruco-5; o__WCHB1-41; f__; g__; s__	0.7
0ee0c76a1833022c81e662c4fc2d0d08	k__Bacteria; p__Proteobacteria; c__Alphaproteobacteria; o__Rickettsiales; f__; g__; s__	0.9
55d4bfe645cf7ea6b2f303f4d310643a	k__Bacteria; p__TM7; c__TM7-1; o__; f__; g__; s__	0.9
62d6e5b0c5cb8ac85c395f41c9a3c4e8	k__Bacteria; p__Proteobacteria; c__Gammaproteobacteria; o__Legionellales	0.7
f91cd79f5d1ca11914edbf30620c2ac1	k__Bacteria; p__Verrucomicrobia; c__[Pedosphaerae]; o__[Pedosphaerales]	1.0
56ee4aa452f57967c253528c28877ccf	k__Bacteria; p__Proteobacteria; c__Gammaproteobacteria	1.0
97e050b2a1d9720269e10dbbee9608f6	k__Bacteria; p__Chloroflexi; c__Anaerolineae; o__SJA-15; f__; g__; s__	1.0
51a2d4d40bdf6590590b15678209b6d3	k__Bacteria; p__Proteobacteria; c__Alphaproteobacteria; o__Rhodospirillales; f__Rhodospirillaceae; g__; s__	0.7
bb77f6c97c21c0a6834b9491036accf1	k__Bacteria; p__Proteobacteria; c__Gammaproteobacteria	1.0
894820b040cf6f377780de81c0c41dd8	k__Bacteria; p__Bacteroidetes; c__Bacteroidia; o__Bacteroidales	1.0
b6569729c6ccf4afff08e95e5540d741	k__Archaea	1.0
a39ece0075f9b5e0b5fcbc6cba28bc7e	k__Bacteria; p__Proteobacteria; c__Alphaproteobacteria; o__Rickettsiales; f__Rickettsiaceae; g__; s__	1.0
5d2073632e5b1d99486d5614fd1caff3	k__Bacteria; p__Proteobacteria; c__Alphaproteobacteria; o__Rhodobacterales; f__Hyphomonadaceae; g__; s__	0.6
43c00963459933b1c0d5a247d84c0e75	k__Bacteria; p__Proteobacteria; c__Deltaproteobacteria; o__Bdellovibrionales; f__Bacteriovoracaceae; g__; s__	0.9
abf88d5ed98d1260ca1fbfeeb78dd378	k__Bacteria; p__Proteobacteria; c__Gammaproteobacteria; o__Legionellales; f__; g__; s__	1.0
6f7e259d2aee1f3e7018fda34e654587	k__Bacteria; p__Bacteroidetes; c__Cytophagia; o__Cytophagales; f__Cytophagaceae; g__Flectobacillus; s__	1.0
f1fbb0316194c426a4b12379c28f63f2	k__Bacteria; p__Firmicutes; c__Clostridia; o__Clostridiales; f__[Acidaminobacteraceae]; g__Fusibacter; s__	0.8
9092fa72017a4b19af6a858d16204db9	k__Bacteria; p__Acidobacteria; c__[Chloracidobacteria]; o__RB41; f__Ellin6075; g__; s__	1.0
87ac869d957c54c3792efde4d27004d4	Unassigned	0.0
3adae8bf5b46482c31f73c21a0a8d219	k__Bacteria; p__Proteobacteria; c__Betaproteobacteria; o__Procabacteriales; f__Procabacteriaceae; g__; s__	1.0
ba2fce3163222d4380b4880348129534	k__Bacteria; p__Proteobacteria; c__Deltaproteobacteria; o__Spirobacillales; f__; g__; s__	1.0
f3183517ae6be8c104944c26c1e97cb6	k__Bacteria; p__Planctomycetes; c__Planctomycetia; o__Gemmatales; f__Isosphaeraceae; g__; s__	1.0
a2f451201ef00f4e66139e8f7213bcdb	k__Bacteria; p__Verrucomicrobia; c__Verrucomicrobiae; o__Verrucomicrobiales; f__Verrucomicrobiaceae; g__; s__	1.0
8932b2e3a9933933cfb70ba6c3f2cfec	k__Bacteria; p__Cyanobacteria; c__Chloroplast; o__Streptophyta; f__; g__; s__	1.0
26b0d4949fcddfb82ada2447ea600a0a	k__Bacteria; p__Proteobacteria; c__Alphaproteobacteria; o__Rhizobiales; f__; g__; s__	1.0
472e9c1d89b81a447295193bd4fffe1a	k__Bacteria; p__Proteobacteria	0.6
6aff184413cab99f06022d955d4d692d	k__Bacteria; p__Proteobacteria; c__Betaproteobacteria; o__Rhodocyclales; f__Rhodocyclaceae; g__Dechloromonas; s__	0.9
3c241eb001732270846dbc56a785ba89	k__Bacteria; p__Bacteroidetes; c__Bacteroidia; o__Bacteroidales; f__; g__; s__	1.0
4634bac702526dc4f9e12e0be71b6ee5	k__Bacteria; p__Bacteroidetes; c__[Saprospirae]; o__[Saprospirales]	0.8
d67992667da8ff7fe7f86b9545d16cea	k__Bacteria; p__Acidobacteria; c__Solibacteres; o__Solibacterales; f__[Bryobacteraceae]; g__; s__	1.0
446f39ccd9408212b7a8f2672dfd5e1a	k__Bacteria; p__Proteobacteria; c__Deltaproteobacteria; o__Bdellovibrionales; f__Bdellovibrionaceae; g__Bdellovibrio; s__	1.0
c039c67eeeee0112e1f7c0da7efbd0d2	k__Bacteria; p__Proteobacteria; c__Alphaproteobacteria; o__Rhizobiales; f__Methylocystaceae; g__Pleomorphomonas	0.7
0e9742be57120881da1410e11895b34c	k__Bacteria; p__Proteobacteria; c__Deltaproteobacteria; o__; f__; g__; s__	0.6
59dcd84f246b81eca3c173256f0a5aba	k__Bacteria; p__Proteobacteria; c__Betaproteobacteria; o__Burkholderiales; f__Comamonadaceae; g__Rhodoferax; s__	0.6
37db9a572d9e9a1e63bd2a9f70306f36	k__Bacteria; p__Chloroflexi; c__Anaerolineae; o__GCA004; f__; g__; s__	1.0
d3b38f80a94a3a8d0769801addfaf71d	k__Bacteria; p__Fusobacteria; c__Fusobacteriia; o__Fusobacteriales; f__Fusobacteriaceae; g__u114; s__	0.8
90b4c84b1822eab3fd4081f86fdfefff	Unassigned	0.0
30b39a23b9a8e8c31e743959c1ff1214	k__Bacteria; p__Firmicutes; c__Clostridia; o__Clostridiales; f__Christensenellaceae; g__; s__	0.7
04052aebe7f250f939fc3f9effc1886e	k__Bacteria; p__Proteobacteria; c__Betaproteobacteria; o__Burkholderiales; f__Comamonadaceae; g__; s__	0.6
2a00b5207c4cbbd6906862fda1079693	k__Bacteria; p__Proteobacteria; c__Deltaproteobacteria; o__Myxococcales; f__; g__; s__	0.8
67c9c47873bddc6d98a08a8a7e263ffe	k__Bacteria; p__Proteobacteria; c__Betaproteobacteria; o__Rhodocyclales; f__Rhodocyclaceae; g__Dechloromonas; s__	1.0
10167809e8a37c7192582bec70419394	k__Bacteria; p__Acidobacteria; c__Acidobacteria-6; o__iii1-15; f__; g__; s__	1.0
bf72dd9b989292b7952f737665a5f3d9	k__Bacteria; p__Proteobacteria; c__Gammaproteobacteria; o__Legionellales	0.9
e968c33855d2100ff91444e4d8093ada	k__Bacteria; p__Proteobacteria; c__Gammaproteobacteria; o__Xanthomonadales; f__Sinobacteraceae; g__; s__	0.8
93e04eaad443002ca3ff7c4b39624a50	k__Bacteria; p__Bacteroidetes; c__Flavobacteriia; o__Flavobacteriales	0.6
d35ff070e86dd9bd927c997139d56ddb	k__Bacteria; p__Proteobacteria; c__Alphaproteobacteria; o__Rhodobacterales; f__Rhodobacteraceae; g__; s__	0.7
f7aee468e37f2b2712532dd0d73872f7	k__Bacteria; p__Proteobacteria; c__Alphaproteobacteria; o__Sphingomonadales; f__Sphingomonadaceae; g__Novosphingobium; s__	0.9
5b7248c4095366f3bd6a23458e431917	k__Bacteria; p__OD1; c__ZB2; o__; f__; g__; s__	1.0
327850d9cd19edd8fd30adf0927680d3	k__Bacteria; p__Proteobacteria; c__Alphaproteobacteria; o__Rhizobiales; f__; g__; s__	1.0
2eb0fe72a5a9ef5dd6c1f7f6623e71bc	k__Bacteria; p__Proteobacteria; c__Deltaproteobacteria; o__MIZ46; f__; g__; s__	1.0
34f9109f437291c94e763e848ff8d4d2	k__Bacteria; p__Proteobacteria; c__Alphaproteobacteria; o__Rickettsiales; f__; g__; s__	0.8
084a3912236cca4cfe9e377a1eea19bb	k__Bacteria; p__Chloroflexi; c__Anaerolineae; o__GCA004; f__; g__; s__	1.0
dbf6812334e34059deebe07b123fcfb1	k__Bacteria; p__Proteobacteria; c__Betaproteobacteria	1.0
eb5cca7322dd7bbf316413f50dc3d1bc	k__Bacteria; p__Firmicutes; c__Clostridia; o__Clostridiales; f__Ruminococcaceae; g__; s__	1.0
d15fc805ace4dd5ab2231da87562ed4b	k__Bacteria; p__Firmicutes; c__Clostridia; o__Clostridiales; f__Lachnospiraceae; g__; s__	0.9
efb644b7703bf9a04133a9b518db898e	Unassigned	0.0
6c0cf7e0256baa01610fa66ed3183b54	k__Bacteria; p__Firmicutes; c__Clostridia	0.6
d6b422186a28226dbe1070de7fbc71e1	Unassigned	0.0
7d477853dc718f78f62e46f4368fb3d0	k__Bacteria; p__Bacteroidetes; c__Sphingobacteriia; o__Sphingobacteriales; f__; g__; s__	0.6
ab73ef40afa6f5bca7f6287193056a55	k__Bacteria; p__Proteobacteria; c__Betaproteobacteria; o__Burkholderiales; f__; g__; s__	0.8
eb4e65d03e6b5b0c4ebdc70f8000fb02	k__Bacteria; p__Proteobacteria; c__Gammaproteobacteria; o__Enterobacteriales; f__Enterobacteriaceae	1.0
80e3f75d960be48c90d3f523ea2111f1	k__Bacteria; p__GN02; c__BD1-5; o__; f__; g__; s__	1.0
1759a64c5921a85e87ac278984a635ad	k__Bacteria; p__Verrucomicrobia; c__[Pedosphaerae]; o__[Pedosphaerales]; f__; g__; s__	0.9
f51a317c2a1c68dcd5e3fc67160afa89	k__Bacteria; p__Proteobacteria; c__Gammaproteobacteria; o__Methylococcales; f__Methylococcaceae; g__Methylocaldum; s__	0.7
dc3dcd78640eae86f8981619050f7c1f	k__Bacteria; p__Proteobacteria; c__Gammaproteobacteria; o__Enterobacteriales; f__Enterobacteriaceae	0.9
7ce8637c8c5f63ab7a9f1f8324a81985	k__Bacteria; p__Proteobacteria; c__Deltaproteobacteria; o__Bdellovibrionales; f__Bdellovibrionaceae; g__Bdellovibrio; s__	1.0
82b85dea8aa79ef7edd1db16521b1f4d	k__Bacteria; p__Proteobacteria; c__Alphaproteobacteria; o__BD7-3; f__; g__; s__	1.0
436197d30fbb86bf4e0a48b1c99e2c49	k__Bacteria; p__Proteobacteria; c__Deltaproteobacteria; o__Desulfobacterales; f__Desulfobacteraceae	0.7
5f8baf331295f23dbf1f72ecab352d10	k__Bacteria; p__Planctomycetes; c__028H05-P-BN-P5; o__; f__; g__; s__	0.9
6b3041b158635a28435596cdb84f3d6b	k__Bacteria; p__Planctomycetes; c__Planctomycetia; o__Gemmatales; f__Gemmataceae; g__; s__	1.0
3f37766c6095deaf090f857758f5b8e7	k__Bacteria; p__Chlamydiae; c__Chlamydiia; o__Chlamydiales; f__Parachlamydiaceae	1.0
b189e609c0ad3db754e4b79e06b9adb8	k__Bacteria; p__Proteobacteria; c__Alphaproteobacteria; o__Rickettsiales; f__mitochondria; g__; s__	1.0
f32c3caf83d46e93f9a179dab07a83e2	k__Bacteria; p__Verrucomicrobia; c__[Spartobacteria]; o__[Chthoniobacterales]; f__[Chthoniobacteraceae]; g__Candidatus Xiphinematobacter; s__	0.9
9beee73ff102bb2e077dce874f5159b8	k__Bacteria; p__Proteobacteria; c__Alphaproteobacteria; o__Rickettsiales; f__mitochondria; g__; s__	1.0
03de92fd753d59a6081fde51006dcf5e	k__Bacteria; p__Cyanobacteria; c__4C0d-2; o__YS2; f__; g__; s__	1.0
e29e6f91a3945ddf7af58a8b4c4d138d	k__Bacteria; p__Actinobacteria; c__Actinobacteria; o__Actinomycetales; f__; g__; s__	1.0
7f5d8ebee586bfde2c260c6330451a74	k__Bacteria; p__Proteobacteria; c__Gammaproteobacteria; o__Chromatiales; f__; g__; s__	0.6
7da4993f5c14365637d2483ae2a77b6c	k__Bacteria; p__Cyanobacteria; c__Chloroplast; o__Stramenopiles; f__; g__; s__	1.0
ee5ee4df574dd18d4112281e7218cf4d	k__Bacteria; p__Proteobacteria; c__Alphaproteobacteria; o__Rhodospirillales	0.7
5f0c2a0ef8f96a48315454c427b95b60	k__Bacteria; p__Bacteroidetes; c__[Saprospirae]; o__[Saprospirales]; f__Saprospiraceae; g__; s__	1.0
c18984cf2e9f2fb8ef027e46161d077f	Unassigned	0.0
0f07af5108e70908d93ac47fcd182682	k__Bacteria; p__[Thermi]; c__Deinococci; o__Thermales; f__Thermaceae; g__Meiothermus; s__	1.0
3f79da7ce491fea6aa6a284946b4b757	k__Bacteria; p__Proteobacteria; c__Betaproteobacteria; o__Rhodocyclales; f__Rhodocyclaceae; g__Dechloromonas; s__	1.0
3394177151fb0daa15f248f01d26be91	k__Bacteria; p__Proteobacteria; c__Betaproteobacteria; o__MWH-UniP1; f__; g__; s__	1.0
c9452872a723fcf5444d05b8aad0c61b	k__Bacteria; p__Verrucomicrobia; c__Opitutae; o__Opitutales; f__Opitutaceae; g__Opitutus; s__	0.9
1cc3ded2ab4aeb3617065a514ad7cb76	k__Bacteria; p__Bacteroidetes; c__[Saprospirae]; o__[Saprospirales]; f__Chitinophagaceae; g__; s__	1.0
f674afee5d3322d53adda1e74fe3bd83	k__Bacteria; p__Bacteroidetes; c__[Saprospirae]; o__[Saprospirales]; f__Chitinophagaceae; g__; s__	1.0
45db7aff93e28a5389bd88f33e79890c	k__Bacteria; p__Bacteroidetes	1.0
c89ffecdea6d9858ef37336cb9fbf2e2	k__Bacteria; p__Proteobacteria; c__Alphaproteobacteria; o__; f__; g__; s__	1.0
627de599668988b221e46d63f99bfaad	k__Bacteria; p__Bacteroidetes; c__Cytophagia; o__Cytophagales; f__Cytophagaceae; g__; s__	1.0
f86962dd0dad7d252d96d36be5fe56d8	k__Bacteria; p__Proteobacteria; c__Deltaproteobacteria; o__Spirobacillales; f__; g__; s__	0.9
70bc03dc6d5b9df79b564014f867f35f	k__Bacteria; p__Proteobacteria; c__Alphaproteobacteria	1.0
ce0f2221811bff25a28fa8ff19ccaa82	k__Bacteria; p__Firmicutes; c__Bacilli; o__Bacillales; f__; g__; s__	1.0
a0efc90676c4e3489ea590cc7d45d8a7	k__Bacteria; p__Proteobacteria; c__Deltaproteobacteria; o__Myxococcales; f__; g__; s__	1.0
cd7519c80b0b4b4b5a3e27d7d24818be	k__Bacteria; p__Proteobacteria; c__Gammaproteobacteria; o__Methylococcales; f__Methylococcaceae	1.0
5065ea5f4363405eac56b352283d46e6	k__Bacteria; p__Verrucomicrobia; c__Verruco-5; o__LD1-PB3; f__; g__; s__	0.8
e0328fda683cc5fe94e71dfa0cd6ba73	k__Bacteria	1.0
977931c3e470ecb3f349aacb8d44d6d2	k__Bacteria; p__Proteobacteria; c__Alphaproteobacteria; o__Rickettsiales; f__; g__; s__	0.9
a40b94c103876f97751bab49dc49b878	k__Bacteria; p__Planctomycetes; c__Planctomycetia; o__Planctomycetales; f__Planctomycetaceae; g__Planctomyces; s__	1.0
75fc2f77afe7504c12c4448e6af57925	k__Bacteria; p__Cyanobacteria; c__4C0d-2; o__YS2; f__; g__; s__	1.0
52403cf75b53564d8d2414fca8d8fb37	k__Bacteria; p__Proteobacteria; c__Betaproteobacteria; o__Rhodocyclales; f__Rhodocyclaceae; g__Propionivibrio; s__	0.9
de181251c94475471007ff587d42a43e	k__Bacteria; p__Bacteroidetes; c__[Saprospirae]; o__[Saprospirales]; f__Chitinophagaceae; g__Sediminibacterium; s__	1.0
2ce9c1a5f00cb6cc90a25339879ee2fa	k__Bacteria; p__Firmicutes; c__Clostridia; o__Clostridiales; f__Clostridiaceae; g__Clostridium; s__	0.8
da9e37d5f20808b48da00b4a2c3cda07	k__Bacteria; p__Proteobacteria; c__Alphaproteobacteria; o__Rhodospirillales; f__Acetobacteraceae; g__; s__	0.9
6ac40e3dddb7a06144032a614c9f57de	k__Bacteria; p__Cyanobacteria; c__Chloroplast; o__Streptophyta; f__; g__; s__	0.9
baf9b9e89a0c754cf696ead1de6105cc	k__Bacteria; p__Proteobacteria; c__Betaproteobacteria	1.0
f1110bde7050fe707972030edffe53b4	k__Bacteria; p__Actinobacteria; c__Actinobacteria; o__Actinomycetales; f__; g__; s__	1.0
ecca2fe3448848c9e439de23b7e7074b	k__Bacteria; p__Verrucomicrobia; c__Verrucomicrobiae; o__Verrucomicrobiales; f__Verrucomicrobiaceae; g__Verrucomicrobium; s__	0.9
efb242382e3e8aba2987aa5c7d3836ee	k__Bacteria; p__Cyanobacteria; c__Chloroplast; o__Streptophyta; f__; g__; s__	1.0
4ade469e1582f296429978b7e26021b1	k__Bacteria; p__Proteobacteria; c__Gammaproteobacteria; o__Thiotrichales; f__Piscirickettsiaceae; g__; s__	0.6
a57a3ef302168044d3fce64b31659067	k__Bacteria; p__Proteobacteria; c__Betaproteobacteria; o__Burkholderiales; f__Comamonadaceae; g__; s__	0.6
e2fc034c196a47872490f43e8e6585bb	Unassigned	0.0
36b62aa487bf3560199c00137fd3ed2c	Unassigned	0.0
f4922fb7e3c663ad431a990d764e7139	k__Bacteria; p__Proteobacteria; c__Deltaproteobacteria; o__Desulfovibrionales; f__Desulfovibrionaceae; g__Desulfovibrio; s__mexicanus	1.0
19e50135ca025e5c402c521bf7e82da5	k__Bacteria; p__Proteobacteria; c__Gammaproteobacteria; o__Chromatiales; f__Halothiobacillaceae; g__Thiovirga; s__	1.0
98fdbe4c3b8d6ce9ff0df5a0ffff84f8	k__Bacteria; p__Bacteroidetes; c__[Saprospirae]; o__[Saprospirales]; f__Chitinophagaceae; g__; s__	1.0
c9a8558e74393b4aceb443cdc9036bfd	k__Bacteria; p__Cyanobacteria; c__Chloroplast; o__Euglenozoa; f__; g__; s__	1.0
14474b7b1d43f06f654cef35e0614420	k__Bacteria; p__Proteobacteria; c__Betaproteobacteria; o__Burkholderiales; f__Oxalobacteraceae; g__; s__	0.8
d93c764ef2a4fd8040946c0f6f03241c	k__Bacteria; p__Proteobacteria; c__Alphaproteobacteria; o__Sphingomonadales; f__Sphingomonadaceae; g__Sphingomonas; s__	0.8
dea639f03b46235328c8fcd1d39e6e15	k__Bacteria; p__Proteobacteria; c__Betaproteobacteria; o__; f__; g__; s__	0.9
8a21ac92fa67be225f2d1cf0d160c4bd	k__Bacteria; p__Proteobacteria; c__Alphaproteobacteria; o__Rickettsiales; f__Rickettsiaceae; g__; s__	1.0
18efa41992ea03073750dac96f7fd6a8	k__Bacteria; p__Cyanobacteria; c__Chloroplast; o__Streptophyta; f__; g__; s__	0.9
b32738e2d9333847010c56d0c79e3e6a	k__Bacteria; p__Firmicutes; c__Bacilli; o__Bacillales; f__Paenibacillaceae; g__Paenibacillus; s__amylolyticus	0.6
690332db518c8bd1cd9e1e62ced9dedf	k__Bacteria; p__Tenericutes; c__Mollicutes; o__RF39; f__; g__; s__	0.9
d24d0fcc1ad33160e51dced63140151c	k__Bacteria; p__Proteobacteria; c__Alphaproteobacteria; o__Rhodospirillales; f__Rhodospirillaceae; g__Magnetospirillum; s__	1.0
9ad0b5885ee608c84ba913e9c0e7a7f4	k__Bacteria; p__Bacteroidetes; c__Sphingobacteriia; o__Sphingobacteriales; f__; g__; s__	0.7
0d82c35042dd7fc0baeb5c7dbaf8250d	k__Bacteria; p__Proteobacteria; c__Alphaproteobacteria; o__Rickettsiales; f__; g__; s__	1.0
e14d574ef1c2b532a8445a9e3fe342ba	k__Bacteria; p__Firmicutes; c__Bacilli; o__Bacillales; f__[Exiguobacteraceae]	0.8
bcd62e32a3bd3ce75e5a7b68c3f27b31	k__Bacteria; p__Bacteroidetes; c__Cytophagia; o__Cytophagales; f__Cytophagaceae; g__Emticicia; s__	0.8
45fef5b783f431d97b52e2347c362e19	k__Bacteria; p__Proteobacteria; c__Gammaproteobacteria; o__Chromatiales; f__Chromatiaceae; g__; s__	0.9
eeff99775414ca4aaca0dc6314ed9737	k__Bacteria; p__Proteobacteria; c__Gammaproteobacteria; o__Legionellales; f__; g__; s__	0.8
df6d6b0e053cb20e9e1a5603f8f24d76	k__Bacteria; p__Fusobacteria; c__Fusobacteriia; o__Fusobacteriales; f__Fusobacteriaceae; g__u114; s__	0.6
fcace0d071719ead3fd2efa631b23654	k__Bacteria; p__Proteobacteria; c__Gammaproteobacteria; o__Xanthomonadales; f__Sinobacteraceae; g__Steroidobacter; s__	0.9
91f487f3aecdbb18b0cf27d6877d6a0d	k__Bacteria; p__Bacteroidetes; c__Flavobacteriia; o__Flavobacteriales; f__Cryomorphaceae; g__; s__	1.0
fbe2abd38f421d7c1599748a902ba8ba	k__Bacteria; p__TPD-58; c__; o__; f__; g__; s__	0.9
a4637cb535548d3e6efa15c2f5c0e5bf	k__Bacteria; p__Firmicutes; c__Clostridia; o__Clostridiales; f__Clostridiaceae; g__Clostridium; s__	1.0
22b25eaf820dd1ea79ee53216f3a31a9	k__Bacteria; p__Proteobacteria; c__Gammaproteobacteria; o__Aeromonadales; f__Aeromonadaceae; g__; s__	1.0
c78ced1cda328f112d6a2869a808534d	k__Bacteria; p__Chloroflexi; c__SL56; o__; f__; g__; s__	0.8
d6eae12c7f2e2e54abcd7b4823ff8402	k__Bacteria; p__Bacteroidetes; c__Flavobacteriia; o__Flavobacteriales; f__Cryomorphaceae; g__Fluviicola; s__	1.0
1ec1fa2be3669559467a3e931daa5d31	k__Bacteria; p__Proteobacteria; c__Betaproteobacteria; o__SC-I-84; f__; g__; s__	1.0
0fe452638653e184ef2760f4ccba1bb4	k__Bacteria; p__Proteobacteria; c__Deltaproteobacteria; o__Desulfuromonadales; f__Geobacteraceae; g__Geobacter; s__	1.0
db6bb025339d2e2ef1136c587267886c	k__Bacteria; p__Proteobacteria; c__Alphaproteobacteria; o__BD7-3; f__; g__; s__	1.0
ee6ef0358619725c6815e2e3ffe42604	k__Bacteria; p__Acidobacteria; c__Acidobacteria-6; o__CCU21; f__; g__; s__	1.0
7d37972d0a832a4b653069ca748b05a4	k__Bacteria; p__Actinobacteria; c__OPB41; o__; f__; g__; s__	1.0
ac095e84f55a333f6a8e10096e740895	k__Bacteria; p__Chlamydiae; c__Chlamydiia; o__Chlamydiales; f__Rhabdochlamydiaceae; g__Candidatus Rhabdochlamydia; s__	0.7
5cb3685935501e5a5db9091947f16105	k__Bacteria; p__Proteobacteria; c__Betaproteobacteria; o__Burkholderiales; f__Comamonadaceae	0.9
b484c6b09c15fcb0abf6ab551025f575	k__Bacteria; p__Proteobacteria; c__Gammaproteobacteria; o__Pseudomonadales; f__Moraxellaceae; g__Perlucidibaca; s__	1.0
ad7e89c1dce96e81b3b4aeafdb1c1ca9	k__Bacteria; p__Bacteroidetes; c__Sphingobacteriia; o__Sphingobacteriales	0.7
7150b57b9efb01cc5e12d7622d41b310	k__Bacteria; p__Firmicutes; c__Clostridia; o__Clostridiales; f__Clostridiaceae; g__; s__	0.9
fab9b1e03da6cc5ee5e91572ecc00474	k__Bacteria; p__Bacteroidetes; c__Cytophagia; o__Cytophagales; f__[Amoebophilaceae]; g__SC3-56; s__	0.6
5cb821dda5f02bd472658a2cbadc9ec0	k__Bacteria; p__Proteobacteria; c__Betaproteobacteria; o__Burkholderiales; f__Comamonadaceae; g__; s__	0.7
aea6d7056c97a79d6e6b83348d7b27f1	Unassigned	0.0
1d73c822d21ec9a6109a2abd243ff2f2	k__Bacteria; p__Bacteroidetes; c__Sphingobacteriia; o__Sphingobacteriales; f__; g__; s__	1.0
6d9b0646f898af128209f8775a148076	k__Bacteria; p__Bacteroidetes; c__[Saprospirae]; o__[Saprospirales]; f__Chitinophagaceae; g__Sediminibacterium; s__	1.0
37c40f2debe2d10d812ac98618aa2a54	k__Bacteria; p__Proteobacteria; c__Alphaproteobacteria; o__Caulobacterales; f__Caulobacteraceae; g__Phenylobacterium; s__	0.7
9fb5e806760e8a133c195788d0591d87	k__Bacteria; p__Proteobacteria; c__Deltaproteobacteria; o__Bdellovibrionales; f__Bacteriovoracaceae; g__; s__	0.7
1efcc3fbe5e75102aef83aabcdee72e2	k__Bacteria; p__Proteobacteria; c__Alphaproteobacteria; o__Rickettsiales; f__; g__; s__	1.0
e3d4e5cf78f3a6fb6ea2c96697f37ad5	Unassigned	0.0
cecb2c510359702f5b9013ba506a9961	k__Bacteria; p__Cyanobacteria; c__Chloroplast; o__Chlorophyta; f__; g__; s__	1.0
e2b54c94fbe98919e3e2cf84c445e263	k__Bacteria; p__Proteobacteria; c__Betaproteobacteria; o__SC-I-84; f__; g__; s__	0.7
2c2572b9e71b02f75ac56ffbf9d2b141	k__Bacteria; p__Bacteroidetes; c__Flavobacteriia; o__Flavobacteriales; f__Cryomorphaceae; g__; s__	0.7
d943eee49db77f7e5f7fc9a7aa289c1c	k__Bacteria; p__Proteobacteria; c__Deltaproteobacteria; o__Bdellovibrionales; f__Bacteriovoracaceae; g__; s__	0.9
727dbed2b193a3dcd4f7ac90114e764d	k__Bacteria; p__Proteobacteria; c__Deltaproteobacteria; o__Bdellovibrionales; f__Bdellovibrionaceae; g__Bdellovibrio; s__	1.0
faacc54820413c125ff6b5bbf41718bd	k__Bacteria; p__Proteobacteria; c__Deltaproteobacteria	1.0
e964e59c08fad7521059d0a04fabb325	k__Bacteria; p__Proteobacteria; c__Alphaproteobacteria; o__Rhizobiales; f__Hyphomicrobiaceae; g__Hyphomicrobium; s__	1.0
fb3f33ecd4a5b68f108fcdbec016e48c	k__Bacteria; p__Actinobacteria; c__Actinobacteria; o__Actinomycetales; f__ACK-M1; g__; s__	0.9
ef1ff83ef8cbc34928e1fd5e052b95a2	k__Bacteria; p__Proteobacteria; c__Alphaproteobacteria; o__BD7-3; f__; g__; s__	1.0
818c279f9f53af21594f1d20b46935f2	k__Bacteria; p__Proteobacteria; c__Betaproteobacteria; o__Burkholderiales; f__Comamonadaceae; g__Leptothrix; s__	0.8
310eeccc0b98cf0f46ce1cee0eee0e17	k__Bacteria; p__Proteobacteria; c__Betaproteobacteria	1.0
7ff231c0f3d138a22ad691171c05f780	k__Bacteria; p__Proteobacteria; c__Alphaproteobacteria; o__Rickettsiales; f__Rickettsiaceae; g__Rickettsia; s__	0.6
075b1ff1a24f70c567d20ed9e6adec16	k__Bacteria; p__Proteobacteria; c__Alphaproteobacteria; o__Rhizobiales; f__; g__; s__	1.0
94f7c3aabc013c3fea2e6b42cbc0e27f	k__Bacteria; p__Proteobacteria; c__Betaproteobacteria; o__Burkholderiales; f__Comamonadaceae; g__; s__	0.7
e6bd808aa70fada2f890ec4c56bb769c	k__Bacteria; p__Firmicutes; c__Clostridia; o__Clostridiales; f__Lachnospiraceae; g__; s__	0.6
02d228b05e1cd6e9946f4282f9585bc0	k__Bacteria; p__Proteobacteria; c__Alphaproteobacteria; o__Rhizobiales; f__Rhizobiaceae	1.0
46e928e44f14eb9f5ccdbb9eed2d3fe9	k__Bacteria; p__Proteobacteria; c__Alphaproteobacteria	0.7
2cc57b7fad2121a17876f0b61cdeef66	k__Bacteria; p__Proteobacteria; c__Alphaproteobacteria; o__Rhodobacterales; f__Rhodobacteraceae; g__Rhodobacter; s__	0.9
eb9051f85de9dcb2addf3646e901b665	k__Bacteria; p__Proteobacteria; c__Alphaproteobacteria; o__Caulobacterales; f__Caulobacteraceae	0.6
0d5a6babae8c893f1aaf4f823f22d147	k__Bacteria; p__Proteobacteria; c__Alphaproteobacteria; o__Rickettsiales; f__; g__; s__	0.7
6f8ac51eabb7ba8225a71eea25ce2def	k__Bacteria; p__Proteobacteria	1.0
05f599954baa24ecebde6c3c3179dd22	k__Bacteria; p__Chlorobi; c__OPB56; o__; f__; g__; s__	1.0
f3e4a61419f25335dc6fe86215f4e460	k__Bacteria; p__ZB3; c__BS119; o__; f__; g__; s__	1.0
54ba32f3d2f8edf5193acdca472e3b8c	k__Bacteria; p__Proteobacteria; c__Deltaproteobacteria; o__Spirobacillales; f__; g__; s__	1.0
ef75b54b668c8b6b0454d887fd4fe235	k__Bacteria; p__Bacteroidetes; c__VC2_1_Bac22; o__; f__; g__; s__	0.7
e5b5607db7a45063df5f5dfa52c58e12	k__Bacteria; p__Firmicutes; c__Clostridia; o__Clostridiales; f__Clostridiaceae; g__Clostridium; s__	0.8
3df210fbf7b13e86269ff1b6c2d2c20c	k__Bacteria; p__Proteobacteria; c__Alphaproteobacteria; o__Rhizobiales; f__Hyphomicrobiaceae; g__Devosia; s__	1.0
53586309e073951242138500d5fb1628	k__Bacteria; p__Proteobacteria; c__Alphaproteobacteria; o__Rhodospirillales; f__Rhodospirillaceae; g__Novispirillum; s__	0.8
3481adba8913332c93aa54fd15ac2a2d	Unassigned	0.0
20515c8714af03ad2b20c8714d42e0b9	k__Bacteria; p__Proteobacteria; c__Alphaproteobacteria	0.9
d9c9bbe42e9bb03099e6c47ebfbbb47d	k__Bacteria; p__Planctomycetes; c__vadinHA49; o__DH61; f__; g__; s__	1.0
e271389b8674cf77b284c9f3433da79c	k__Bacteria; p__Bacteroidetes; c__Sphingobacteriia; o__Sphingobacteriales; f__; g__; s__	0.9
f35e7941b6ffd3f7ee262e306121db45	Unassigned	0.0
eeb5cc80f76fa164d9e0125afd953ca4	k__Archaea; p__Euryarchaeota; c__Methanomicrobia; o__Methanomicrobiales; f__Methanoregulaceae; g__Candidatus Methanoregula; s__	1.0
8b566e75ae87a540b75e4e9941605851	k__Bacteria; p__Firmicutes; c__Clostridia; o__Clostridiales; f__Ruminococcaceae; g__; s__	0.9
06f1201c8ce509723cf7b329bbffbbfd	k__Bacteria; p__Proteobacteria; c__Deltaproteobacteria; o__; f__; g__; s__	1.0
85f6c35277a140625130692fa0f4efc0	k__Bacteria; p__Proteobacteria; c__Deltaproteobacteria; o__Spirobacillales; f__; g__; s__	1.0
e341a894387300dc5df2a84ab3ce8a58	k__Bacteria; p__Planctomycetes; c__Planctomycetia; o__Planctomycetales; f__Planctomycetaceae; g__Planctomyces; s__	1.0
a89a38cd6c98b8ef9a3fca656acaa56f	k__Bacteria; p__Bacteroidetes; c__Sphingobacteriia; o__Sphingobacteriales; f__; g__; s__	0.8
409a5f7449965cdbca94ee5a9f475507	k__Bacteria; p__Cyanobacteria; c__Chloroplast; o__Chlorophyta; f__Chlamydomonadaceae	0.6
2030b6fce87ea66fb101905a50b5718e	k__Bacteria; p__Armatimonadetes; c__[Fimbriimonadia]; o__[Fimbriimonadales]; f__[Fimbriimonadaceae]	0.7
0d7d0c94e148fb89b1a9a2061608a19d	k__Bacteria; p__OD1; c__ZB2; o__; f__; g__; s__	1.0
e0c6d431add5c24da78333949e8168a4	k__Bacteria; p__Bacteroidetes; c__Sphingobacteriia; o__Sphingobacteriales; f__; g__; s__	0.6
26c726acfc55c169225f0ebf81b3cdca	k__Bacteria; p__Firmicutes; c__Clostridia; o__Clostridiales; f__[Tissierellaceae]; g__GW-34; s__	0.9
343f90b15027f5134ac30b2bb07d085f	k__Bacteria; p__Cyanobacteria; c__Chloroplast; o__Euglenozoa; f__; g__; s__	1.0
c00eea5f447d16b2614a6ce871323b36	k__Bacteria; p__Proteobacteria; c__Alphaproteobacteria; o__Sphingomonadales; f__Sphingomonadaceae; g__Novosphingobium; s__	0.8
9b331140b6dd28520c31a33499c60d42	Unassigned	0.0
75cb1e07b983466ff08db116318291bd	k__Bacteria; p__Proteobacteria; c__Deltaproteobacteria; o__Bdellovibrionales; f__Bacteriovoracaceae; g__; s__	0.9
76c9ec70cfdb1e28b4a7295e0c184c06	k__Bacteria; p__Proteobacteria; c__Betaproteobacteria; o__Rhodocyclales; f__Rhodocyclaceae; g__C39; s__	0.7
3c105887054066cfa5ff5fc85c029517	k__Bacteria; p__Bacteroidetes; c__[Saprospirae]; o__[Saprospirales]; f__Saprospiraceae; g__; s__	1.0
f0db97e393cad0322fcf4077a59d5048	k__Bacteria; p__Proteobacteria; c__TA18; o__PHOS-HD29; f__; g__; s__	1.0
aa591f7979cd727ceb33ba100049fb9d	k__Bacteria; p__Proteobacteria; c__Alphaproteobacteria	1.0
91b078f19e9e33acd7bd07b0db51d431	k__Bacteria; p__Proteobacteria; c__Betaproteobacteria; o__Procabacteriales; f__Procabacteriaceae; g__; s__	0.9
26a0009c33611c8a682401624d81f9dd	k__Bacteria; p__Bacteroidetes; c__[Saprospirae]; o__[Saprospirales]; f__Chitinophagaceae; g__; s__	1.0
6818e0a3788581e82e99195d24170a8d	Unassigned	0.0
d75138421f7c36226553419c0b0c3e36	k__Bacteria; p__Cyanobacteria; c__Chloroplast; o__Chlorophyta; f__Chlamydomonadaceae; g__; s__	0.6
ce5b656f29642e883983d3e85a276406	k__Bacteria; p__Proteobacteria; c__Alphaproteobacteria	1.0
43896e734e278c3e29476fdea2a3e23d	k__Bacteria; p__Proteobacteria; c__Betaproteobacteria; o__Rhodocyclales; f__Rhodocyclaceae	0.6
b486225085796aa5e296cf6e5dd6911d	k__Bacteria; p__Proteobacteria; c__Alphaproteobacteria; o__Rickettsiales; f__; g__; s__	1.0
62b0ec49198d07a9953b0bceaf7e6daa	k__Bacteria; p__Proteobacteria; c__Deltaproteobacteria; o__Myxococcales; f__; g__; s__	0.9
522acaac16f661bdea3f265884f687e2	k__Bacteria; p__Bacteroidetes; c__Sphingobacteriia; o__Sphingobacteriales; f__; g__; s__	0.6
763508b044ee8b47a1443782c2073f50	k__Bacteria; p__Proteobacteria; c__Deltaproteobacteria; o__Myxococcales; f__Haliangiaceae; g__; s__	1.0
4475ff37493682b61967edeaae317015	k__Bacteria; p__Cyanobacteria; c__Chloroplast; o__Stramenopiles; f__; g__; s__	1.0
8f3705b7a122ad705ea9a300b631e36d	k__Bacteria; p__Proteobacteria; c__Alphaproteobacteria; o__Rhizobiales; f__Rhizobiaceae; g__Agrobacterium; s__	0.6
ff2097d669040373e3ec198fa8caaa29	k__Bacteria; p__Proteobacteria; c__Alphaproteobacteria; o__BD7-3; f__; g__; s__	1.0
cca51c602df9663deac1b5bb29d76e2c	k__Bacteria; p__Proteobacteria; c__TA18; o__CV90; f__; g__; s__	1.0
a8202a21d9b12ee5355f675b1ed837b6	k__Bacteria; p__Proteobacteria; c__Alphaproteobacteria; o__Sphingomonadales; f__Sphingomonadaceae; g__Sphingobium; s__	1.0
ccf9411af062b656598d52de8423d7fc	k__Bacteria; p__Firmicutes; c__Clostridia; o__Clostridiales; f__Lachnospiraceae; g__; s__	0.6
dd8453780b7d5396e6b1b281a3f55770	k__Bacteria; p__Bacteroidetes; c__Sphingobacteriia; o__Sphingobacteriales; f__; g__; s__	0.9
c7131bd7e1ec8c82fc3c1a95f057a118	Unassigned	0.0
adbfe5a3cf60528752f71afdce86de73	k__Bacteria; p__Planctomycetes; c__Phycisphaerae; o__Phycisphaerales; f__; g__; s__	1.0
7cb102d0b6dbde7bf3daa1530f0ccba5	k__Bacteria; p__Proteobacteria; c__Gammaproteobacteria; o__Methylococcales; f__Methylococcaceae	0.8
0212a31f95dd1973f3a00040455150da	k__Bacteria; p__Proteobacteria; c__Alphaproteobacteria; o__Rickettsiales; f__; g__; s__	0.8
7dd636de44c6198157206d5262180023	k__Bacteria; p__Actinobacteria; c__Actinobacteria; o__Actinomycetales; f__Micromonosporaceae; g__Actinoplanes; s__	1.0
8dd0856eca23a286474711b2d3e2b9b8	k__Bacteria; p__Bacteroidetes; c__[Saprospirae]; o__[Saprospirales]; f__; g__; s__	1.0
da78eb479d47f24b530c49ec01ba7b6f	Unassigned	0.0
0134ec919db011a4baffa884c9cf13ef	k__Bacteria; p__Bacteroidetes; c__Flavobacteriia; o__Flavobacteriales; f__Cryomorphaceae; g__Fluviicola; s__	0.9
9576e22f83d9153f1eaa3a322f18929a	k__Bacteria; p__Tenericutes; c__Mollicutes; o__RF39; f__; g__; s__	1.0
861ec15cec213e0f5b6c77f26dde9f94	k__Bacteria; p__Bacteroidetes; c__Flavobacteriia; o__Flavobacteriales; f__Cryomorphaceae; g__Fluviicola; s__	1.0
1398b2c2b87941b32a30da956f792f9f	k__Bacteria; p__Chlamydiae; c__Chlamydiia; o__Chlamydiales; f__Parachlamydiaceae	0.6
733391b388d88c379ebac0619bf29cd3	k__Bacteria; p__Proteobacteria; c__Deltaproteobacteria; o__Desulfobacterales; f__Desulfobacteraceae; g__; s__	0.6
777275a4054174a0201cb604f2e056c0	k__Bacteria; p__Proteobacteria; c__Alphaproteobacteria	0.6
50f0f5210569e9a44fe3f4be33ec9078	k__Bacteria; p__Proteobacteria; c__Deltaproteobacteria; o__Desulfuromonadales; f__Desulfuromonadaceae; g__; s__	0.9
4f869143bab523a42db1a40efe3ac10b	k__Bacteria; p__Acidobacteria; c__Solibacteres; o__Solibacterales; f__; g__; s__	1.0
679c5677f8d88bdfded973fd13c80eb0	k__Bacteria; p__Proteobacteria; c__Alphaproteobacteria; o__; f__; g__; s__	0.8
adc53d02224a43a36e7f5a03754c8010	k__Bacteria; p__Proteobacteria; c__TA18; o__CV90; f__; g__; s__	1.0
293a801e1dd710231f6ece6d9e7b3aa3	k__Bacteria; p__Proteobacteria; c__Alphaproteobacteria; o__Rhodospirillales; f__Acetobacteraceae; g__; s__	1.0
7f26fc228fc0e4a98aaa2f558e0c8e09	k__Bacteria; p__Proteobacteria; c__Betaproteobacteria; o__Rhodocyclales; f__Rhodocyclaceae; g__Dechloromonas; s__	0.8
f300a84f5fc9960ea5924e0a18219b74	k__Bacteria; p__Proteobacteria; c__Gammaproteobacteria; o__Xanthomonadales; f__Sinobacteraceae; g__; s__	1.0
fd7da759563527cb9141e4f2e7feb4e3	k__Bacteria; p__Firmicutes; c__Clostridia; o__Clostridiales; f__; g__; s__	1.0
90989712a649ea1e2dba29102fd76eef	k__Bacteria; p__Firmicutes; c__Bacilli; o__Turicibacterales; f__Turicibacteraceae; g__Turicibacter; s__	0.9
5b74d1fe47b3a007383dfb63b67d8d23	k__Bacteria; p__Proteobacteria; c__Alphaproteobacteria; o__; f__; g__; s__	1.0
62a9054a9ed07e1154a5b47d837f26b5	Unassigned	0.0
e5f98a6085cd2bce95c259e427a77af0	Unassigned	0.0
63a16d3d203ba824f19f703a124fb27f	Unassigned	0.0
1bb118369e34f73f8de664cdf537bcfc	k__Bacteria; p__Cyanobacteria	1.0
2c5468cd1cd440114968081486dbf263	k__Bacteria; p__SR1; c__; o__; f__; g__; s__	1.0
7aeb84ddf16e3d0560d6d57216b8b439	k__Bacteria; p__Firmicutes; c__Bacilli; o__Bacillales; f__[Exiguobacteraceae]; g__Exiguobacterium; s__	1.0
1430c628797958f89759da97d5089004	k__Bacteria; p__Bacteroidetes; c__Flavobacteriia; o__Flavobacteriales; f__Cryomorphaceae; g__Fluviicola; s__	0.9
b28262cc306daa922f2d4dda4c8be4fb	k__Bacteria; p__Cyanobacteria; c__Synechococcophycideae; o__Synechococcales; f__Synechococcaceae; g__Synechococcus; s__	1.0
4723cabfc52e764741c2ab3030ee0e89	k__Bacteria; p__Proteobacteria; c__Deltaproteobacteria	0.7
bea26906d9a48813cd4987d54ebcd8ea	k__Bacteria; p__Proteobacteria; c__Gammaproteobacteria; o__; f__; g__; s__	1.0
6e9ba1bf2fe5128a21e152299b718409	k__Bacteria; p__Proteobacteria; c__Alphaproteobacteria; o__Rhizobiales; f__Hyphomicrobiaceae; g__; s__	0.6
38ed4d1a316b631b5c1d71d277b0596d	k__Bacteria; p__Proteobacteria; c__Betaproteobacteria; o__Burkholderiales; f__Comamonadaceae; g__Hydrogenophaga; s__	0.8
d51f99658cbe0091d6c8e834c62ee3ca	k__Bacteria; p__Planctomycetes; c__Phycisphaerae; o__Phycisphaerales; f__; g__; s__	1.0
bad89182207d0a9ff221505f3c3855d9	k__Bacteria; p__Planctomycetes; c__Phycisphaerae; o__Phycisphaerales; f__; g__; s__	0.6
5db89a3592c5b6a5b832264df2145f8b	k__Bacteria; p__Verrucomicrobia; c__[Pedosphaerae]; o__[Pedosphaerales]; f__R4-41B; g__; s__	0.9
82150dc0c307607607ae2bbb0d8a1370	k__Bacteria; p__Proteobacteria; c__Gammaproteobacteria; o__Alteromonadales; f__211ds20; g__; s__	1.0
b1ee4c586a2b898ed9adf2e9afbdd69c	Unassigned	0.0
41f5caa9478121368209f5f11fefe884	k__Bacteria; p__Proteobacteria; c__Gammaproteobacteria; o__HOC36; f__; g__; s__	1.0
6862efdd63c16cf390b64b97dddf20a8	k__Bacteria; p__Bacteroidetes; c__[Rhodothermi]; o__[Rhodothermales]; f__[Balneolaceae]; g__; s__	0.8
aa70b14b3ae5dfe7ab4acc6a3508f95d	k__Bacteria; p__Bacteroidetes; c__[Saprospirae]; o__[Saprospirales]; f__Saprospiraceae; g__; s__	1.0
5b7da1b60e35808d839870a899d5c91c	k__Bacteria; p__Firmicutes; c__Clostridia; o__Clostridiales; f__Lachnospiraceae; g__Epulopiscium; s__	1.0
ac2e744528d05237cf9e4a981c9477d4	k__Bacteria; p__Proteobacteria; c__Gammaproteobacteria; o__Alteromonadales; f__Alteromonadaceae; g__Glaciecola; s__	0.7
1cb013cffbf2b757ace6fd1a22d320a8	k__Bacteria	1.0
cdfc9192996bea87015aef9ba45fcbb2	k__Bacteria; p__Firmicutes; c__Bacilli; o__Bacillales; f__Planococcaceae	0.8
24c36dae9baed96a9e7308390b49437f	k__Bacteria; p__[Thermi]; c__Deinococci; o__Thermales; f__Thermaceae; g__Meiothermus; s__	1.0
9122a3d350ce5fc5bae6c63750efcc52	k__Bacteria; p__Proteobacteria; c__Alphaproteobacteria; o__; f__; g__; s__	1.0
48a9d11557c7389c5468ff1e29e11416	k__Bacteria; p__Proteobacteria; c__Deltaproteobacteria; o__Desulfarculales; f__Desulfarculaceae; g__; s__	0.9
be79fc13a6f1176d450e2f0eda0b199c	k__Bacteria; p__Proteobacteria; c__Deltaproteobacteria; o__Bdellovibrionales; f__Bdellovibrionaceae; g__Bdellovibrio; s__	1.0
e88802ac8dd18b6c3dda9918ce56c660	k__Bacteria; p__Planctomycetes; c__Planctomycetia; o__Pirellulales; f__Pirellulaceae; g__; s__	1.0
2e6bcd153da0aedb83d019f035c3ddf9	k__Bacteria; p__Cyanobacteria; c__Chloroplast; o__Stramenopiles; f__; g__; s__	0.6
cd03d3b03c30b62d67429b436b8ff5aa	k__Bacteria; p__Verrucomicrobia; c__[Pedosphaerae]; o__[Pedosphaerales]; f__; g__; s__	0.9
57f6ffb7e16db000c49a3c9a594f2048	k__Bacteria; p__Firmicutes; c__Clostridia; o__Clostridiales; f__[Mogibacteriaceae]; g__; s__	0.9
105754ea904a40fc6042b8daa36c8de9	k__Bacteria; p__Bacteroidetes; c__Cytophagia; o__Cytophagales; f__Cytophagaceae; g__; s__	1.0
59c487bc99f151fec37a9b9307cc3d96	k__Bacteria; p__Bacteroidetes; c__Bacteroidia; o__Bacteroidales	0.7
c5704495a2027286df3cc45283a88979	k__Bacteria; p__Proteobacteria; c__TA18; o__PHOS-HD29; f__; g__; s__	1.0
0c5875f4f92976248530e3ebf04b0744	k__Bacteria; p__Verrucomicrobia; c__Verrucomicrobiae; o__Verrucomicrobiales; f__Verrucomicrobiaceae; g__Verrucomicrobium; s__	1.0
10fe75deaf4d0961a3a0909d45437310	k__Bacteria; p__OD1; c__ABY1; o__; f__; g__; s__	0.7142857142857143
d8ca8ebcecfc7e97db59bb48e866045f	k__Bacteria; p__Proteobacteria; c__Alphaproteobacteria; o__Rhizobiales	0.8
554621950d8505c8d9d19bd1875e4706	k__Bacteria; p__TM6; c__SBRH58; o__; f__; g__; s__	1.0
a58ca8c85d827822b90ffbccb5791bd3	k__Bacteria; p__Proteobacteria; c__Alphaproteobacteria; o__Rickettsiales; f__; g__; s__	0.9
180c8bf23d6ee61de05375b557687b5a	k__Bacteria; p__Actinobacteria; c__Thermoleophilia; o__Gaiellales; f__; g__; s__	1.0
969ebbdd464c8697ed9ffb36e08cd044	k__Bacteria; p__Firmicutes; c__Clostridia; o__Clostridiales; f__[Tissierellaceae]	0.6
ce7894e7b410388c9d18bf274b7a3ca7	k__Bacteria; p__Bacteroidetes; c__[Saprospirae]; o__[Saprospirales]; f__Saprospiraceae; g__; s__	1.0
70fa9f15f1440839c86e009b00e87440	k__Bacteria; p__Proteobacteria; c__Alphaproteobacteria; o__Rickettsiales; f__; g__; s__	0.9
7b59e076973374f0a67f0f301a431f4b	k__Bacteria; p__OD1; c__; o__; f__; g__; s__	0.9
95094a492333496b90a3db74182fb378	Unassigned	0.0
8d469676e71eacb13b26f48e4b70c7f9	k__Bacteria; p__Proteobacteria; c__Alphaproteobacteria; o__Rhodospirillales; f__Rhodospirillaceae; g__; s__	0.9
33516a0271fef49da7be792cd95d3f50	k__Bacteria; p__Bacteroidetes; c__Sphingobacteriia; o__Sphingobacteriales; f__; g__; s__	1.0
27b115ba4cdaebfaffb252b245c562ed	k__Bacteria; p__Proteobacteria; c__Alphaproteobacteria; o__Rickettsiales; f__; g__; s__	1.0
8b5a1e2060f91e2c91dcef00123477b0	k__Bacteria; p__Cyanobacteria; c__Chloroplast; o__Chlorophyta	0.6
b774cd83ab9fb02be58e64ff0e36c806	k__Bacteria; p__Proteobacteria; c__Gammaproteobacteria; o__Enterobacteriales; f__Enterobacteriaceae	0.5454545454545454
c0f5acf808bb8f7b8602cf709226fc2a	k__Bacteria; p__Acidobacteria; c__Acidobacteria-6; o__CCU21; f__; g__; s__	1.0
866fe8bc0acbf97ed75e32fc0aa4d8cd	k__Bacteria; p__OD1; c__; o__; f__; g__; s__	1.0
f8ba4a47511dab007d8e0e8df8ea237a	k__Bacteria; p__Proteobacteria; c__Gammaproteobacteria; o__Legionellales	1.0
72eb351f789f34cdb8bf5321d63b29ff	Unassigned	0.0
57f48a7426b3803c6129f196bda02b57	k__Bacteria; p__Proteobacteria; c__Alphaproteobacteria; o__; f__; g__; s__	1.0
071c4e292a61d8b23e1c312680999eaa	k__Bacteria; p__Cyanobacteria; c__Chloroplast; o__Chlorophyta; f__Chlamydomonadaceae; g__; s__	0.6
499e9b4151912242cadec2f3cba0dac9	k__Bacteria; p__Cyanobacteria; c__Chloroplast; o__Stramenopiles; f__; g__; s__	1.0
c523c9867598caa3439788857ff05659	k__Bacteria; p__Proteobacteria; c__Deltaproteobacteria; o__Spirobacillales; f__; g__; s__	1.0
14a9abc2aeef40b375ed5d4232c6b34b	k__Bacteria; p__Proteobacteria; c__Alphaproteobacteria	0.9
f4ab3943baacceec3b72e393bf83a651	k__Bacteria; p__Planctomycetes; c__Planctomycetia; o__Pirellulales; f__Pirellulaceae; g__; s__	1.0
5fa7ec67358dbbd666511135b2f2f712	k__Bacteria; p__Proteobacteria; c__Alphaproteobacteria; o__Rhodobacterales; f__Rhodobacteraceae; g__Rhodobacter; s__	1.0
253e367c7069d6ae564363777ff6ea1e	k__Bacteria; p__Proteobacteria; c__Gammaproteobacteria; o__Pseudomonadales; f__Moraxellaceae; g__Acinetobacter; s__rhizosphaerae	1.0
9740757d026fa5c33bd30035fa3ac81b	k__Bacteria; p__Bacteroidetes; c__Sphingobacteriia; o__Sphingobacteriales; f__; g__; s__	0.7
d3b76ca24919501b2ace7ae03c3987c3	k__Bacteria; p__Proteobacteria; c__Deltaproteobacteria; o__Myxococcales; f__OM27; g__; s__	1.0
50287fa243c0bccbcd3c6eeb0a10f902	k__Bacteria; p__Proteobacteria; c__Deltaproteobacteria; o__Myxococcales; f__OM27; g__; s__	1.0
b355da25b973e4d9797bd9115b980dcd	k__Bacteria; p__Bacteroidetes; c__Cytophagia; o__Cytophagales; f__Cytophagaceae; g__Runella; s__	1.0
638deb34a963040e43be1b4059810dc7	k__Bacteria; p__Actinobacteria; c__Actinobacteria; o__Actinomycetales; f__Nocardioidaceae; g__Aeromicrobium; s__	1.0
143f72e2d185a82043f62a2c99b0c4aa	k__Bacteria; p__Proteobacteria; c__Alphaproteobacteria; o__Rickettsiales; f__Anaplasmataceae; g__Ehrlichia; s__	1.0
c03c933f72513bfe9d58f0b0cf5b0746	k__Bacteria; p__Proteobacteria	0.8333333333333334
f60792f71eea6d03c7ce3bb18e194fcd	k__Bacteria; p__Proteobacteria; c__Betaproteobacteria; o__Burkholderiales; f__Comamonadaceae	1.0
996538fe530acde62a1a1a95545caf67	k__Bacteria; p__Proteobacteria; c__Alphaproteobacteria; o__Rhizobiales	0.6
ed577f538707e23a80929a35474968f8	k__Archaea; p__[Parvarchaeota]; c__[Parvarchaea]; o__WCHD3-30; f__; g__; s__	1.0
3f6c8ffd65543bb8b0a8ca7ca36972d4	k__Bacteria; p__Proteobacteria; c__TA18; o__PHOS-HD29; f__; g__; s__	1.0
24ecb367dde39dc29c03288163bcccd9	k__Bacteria; p__Actinobacteria; c__Actinobacteria; o__Actinomycetales; f__Streptomycetaceae; g__Streptomyces	0.9
6fd55b2acf75a1ab4a03291e74ef1786	k__Bacteria; p__Proteobacteria; c__Betaproteobacteria; o__Methylophilales; f__Methylophilaceae	0.8
3a368262751667c04687d2b871507e38	k__Bacteria; p__Verrucomicrobia; c__Opitutae; o__[Cerasicoccales]; f__[Cerasicoccaceae]; g__; s__	1.0
c6fcb71b8bf4cbae253182a97a861a81	k__Bacteria; p__Proteobacteria; c__Betaproteobacteria; o__Burkholderiales; f__Comamonadaceae	0.9
c783cf678bea2a7e94d83a38dbd7f223	k__Bacteria; p__Firmicutes; c__Clostridia; o__Clostridiales; f__Clostridiaceae; g__Clostridium; s__perfringens	0.8
9aa92107d6362878c1ef27da81625fe1	k__Bacteria; p__Proteobacteria; c__Alphaproteobacteria; o__Rickettsiales; f__Rickettsiaceae; g__Rickettsia; s__	0.7
4aeab60bb119942353bc8fe60bdd72fa	k__Bacteria; p__Bacteroidetes; c__[Saprospirae]; o__[Saprospirales]; f__Chitinophagaceae; g__; s__	1.0
dfe4c46a1f5a04c2e6fc07928fd18648	k__Bacteria; p__Proteobacteria; c__Alphaproteobacteria; o__Sphingomonadales; f__; g__; s__	0.8
3f24eb34c1bd54b26b45eda0f30f6167	k__Bacteria; p__Actinobacteria; c__Thermoleophilia; o__Gaiellales; f__; g__; s__	1.0
7020fb7ab31a210ad17da82cd10cd266	k__Bacteria	1.0
03255fe4aa659bc161ef71f11f5379db	k__Bacteria; p__Proteobacteria; c__Alphaproteobacteria; o__Rhodospirillales; f__Rhodospirillaceae; g__Magnetospirillum; s__	1.0
0bd20b9fde898b97b3a42fe07c4c53c6	k__Bacteria; p__Gemmatimonadetes; c__Gemmatimonadetes; o__Gemmatimonadales; f__Gemmatimonadaceae; g__Gemmatimonas; s__	0.9
d49e80aca9a3a8d8c802f1a1f4c0d66c	Unassigned	0.0
c2d34a6f24511d6c719ee8f19da234bb	k__Bacteria; p__Proteobacteria; c__Alphaproteobacteria; o__Sphingomonadales; f__Sphingomonadaceae	1.0
4d390cacb498e6498dacfa4edd1b730f	k__Bacteria; p__Verrucomicrobia; c__Verrucomicrobiae; o__Verrucomicrobiales; f__Verrucomicrobiaceae; g__Prosthecobacter; s__	0.7
079f70cdccbaa9cd08978fe374557532	k__Bacteria; p__OD1; c__ZB2; o__; f__; g__; s__	1.0
ef5563b2964bcc64362d0e7f5c417e0f	k__Bacteria; p__Proteobacteria; c__Epsilonproteobacteria; o__Campylobacterales; f__Helicobacteraceae; g__Sulfuricurvum; s__kujiense	1.0
1c5f015c81527cf6bd4eb3b2b98c9562	k__Bacteria; p__Proteobacteria; c__Gammaproteobacteria; o__Xanthomonadales; f__Xanthomonadaceae; g__; s__	1.0
a663e0397bb97d350a2c34e5c39690a1	k__Bacteria; p__Planctomycetes; c__Planctomycetia; o__Pirellulales; f__Pirellulaceae; g__; s__	1.0
c6a02eba03265afa18e843b4ea39f16f	k__Bacteria; p__Proteobacteria; c__Alphaproteobacteria; o__Rhizobiales	1.0
2ca4db1a7f4cad7ec1929b66fb64d5cf	k__Bacteria; p__Firmicutes; c__Clostridia; o__Clostridiales; f__Clostridiaceae	1.0
8400522d4bacc227f59b4c266f9096de	k__Archaea; p__[Parvarchaeota]; c__[Parvarchaea]; o__YLA114; f__; g__; s__	1.0
2d83dd7ae168c1a95ab754ec485c1da9	k__Bacteria; p__Proteobacteria; c__Gammaproteobacteria; o__Vibrionales; f__Vibrionaceae; g__Photobacterium; s__damselae	1.0
45dd08d3059acc78e7a4bf96a2f2205a	k__Bacteria; p__Bacteroidetes; c__[Saprospirae]; o__[Saprospirales]; f__Chitinophagaceae; g__; s__	0.9
b26631844bb7665a84477adaf352bdb4	k__Bacteria; p__Firmicutes; c__Bacilli; o__Bacillales; f__Bacillaceae; g__Bacillus; s__	1.0
78c9cb66e0f220c8eb79823853dd6c14	k__Archaea; p__[Parvarchaeota]; c__[Parvarchaea]; o__WCHD3-30; f__; g__; s__	1.0
c332f3fb02ba7c50bde115a2110c42ee	k__Bacteria; p__Proteobacteria; c__Alphaproteobacteria; o__BD7-3; f__; g__; s__	1.0
1729fa162ea9f0f368aa9d458b5c7e91	k__Bacteria; p__Proteobacteria; c__Betaproteobacteria; o__Burkholderiales; f__Oxalobacteraceae	0.8
6c7236f239842b4616eb900c64747f7f	k__Bacteria; p__Firmicutes; c__Clostridia; o__Clostridiales	0.8
4365c986d1362e0b1513f30c4c1bd390	k__Bacteria; p__Gemmatimonadetes; c__Gemmatimonadetes; o__Gemmatimonadales; f__A1-B1; g__; s__	0.8
9f6463b9d8a3ab38165f88e92f2bc7c9	k__Bacteria; p__Planctomycetes; c__Planctomycetia; o__Gemmatales; f__Isosphaeraceae; g__; s__	1.0
d899997be300ea91e0181a914af7e026	k__Bacteria; p__Tenericutes; c__Mollicutes; o__Anaeroplasmatales; f__Anaeroplasmataceae; g__Anaeroplasma; s__	1.0
09ae49d82fa806c9b22fe106a20b1cd1	k__Bacteria; p__Proteobacteria	0.8
56cd640397b606ba4d238ee24ff9a606	k__Bacteria; p__Proteobacteria; c__Alphaproteobacteria; o__Rhizobiales; f__; g__; s__	1.0
5b1ad570a4adff014db84ad04cbc88d4	k__Bacteria; p__WPS-2; c__; o__; f__; g__; s__	1.0
776110882294856ca537afd882438be0	k__Bacteria; p__Proteobacteria; c__Deltaproteobacteria; o__[Entotheonellales]; f__; g__; s__	1.0
9be26aa84b4cd15fb84b6dd50258b031	k__Bacteria; p__Verrucomicrobia; c__Verruco-5; o__WCHB1-41; f__; g__; s__	1.0
55540ca970b64f64abd4e412819f097f	k__Bacteria; p__Bacteroidetes; c__[Saprospirae]; o__[Saprospirales]; f__Saprospiraceae; g__; s__	1.0
e549ee11f5e325fd75fde210dfb83928	k__Bacteria; p__Caldiserica; c__OP5; o__WCHB1-02; f__SHBZ1169; g__; s__	0.6
a1cc2e9fcb76f9a6753b5cf397196304	k__Bacteria; p__Bacteroidetes; c__Cytophagia; o__Cytophagales; f__Cytophagaceae; g__Emticicia; s__	1.0
ff36857f42f79c7a3858b49433c82a43	k__Bacteria; p__Actinobacteria; c__Actinobacteria; o__Actinomycetales; f__Microbacteriaceae	1.0
56fd5c2990fad2ee1beb4236e12e5048	k__Bacteria; p__Proteobacteria; c__Betaproteobacteria; o__Burkholderiales; f__Comamonadaceae	0.9
6a56f33911a4ff3aabbd2692da81ffd8	k__Bacteria; p__Proteobacteria; c__Betaproteobacteria; o__Burkholderiales; f__Comamonadaceae; g__Hydrogenophaga; s__	0.7
09d4718b2e9fb25cdff7a7dcf6ed6635	k__Bacteria; p__Proteobacteria; c__Deltaproteobacteria; o__Myxococcales; f__; g__; s__	1.0
12bb15a3b8a86b9c355f6d7cf24c56c8	k__Bacteria; p__Planctomycetes; c__OM190; o__CL500-15; f__; g__; s__	1.0
e1d694a3bc1205695f41bc3493751229	k__Bacteria; p__Proteobacteria; c__Betaproteobacteria; o__Neisseriales; f__Neisseriaceae; g__Vogesella; s__	0.9
6fa731cc936eae3155de50b3a059057e	k__Bacteria; p__Bacteroidetes; c__Bacteroidia; o__Bacteroidales; f__; g__; s__	1.0
62647572ccab4e220214c7bb8bc028e4	k__Bacteria; p__Proteobacteria; c__Betaproteobacteria; o__Rhodocyclales; f__Rhodocyclaceae	0.6
1764012d0e9ce8d46c3314c09241f63b	k__Bacteria; p__Planctomycetes; c__Planctomycetia; o__Pirellulales; f__Pirellulaceae; g__; s__	1.0
931e384336a22c3b90ea7eb85a94c3ca	k__Bacteria; p__Planctomycetes; c__Phycisphaerae; o__Phycisphaerales; f__; g__; s__	1.0
034219ef17e6e3a9276e4f908b9c3bac	k__Bacteria; p__Proteobacteria; c__Gammaproteobacteria; o__HTCC2188; f__HTCC2089; g__; s__	0.8181818181818182
c48b76ff06e60b787e631b262e268389	k__Bacteria; p__OD1; c__ZB2; o__; f__; g__; s__	1.0
6dc68b9a90aa7ca20278f2e72563aaa4	k__Bacteria; p__Bacteroidetes; c__Bacteroidia; o__Bacteroidales; f__Porphyromonadaceae; g__Paludibacter; s__	1.0
35928630e5814d3142310f22fa30f217	k__Bacteria; p__Cyanobacteria; c__Chloroplast; o__Chlorophyta; f__; g__; s__	0.6
a6b3d966906fbe8d3e5ec07d23226521	k__Bacteria; p__Proteobacteria; c__Betaproteobacteria; o__Rhodocyclales; f__Rhodocyclaceae; g__Dechloromonas; s__	1.0
4a2007d0108bbce358ab302a5e4dc2a7	Unassigned	0.0
33e0fda953e656341785c01f831e0e70	k__Bacteria	1.0
43fbf53f136bcf2999ab81153294aa3b	Unassigned	0.0
c3d82d1ee61cccfbbd6ac67dc81f6770	k__Bacteria; p__Proteobacteria; c__Alphaproteobacteria; o__Rhizobiales; f__Phyllobacteriaceae; g__; s__	0.8
35a1248c45afc40ca86fe13d3e0b7ca3	k__Bacteria; p__Proteobacteria; c__Alphaproteobacteria; o__BD7-3; f__; g__; s__	0.7
7b545929b8a1d460febbcb5adb1199ca	k__Bacteria; p__Bacteroidetes	1.0
d8a49190bb5698c9ced0cfdb3c338f5e	k__Bacteria; p__Bacteroidetes; c__Cytophagia; o__Cytophagales; f__Cytophagaceae; g__Leadbetterella; s__	1.0
f8b0fff3c81e5af0dfbddedeadbc41a8	k__Bacteria; p__Gemmatimonadetes; c__Gemmatimonadetes; o__Gemmatimonadales; f__Gemmatimonadaceae; g__Gemmatimonas; s__	1.0
b42dbe244339ab0ee01751a2ad2140a9	k__Bacteria; p__OD1; c__; o__; f__; g__; s__	1.0
e2060dd8436f24ab41a3681d197583bc	k__Bacteria; p__Bacteroidetes; c__[Saprospirae]; o__[Saprospirales]; f__Saprospiraceae; g__Haliscomenobacter; s__	0.7
70ecc3f8663737d4577c72862d6053da	k__Bacteria; p__Chlorobi; c__OPB56; o__; f__; g__; s__	1.0
5a24f03bd739bda10391f405230585ec	k__Bacteria; p__Proteobacteria; c__Alphaproteobacteria; o__Rickettsiales; f__Rickettsiaceae; g__; s__	0.9
f74dd9f6b354ae533d07112e360140fd	k__Archaea; p__Euryarchaeota; c__DSEG; o__ArcA07; f__; g__; s__	1.0
4b80ad3a932fee91a1f5d0c22825eab9	k__Bacteria; p__Proteobacteria; c__Betaproteobacteria; o__Burkholderiales; f__Comamonadaceae; g__; s__	0.8
aaea7caa909bc084adcbcfdc7abe5de3	k__Bacteria; p__Bacteroidetes; c__[Saprospirae]; o__[Saprospirales]; f__Saprospiraceae; g__; s__	1.0
66ddcbdcd1f2460ffd8d59198bf890a3	k__Bacteria; p__Actinobacteria; c__Actinobacteria; o__Actinomycetales; f__; g__; s__	0.8
cbfefc63aa61e53203138cf2cc1b1684	k__Bacteria; p__Actinobacteria; c__Thermoleophilia; o__Gaiellales; f__AK1AB1_02E; g__; s__	1.0
04ce5b39721d7a9f2b27ff7a2274897f	k__Bacteria; p__Proteobacteria; c__Alphaproteobacteria; o__Rhodospirillales; f__Rhodospirillaceae; g__; s__	0.8
50b13c4b1241dd5f238e2d5282c0fe63	k__Bacteria; p__Actinobacteria; c__Actinobacteria; o__Actinomycetales; f__Microbacteriaceae; g__; s__	0.8
59d9d25ed263ebef31945ca011cb8a08	k__Bacteria; p__Bacteroidetes; c__Cytophagia; o__Cytophagales; f__Cytophagaceae; g__Rudanella; s__	0.7
a10cfb7a0d32c5f8993a0b15913491e5	k__Bacteria; p__Bacteroidetes; c__Bacteroidia; o__Bacteroidales; f__Bacteroidaceae; g__5-7N15; s__	0.8
70d53a77d9fd780b663584b67e36514f	k__Bacteria; p__Chlorobi; c__OPB56; o__; f__; g__; s__	1.0
25c313c7d187f1d14ecb5314fc8bdc58	k__Bacteria; p__Proteobacteria; c__Alphaproteobacteria; o__Rhodospirillales; f__Rhodospirillaceae; g__; s__	0.9
1ae4ebc00be73e71ef32d45cb1769452	k__Bacteria; p__Proteobacteria; c__Alphaproteobacteria; o__; f__; g__; s__	1.0
bafd1fcf5bdda6d6d046f4e4aaaa2bf0	k__Bacteria; p__Bacteroidetes; c__Flavobacteriia; o__Flavobacteriales; f__Flavobacteriaceae; g__Flavobacterium; s__	1.0
0c54979c7a1b82a8e0a1a052d9bef773	k__Bacteria; p__Proteobacteria; c__Alphaproteobacteria; o__Rhizobiales; f__Phyllobacteriaceae; g__Mesorhizobium	0.6
22a06733ee952a8b414cd89d6b03174b	k__Bacteria; p__Verrucomicrobia; c__Verrucomicrobiae; o__Verrucomicrobiales; f__Verrucomicrobiaceae; g__Luteolibacter; s__	1.0
b889c22c140f06b2a118f201fb083e21	k__Bacteria; p__Proteobacteria; c__Gammaproteobacteria; o__Alteromonadales; f__211ds20; g__; s__	1.0
00c6f4e9d75f18c3094c741aeb3c02d9	k__Bacteria; p__Proteobacteria; c__Alphaproteobacteria; o__Rhodospirillales; f__Acetobacteraceae; g__Roseococcus; s__	1.0
87d166447d65984d174f69c8de070d23	k__Bacteria; p__Proteobacteria; c__TA18; o__CV90; f__; g__; s__	0.9
2660d31e117e7c5bee8f5318693b68c4	Unassigned	0.0
72d55c8003d1113ee2668ea7e819872a	k__Bacteria; p__Proteobacteria; c__Gammaproteobacteria; o__Alteromonadales; f__[Chromatiaceae]; g__Rheinheimera; s__	1.0
78142ac4cdba67d50a658daea0d491c7	k__Bacteria; p__Firmicutes; c__Clostridia; o__Clostridiales; f__Christensenellaceae; g__; s__	1.0
32ecafbe8bf5c56a9f5bb51b7fa9b95a	k__Bacteria; p__Verrucomicrobia; c__[Spartobacteria]; o__[Chthoniobacterales]; f__[Chthoniobacteraceae]; g__Candidatus Xiphinematobacter; s__	1.0
b016f7bd64a39a5f6603131f01eedefb	k__Bacteria; p__Actinobacteria; c__Acidimicrobiia; o__Acidimicrobiales; f__C111; g__; s__	1.0
d981baccf0a122a2c55cf3a7f6140a9c	k__Bacteria; p__Cyanobacteria; c__Synechococcophycideae; o__Pseudanabaenales; f__Pseudanabaenaceae	0.8
c7d84d2d294d1a424e68467ecc53ee7f	k__Bacteria; p__Proteobacteria	1.0
9b3bc0e581cba3b2bd71b20362f541f6	k__Bacteria; p__Proteobacteria; c__Gammaproteobacteria; o__Legionellales; f__Coxiellaceae; g__Aquicella; s__	0.6
5e145ecf25c90eca50e35ed282234799	k__Bacteria; p__Proteobacteria; c__Alphaproteobacteria; o__Rhodobacterales; f__Hyphomonadaceae; g__; s__	1.0
4e505c83de8777756d6856b1fa34b761	k__Bacteria; p__Proteobacteria; c__Gammaproteobacteria; o__Xanthomonadales; f__Xanthomonadaceae; g__Lysobacter; s__	0.8
4027bd3666c41178c248d59f94309079	k__Bacteria; p__OD1; c__ZB2; o__; f__; g__; s__	1.0
6dbff9c62fec446aefb1476badc228ad	k__Bacteria; p__Actinobacteria; c__Thermoleophilia; o__Gaiellales; f__Gaiellaceae; g__; s__	0.9
deb7668669d419e4a26e0782a6f2f8b6	k__Bacteria; p__Proteobacteria; c__Alphaproteobacteria; o__; f__; g__; s__	1.0
6ffa1635e22b09dcae9ce0fecabc5cf5	k__Bacteria; p__Verrucomicrobia; c__Verrucomicrobiae; o__Verrucomicrobiales; f__Verrucomicrobiaceae; g__Luteolibacter; s__	0.9
f5a3fff78aaf8297b7c75f88164e7ae0	k__Bacteria; p__Proteobacteria; c__Epsilonproteobacteria; o__Campylobacterales	0.6
89cf19b6f2191e03f4e2b82c71f7a794	k__Bacteria; p__Actinobacteria; c__Acidimicrobiia; o__Acidimicrobiales; f__; g__; s__	1.0
a0c6e407204635c81bcbd4fcf85c4cff	k__Bacteria; p__Proteobacteria; c__Gammaproteobacteria; o__Legionellales	0.8
cee8e0dbf49c71a88d966e5e7b1db163	k__Bacteria; p__Chloroflexi; c__SL56; o__; f__; g__; s__	0.8
5c3385422fc9b5d5200ce02e9af8717d	k__Bacteria; p__Bacteroidetes; c__[Saprospirae]; o__[Saprospirales]; f__Saprospiraceae; g__; s__	1.0
6c44e724c1a143edc7e924fe53639d28	k__Bacteria; p__Verrucomicrobia; c__[Spartobacteria]; o__[Chthoniobacterales]; f__[Chthoniobacteraceae]; g__; s__	0.8
e294af50495750ceee11a7298ca88608	k__Bacteria; p__Proteobacteria; c__Betaproteobacteria; o__Burkholderiales; f__Comamonadaceae; g__Limnobacter	0.6
1eb1e994bc4ad2437dd4d5e2cbf3b94e	k__Bacteria; p__H-178; c__; o__; f__; g__; s__	0.7
c1a6745aeaa3ce4d22d1b768090621b7	k__Bacteria; p__Proteobacteria; c__Betaproteobacteria; o__Rhodocyclales; f__Rhodocyclaceae	1.0
4fa2a09f052a25b53c7a6608fc32123e	k__Bacteria; p__Proteobacteria; c__Alphaproteobacteria; o__Rickettsiales; f__Rickettsiaceae; g__; s__	1.0
334ef56676a4826e93a733b0d60d1de7	k__Bacteria; p__Proteobacteria; c__Alphaproteobacteria; o__Rickettsiales; f__; g__; s__	1.0
fcf42f9885637607c61d75c9501141a0	Unassigned	0.0
707cda0a896747f9b925d666c7266b04	k__Bacteria; p__Planctomycetes; c__Planctomycetia; o__Gemmatales; f__Gemmataceae; g__; s__	0.9
c9539eeda6cf3ec5ac82a751fd0cb2a4	k__Bacteria; p__Bacteroidetes	0.8
dc72ee7d955dedd020b730db0d61b79b	k__Bacteria; p__Bacteroidetes; c__Flavobacteriia; o__Flavobacteriales; f__Flavobacteriaceae; g__Flavobacterium; s__	1.0
87127bfaccc9a70c9f80aa9d7aec3435	k__Bacteria; p__Firmicutes; c__Clostridia; o__Clostridiales; f__[Acidaminobacteraceae]; g__Acidaminobacter; s__	0.9
33ad47d4e941072944b685795a318ef8	k__Bacteria; p__Planctomycetes; c__Planctomycetia; o__Pirellulales; f__Pirellulaceae; g__; s__	1.0
d56cf4694051fa9dd90520cb7d95e83f	k__Bacteria; p__Proteobacteria; c__Betaproteobacteria; o__SC-I-84; f__; g__; s__	0.9
c047707bc83ccc684f5f134ed7beb198	k__Bacteria; p__Cyanobacteria; c__Chloroplast; o__Stramenopiles; f__; g__; s__	1.0
9965f6c6eb290e7bf70a5c6c61e64435	k__Bacteria; p__Proteobacteria; c__Gammaproteobacteria; o__Thiotrichales; f__Piscirickettsiaceae; g__; s__	0.6
45b4dc7b08554129c12106aac306fe6b	k__Bacteria; p__Planctomycetes; c__Planctomycetia; o__Gemmatales; f__Gemmataceae; g__Gemmata; s__	1.0
aee191e56a5611c6e31b84572104be9a	k__Bacteria; p__Cyanobacteria; c__Chloroplast	1.0
e52b077c2d6f72d4ad9a157c9021612f	k__Bacteria; p__Planctomycetes; c__Planctomycetia; o__Pirellulales; f__Pirellulaceae; g__; s__	0.9
4f88bf7bcd6b91a2baa85d0b529e3699	k__Bacteria; p__Proteobacteria; c__Gammaproteobacteria; o__Legionellales	0.7
7c8fe8d2ec7bc361cb4ca9d66d3dc666	k__Bacteria; p__Bacteroidetes; c__Cytophagia; o__Cytophagales; f__Cytophagaceae; g__; s__	1.0
b327f40dea5e0349212dc29df2592d8b	k__Bacteria; p__TM6; c__SBRH58; o__; f__; g__; s__	1.0
6bbfe7cd795b6e0080b6c4fcf85aa24c	k__Bacteria; p__Proteobacteria; c__Alphaproteobacteria; o__Rhizobiales; f__; g__; s__	0.8
6acccd174a2642f0d928f9f24c0f5cec	k__Bacteria; p__Proteobacteria; c__Alphaproteobacteria; o__Rickettsiales; f__mitochondria; g__; s__	0.6666666666666666
bf44b2e9cb6bec92350f7d9220a0a00e	k__Bacteria; p__GN02; c__GKS2-174; o__; f__; g__; s__	1.0
dc9fc9d2c3c7b7613e5885f401993cfd	k__Bacteria; p__Cyanobacteria; c__Chloroplast; o__Chlorophyta; f__Chlamydomonadaceae	0.6
b8062fa13ccd31091a0c294a9cef2b7a	k__Bacteria; p__Actinobacteria; c__Acidimicrobiia; o__Acidimicrobiales; f__C111; g__; s__	1.0
48486972b48b735d096419074ba9e305	k__Bacteria; p__Proteobacteria; c__Alphaproteobacteria; o__Rickettsiales; f__; g__; s__	0.9
708f638af650b058a683cc903dcc7805	k__Bacteria; p__Proteobacteria; c__Deltaproteobacteria; o__Desulfarculales; f__Desulfarculaceae; g__; s__	0.6
af96845c6883ceb010894750b2b5d0f6	k__Bacteria; p__Bacteroidetes; c__Sphingobacteriia; o__Sphingobacteriales; f__; g__; s__	0.9
315a67f7d0f84b9950b9013143c5987e	k__Bacteria; p__Proteobacteria; c__Alphaproteobacteria; o__Sphingomonadales; f__Sphingomonadaceae; g__; s__	0.9
00f25de6989ad77304c31cffa56f4268	k__Bacteria	1.0
64390432d35227ae223e5b1d78101923	k__Bacteria; p__Bacteroidetes	1.0
4f37650203993fcc1a9009fdf57a6d6f	k__Bacteria; p__Proteobacteria; c__Alphaproteobacteria; o__Rhizobiales	1.0
8065cab59c4f1f769fab9b54f7e36f0e	k__Bacteria; p__Proteobacteria; c__Betaproteobacteria; o__Methylophilales; f__Methylophilaceae; g__; s__	0.8
daad92565bb5aae05d30e8f53b2d737e	Unassigned	0.0
6caa4f3dced05726555736621f1a2eca	k__Bacteria; p__Nitrospirae; c__Nitrospira; o__Nitrospirales; f__[Thermodesulfovibrionaceae]; g__LCP-6; s__	1.0
1c53c0040a4e0491bf90d8c40ee1ab51	k__Bacteria; p__Proteobacteria; c__Deltaproteobacteria; o__Spirobacillales; f__; g__; s__	0.6
7b6ef8fd677140b6e0790c6919225f69	k__Bacteria; p__Proteobacteria; c__Alphaproteobacteria; o__Rhodobacterales; f__Rhodobacteraceae; g__; s__	0.8
98ab88d1810312436e785aa301a20002	k__Bacteria; p__Cyanobacteria; c__Chloroplast	0.7
fd8160439e1deca2a29c58ee057b43ee	k__Bacteria; p__Proteobacteria; c__Alphaproteobacteria; o__Sphingomonadales; f__Sphingomonadaceae	0.9
f4497deaf59412a10fb70833c21b9002	k__Bacteria; p__Proteobacteria; c__Betaproteobacteria; o__Burkholderiales; f__Oxalobacteraceae; g__Cupriavidus; s__	1.0
68db35a1dd322fa728f0c6c6219ca452	k__Bacteria; p__Cyanobacteria; c__Chloroplast; o__Streptophyta; f__; g__; s__	1.0
d5d72635807baa839e705a0a880d42ce	k__Bacteria; p__Cyanobacteria; c__; o__; f__; g__; s__	0.6
3d62a5c06a8d60efca3f324465c46926	k__Bacteria; p__Cyanobacteria; c__Chloroplast; o__Stramenopiles; f__; g__; s__	0.6
a5a01f2ac6db9d4fffd6d10db6f1fbf1	k__Bacteria; p__Lentisphaerae; c__[Lentisphaeria]; o__Victivallales; f__Victivallaceae; g__; s__	0.9
391a7b70fd77628cfc25d18bc71d3ca3	k__Bacteria; p__Cyanobacteria; c__Chloroplast	1.0
8e255f2de396d2eb01841dc210e02b57	k__Bacteria; p__Proteobacteria; c__Deltaproteobacteria; o__Myxococcales; f__Myxococcaceae; g__Anaeromyxobacter; s__	0.9
5ed2cc43db8d50a0be2cb57108bc4298	Unassigned	0.0
94146ba7e7ea62e75cf43bde82ed8081	k__Bacteria; p__Armatimonadetes; c__[Fimbriimonadia]; o__[Fimbriimonadales]; f__[Fimbriimonadaceae]	0.7
ae448ee1bdb2d78a1d602bfaf7dfc3fb	k__Bacteria; p__Cyanobacteria; c__Chloroplast; o__Chlorophyta; f__; g__; s__	1.0
2bfa61fc8f31b3b979ebd28e39664f94	k__Bacteria; p__Planctomycetes; c__vadinHA49; o__DH61; f__; g__; s__	1.0
435cb2f05d125e994a2574ef8e74731a	k__Bacteria; p__Chlamydiae; c__Chlamydiia; o__Chlamydiales	1.0
771f77d9073e68acb4498dbd2bd0130c	Unassigned	0.0
c89ebe0baa3f0bbbb8a295de95b5f968	k__Bacteria; p__Proteobacteria; c__Betaproteobacteria; o__Burkholderiales; f__Comamonadaceae	1.0
5146fadaac1f49ea94f9e1e46c6ece1a	k__Bacteria; p__Chlamydiae; c__Chlamydiia; o__Chlamydiales; f__Parachlamydiaceae	1.0
62ae966585101aefd4abc2a82e7bacd9	k__Bacteria; p__Proteobacteria; c__Deltaproteobacteria; o__; f__; g__; s__	0.7
447b4f5a7a5699df08bc6379a26fb26c	k__Archaea; p__Euryarchaeota	1.0
7dba4006547a31a7cbf00a7b26cd9b99	k__Bacteria; p__Bacteroidetes; c__Flavobacteriia; o__Flavobacteriales; f__Cryomorphaceae; g__; s__	1.0
5512820db4d08c55d346da98d6ff018e	k__Bacteria; p__TM6; c__SBRH58; o__; f__; g__; s__	1.0
ef2630fc7856a219aedb16d69f60c592	k__Bacteria; p__Firmicutes; c__Clostridia; o__Clostridiales; f__Ruminococcaceae; g__Ruminococcus; s__	0.9
3c021871dc7044fd2e9f5ee79a096d71	k__Bacteria; p__Proteobacteria; c__Alphaproteobacteria; o__Rickettsiales; f__mitochondria; g__; s__	0.8333333333333334
d1655438ab68ebbdbd6682c3dd4ed4cb	k__Bacteria; p__Verrucomicrobia; c__Verrucomicrobiae; o__Verrucomicrobiales; f__Verrucomicrobiaceae; g__; s__	1.0
221487c0334cc8ad5ed91a2ac62cd752	k__Bacteria; p__Proteobacteria; c__Betaproteobacteria; o__Burkholderiales; f__Comamonadaceae; g__Methylibium; s__	0.6
29e428f5d4ffc5bcda4d947f28a19a83	k__Bacteria; p__Chloroflexi; c__Anaerolineae; o__Caldilineales; f__Caldilineaceae; g__; s__	1.0
b85326ab0dde4c086b1348afd98ec712	k__Bacteria; p__Acidobacteria; c__Acidobacteria-5; o__; f__; g__; s__	0.6
d927cbad9a6a83ce9fbcccbe31828051	k__Bacteria; p__OD1; c__; o__; f__; g__; s__	1.0
e09ded0b150310d4c8e0bbd1f5cbfa7e	k__Bacteria; p__Proteobacteria; c__Alphaproteobacteria; o__Rhizobiales; f__Methylocystaceae; g__Pleomorphomonas	0.7
ebc062fd67599ea03410ee05b85e32cb	k__Bacteria; p__Proteobacteria; c__Alphaproteobacteria; o__BD7-3; f__; g__; s__	1.0
b63ae4ef755cc6312282ddfe6a4386e8	k__Bacteria; p__Cyanobacteria; c__Chloroplast; o__Stramenopiles; f__; g__; s__	1.0
a1d979c13f9c70b285061998092352a0	k__Bacteria; p__Bacteroidetes; c__Cytophagia; o__Cytophagales; f__Cytophagaceae; g__Emticicia; s__	1.0
c289b37d36317cf903d89317f853d650	k__Bacteria; p__Firmicutes; c__Clostridia; o__Clostridiales; f__Peptostreptococcaceae; g__; s__	0.6
4f16916c94cdbc0ebafa0a991c30abcf	k__Bacteria; p__Proteobacteria; c__Epsilonproteobacteria; o__Campylobacterales; f__Helicobacteraceae; g__Sulfurimonas; s__	1.0
83b8928650c0426dbeae39be4eb56eca	k__Bacteria; p__Chloroflexi; c__Anaerolineae; o__GCA004; f__; g__; s__	1.0
af28fa894735bd56232ec807f16ae047	k__Bacteria; p__Proteobacteria; c__Deltaproteobacteria; o__MIZ46; f__; g__; s__	1.0
343d326ff8408780848874cd135b1a43	k__Bacteria; p__Cyanobacteria; c__Chloroplast; o__Streptophyta; f__; g__; s__	0.8
94b8a85bc3e3936a293f03d7248948da	k__Bacteria; p__Cyanobacteria; c__Chloroplast; o__Chlorophyta; f__Chlamydomonadaceae; g__; s__	0.6
57ea096536f742b60f6e4e1555f499f5	k__Bacteria; p__Gemmatimonadetes; c__Gemm-1; o__; f__; g__; s__	1.0
e65266bf060654788a16281f2c6c8145	k__Archaea; p__[Parvarchaeota]; c__[Parvarchaea]; o__YLA114; f__; g__; s__	1.0
75e2193deda052bb9fd3115ae21adaa3	k__Bacteria; p__Bacteroidetes; c__[Saprospirae]; o__[Saprospirales]; f__Chitinophagaceae	1.0
6dd7eb191099877c4c7de53ee70c4a01	k__Bacteria; p__Proteobacteria; c__Alphaproteobacteria; o__Rhodobacterales; f__Rhodobacteraceae; g__; s__	0.8
72bdde41395b2a3b37c392e42b23ff4c	k__Bacteria; p__Chlorobi; c__OPB56; o__; f__; g__; s__	1.0
d23798d9a050c26bdde35f7d84beb8de	k__Bacteria; p__Bacteroidetes; c__[Saprospirae]; o__[Saprospirales]; f__Chitinophagaceae; g__; s__	1.0
43c0fd132b86e3a8b6c1e5b83108a2ec	k__Bacteria; p__Spirochaetes; c__[Leptospirae]; o__[Leptospirales]; f__Leptospiraceae; g__Leptospira; s__	1.0
56c228d71eda6703b25ebd18d049a18f	k__Bacteria; p__Proteobacteria; c__Deltaproteobacteria; o__Bdellovibrionales; f__Bdellovibrionaceae; g__Bdellovibrio; s__	1.0
12168bd4067993bf4d150c43fe830093	k__Bacteria; p__Cyanobacteria; c__Synechococcophycideae; o__Synechococcales; f__Synechococcaceae; g__Synechococcus; s__	1.0
db031370ce9a7aa37f59a6db15a3e384	k__Bacteria; p__Proteobacteria; c__Gammaproteobacteria; o__Legionellales; f__Legionellaceae; g__Legionella; s__	0.7
cdc9d2a43ff8d8aa72be74e4b187d5e1	k__Bacteria; p__GN02; c__BD1-5; o__; f__; g__; s__	1.0
ecbc8900367585b6a41ff48a59abc1c3	k__Bacteria; p__Acidobacteria; c__Acidobacteria-6; o__iii1-15; f__mb2424; g__; s__	0.9
40f2506d265c888c476a26254c934bf8	k__Bacteria; p__OP11; c__OP11-2	0.6
d05660e2466a8ea65de4b2b9831a8621	k__Bacteria; p__Proteobacteria; c__Gammaproteobacteria	1.0
c570e571a43bb3661bc4e576a67a2b27	k__Bacteria; p__Cyanobacteria; c__Synechococcophycideae; o__Pseudanabaenales; f__Pseudanabaenaceae; g__Pseudanabaena; s__	1.0
7de146e867634a86ea359b9835c83bee	k__Bacteria; p__Chlorobi; c__OPB56; o__; f__; g__; s__	1.0
c8439b5c1983cd1e7a0b11bfaec450e6	k__Bacteria; p__Verrucomicrobia; c__Verrucomicrobiae; o__Verrucomicrobiales; f__Verrucomicrobiaceae	1.0
f2cd628b638789f32462e8233ac13ba1	k__Bacteria; p__Acidobacteria; c__DA052; o__Ellin6513; f__; g__; s__	0.6
1f907cb707a7c248019242f7ead4ab09	k__Bacteria; p__Proteobacteria; c__Gammaproteobacteria	1.0
8ee3b595205f02a51e128ef100313b8b	k__Bacteria; p__Proteobacteria; c__Deltaproteobacteria; o__MIZ46; f__; g__; s__	0.6
65ce6a71a205599a318438f7d039f166	k__Bacteria; p__NC10; c__12-24; o__JH-WHS47; f__; g__; s__	0.8
3b7e8db07320fc5c2be80a10304b2ac1	k__Bacteria; p__Bacteroidetes; c__[Saprospirae]; o__[Saprospirales]; f__Saprospiraceae; g__; s__	1.0
416e4b07b32ed369f7a2371fa583ed07	Unassigned	0.0
66a7f06f8892c38f43a1f5a78e371ac6	k__Bacteria; p__Cyanobacteria; c__Synechococcophycideae; o__Synechococcales; f__Synechococcaceae; g__Synechococcus; s__	1.0
f07e293c8e9b07d83dc3beba55fafee3	k__Bacteria; p__Proteobacteria; c__Deltaproteobacteria; o__Desulfobacterales; f__Desulfobulbaceae; g__; s__	0.7
3114208b434c79fb835c88da5158f185	Unassigned	0.0
0916c2d02dfa74592278915f133b5209	k__Bacteria; p__Proteobacteria; c__Alphaproteobacteria; o__Rickettsiales; f__; g__; s__	0.9
0040c683f49673b84a385c40298ce4d9	k__Bacteria; p__Proteobacteria; c__Betaproteobacteria; o__Burkholderiales; f__Alcaligenaceae; g__Sutterella; s__	0.9
e1608e0d8493959f16c02f113c52b3dc	k__Bacteria; p__Proteobacteria; c__Deltaproteobacteria; o__Bdellovibrionales; f__Bdellovibrionaceae; g__Bdellovibrio; s__	0.7
78a205946e536eb37d56791c8189964c	k__Bacteria; p__Verrucomicrobia; c__[Methylacidiphilae]; o__Methylacidiphilales	0.8
e55f70b4048f54509fb82a78e3d7d34e	k__Bacteria; p__Proteobacteria; c__Alphaproteobacteria; o__Rickettsiales; f__; g__; s__	1.0
be2701f9f5a001de04773845bca3e78a	k__Bacteria; p__Proteobacteria	0.9
691b98032737ba488d3e2dc8830f9ead	k__Bacteria; p__Firmicutes; c__Clostridia; o__Clostridiales; f__Lachnospiraceae	1.0
db8641c5cbc5d68a52fbd67e2f502d52	k__Bacteria; p__Proteobacteria; c__Gammaproteobacteria; o__Methylococcales; f__Crenotrichaceae; g__Crenothrix; s__	0.7
38057ae6cb49ffe475a5b87ccd8e7bd2	k__Bacteria; p__Proteobacteria; c__Deltaproteobacteria; o__Desulfarculales; f__Desulfarculaceae; g__; s__	0.8
8a6abe7183457fd65fb200173957f353	k__Bacteria; p__Proteobacteria	0.8
6035281d8ca77b6cae044c2f681fe8b2	k__Bacteria; p__Cyanobacteria; c__4C0d-2; o__YS2; f__; g__; s__	0.9
d4d8c5acab3e222aac3af665d2ccd653	k__Bacteria; p__Proteobacteria; c__Deltaproteobacteria; o__Bdellovibrionales; f__Bacteriovoracaceae; g__; s__	1.0
601243f711f6f50a1ea25ecf506395c6	k__Bacteria; p__Cyanobacteria; c__Chloroplast; o__Stramenopiles; f__; g__; s__	1.0
8b03b39a9dab81b33d05cec2365bd0ad	k__Bacteria; p__Proteobacteria; c__Betaproteobacteria; o__; f__; g__; s__	1.0
8b5d07a7971b2d850e083b4c811fc931	k__Bacteria; p__Proteobacteria; c__Alphaproteobacteria; o__Rhizobiales; f__Hyphomicrobiaceae; g__; s__	1.0
c8cb7f62b8e06d9a316266b3c9fe5729	k__Bacteria; p__Planctomycetes; c__Planctomycetia; o__Gemmatales; f__Gemmataceae; g__; s__	1.0
8959775bafc981a4f6bb5150b934d6f4	k__Bacteria; p__Proteobacteria; c__Deltaproteobacteria; o__Myxococcales; f__0319-6G20; g__; s__	1.0
3f8964077b8eca7c5be363d2e1c728a4	k__Bacteria; p__Proteobacteria; c__Alphaproteobacteria; o__Rickettsiales; f__Rickettsiaceae; g__Rickettsia; s__	0.7
b9dd553fb655ddc3ad28bc28278eee58	k__Bacteria; p__Tenericutes; c__Mollicutes; o__Entomoplasmatales; f__; g__; s__	0.7
c474793da848e6d317a666986ff4041a	k__Bacteria; p__Proteobacteria; c__Deltaproteobacteria; o__Myxococcales; f__; g__; s__	0.7
cf7c0d54b1e92316c5112e35f2c93a4f	k__Bacteria; p__GN02; c__3BR-5F; o__; f__; g__; s__	1.0
b556646bda9168ffd93c780efe7c039b	k__Bacteria; p__Proteobacteria; c__Gammaproteobacteria; o__Legionellales; f__Coxiellaceae; g__Rickettsiella; s__	1.0
8e925565ce5ea3d0489772c4c9b27bbb	k__Bacteria; p__Proteobacteria; c__Alphaproteobacteria; o__Rickettsiales; f__mitochondria; g__; s__	1.0
14a336cc131f995e441fb813f50e9d52	k__Bacteria; p__Proteobacteria; c__Betaproteobacteria; o__Burkholderiales; f__; g__; s__	0.7
f234f62fe7fc64d664b1b9581bff91ab	k__Bacteria; p__Cyanobacteria; c__Chloroplast; o__Chlorophyta; f__Chlamydomonadaceae	0.6
640ba3eec73e60d603791113b9964a0b	k__Bacteria; p__Bacteroidetes; c__[Saprospirae]; o__[Saprospirales]; f__Chitinophagaceae; g__; s__	0.9
f38145933cf8451ab27824ef498acc6d	k__Bacteria; p__Proteobacteria; c__Deltaproteobacteria; o__Spirobacillales; f__; g__; s__	1.0
a0062446a6692f8987bcfc1befd0129b	k__Bacteria; p__Bacteroidetes; c__Bacteroidia; o__Bacteroidales; f__SB-1; g__; s__	0.6
2581484f576faf356a7860257b308658	k__Bacteria; p__Chlamydiae; c__Chlamydiia; o__Chlamydiales; f__Rhabdochlamydiaceae; g__Candidatus Rhabdochlamydia; s__	0.6
2e37353f5d11fe98f9843af25ad1a12b	k__Bacteria; p__OD1; c__ZB2; o__; f__; g__; s__	1.0
d007fc1a205d950569b1ba1cebfcc289	k__Bacteria; p__Proteobacteria; c__Alphaproteobacteria; o__Rhodospirillales; f__Rhodospirillaceae; g__; s__	0.6
083714a266dcb69692d3e753fbd3612f	k__Bacteria; p__Proteobacteria; c__Deltaproteobacteria; o__Spirobacillales; f__; g__; s__	0.9
4abd22eaed5ea8cd7e0cb94fb6fcd68c	k__Bacteria; p__Cyanobacteria; c__Chloroplast; o__Stramenopiles; f__; g__; s__	1.0
2da553aeb613208054e57c7e265c6c59	k__Bacteria; p__Proteobacteria; c__Alphaproteobacteria; o__Rhizobiales; f__; g__; s__	0.9
ba859b1815ea623b42322a6d63d3b4ae	k__Bacteria; p__Bacteroidetes; c__Cytophagia; o__Cytophagales; f__Cytophagaceae	0.9
4d1bda1f72101fa18b565a01de345f69	k__Bacteria; p__Firmicutes; c__Clostridia; o__Clostridiales; f__Lachnospiraceae; g__; s__	0.7
4838001fcf28cf939b7749d54b61c872	k__Bacteria; p__Proteobacteria; c__TA18; o__CV90; f__; g__; s__	1.0
95d2e270c5a73d9b3d13c99672b0da39	k__Bacteria; p__Proteobacteria; c__Alphaproteobacteria; o__Rhodospirillales; f__Rhodospirillaceae; g__; s__	0.9
d61e4167f4fb3da8369f9d48ff4597eb	k__Bacteria; p__Proteobacteria; c__Deltaproteobacteria; o__Desulfuromonadales; f__Desulfuromonadaceae; g__; s__	1.0
16a87ebe577a0bef72f2f1819a63e4e2	k__Bacteria; p__Proteobacteria; c__Alphaproteobacteria; o__Sphingomonadales; f__Sphingomonadaceae	0.7
1c48d4e3fd827f5145ecf76255ebe447	k__Bacteria	1.0
7f11dbc4ba100cdf1452ba3bddeda295	k__Bacteria; p__Bacteroidetes; c__[Saprospirae]; o__[Saprospirales]; f__Chitinophagaceae; g__; s__	0.6
bbb33e9de80744e43422bb1ed78fe21b	k__Bacteria; p__Chlamydiae; c__Chlamydiia; o__Chlamydiales; f__Rhabdochlamydiaceae; g__Candidatus Rhabdochlamydia; s__	0.6
fc86552e34a4de1d73f65ed76e7212d2	k__Bacteria; p__Proteobacteria; c__Gammaproteobacteria; o__Thiotrichales; f__Piscirickettsiaceae; g__; s__	1.0
0186913fdfe92d33b217fc7c6d20077e	k__Bacteria; p__Firmicutes; c__Clostridia; o__Clostridiales; f__Syntrophomonadaceae; g__Syntrophomonas; s__	1.0
293c9187f7bf778f8824f32518e754ae	Unassigned	0.0
b74ee59ed33332cc303a67a58451c9fe	k__Bacteria; p__Verrucomicrobia; c__Opitutae; o__Opitutales; f__Opitutaceae; g__; s__	1.0
28f014a355e18947bb7de19d03719418	k__Bacteria; p__Proteobacteria; c__Deltaproteobacteria; o__Myxococcales; f__Polyangiaceae; g__; s__	0.8
5c25a0ad63fbf156b489db034b1326d4	k__Bacteria; p__Planctomycetes; c__Phycisphaerae; o__Phycisphaerales; f__; g__; s__	1.0
f15b694fd41890c5a798ffbe9dc7bc98	k__Bacteria; p__Cyanobacteria; c__Chloroplast; o__Streptophyta; f__; g__; s__	1.0
3b1bbd2e055fb8173f6e19ccada6d09d	k__Bacteria; p__Proteobacteria; c__TA18; o__PHOS-HD29; f__; g__; s__	1.0
2d99b6cf01c0fc42291ee0f1986c9f69	k__Bacteria; p__Proteobacteria; c__Alphaproteobacteria; o__Rhizobiales; f__Phyllobacteriaceae	0.9
4a174705f02f217058f54ca5fb3e0a7a	k__Bacteria; p__Proteobacteria; c__Epsilonproteobacteria; o__Campylobacterales; f__Helicobacteraceae	0.7
3a7fab7eaef5189edb966aabcd6c56a5	Unassigned	0.0
f0fec8613ae03ccdbafc5c7bb601751f	k__Bacteria; p__Planctomycetes; c__OM190; o__CL500-15; f__; g__; s__	1.0
e77d30ed2a06161b1aae31a389af5b82	k__Bacteria; p__TM6; c__SJA-4; o__; f__; g__; s__	1.0
e2caa1c05d525fc972a89a5736fa6e91	k__Bacteria; p__Bacteroidetes; c__Flavobacteriia; o__Flavobacteriales; f__Cryomorphaceae; g__; s__	0.6
f8856e2f814d35332f6cdf99bfe5c3a0	k__Bacteria; p__Firmicutes; c__Clostridia; o__Clostridiales; f__; g__; s__	1.0
215d11a23664ae485043b414f312e6c1	k__Bacteria; p__Proteobacteria; c__Alphaproteobacteria; o__Rickettsiales; f__mitochondria; g__Phytophthora	0.6
767b6f4c2f4a0ba28aedd0d68bd8ec6f	k__Bacteria; p__Proteobacteria; c__Alphaproteobacteria; o__Rhodospirillales; f__Acetobacteraceae; g__; s__	0.7
fc94d8caea04c7c6300e1152e351de4c	k__Bacteria; p__TM7; c__TM7-3; o__; f__; g__; s__	1.0
66e1091598241d73a66a55419012e024	k__Bacteria; p__Proteobacteria; c__Deltaproteobacteria; o__Bdellovibrionales; f__Bacteriovoracaceae; g__; s__	0.6
2a700e66c38ca203a9ebe34d1fffef1a	k__Bacteria; p__Proteobacteria; c__Alphaproteobacteria; o__Sphingomonadales	1.0
76e97e986ca51162c2a4b80a7169219d	k__Bacteria; p__Proteobacteria; c__Gammaproteobacteria; o__Xanthomonadales; f__Xanthomonadaceae; g__; s__	1.0
1739c751ec1e4ead22b9e544d28c30fe	k__Bacteria; p__Proteobacteria; c__Alphaproteobacteria; o__Rhizobiales; f__; g__; s__	0.6
f55d8712df15f4033bcb9df64da027a7	k__Bacteria; p__Cyanobacteria; c__Oscillatoriophycideae; o__Chroococcales	0.6
86cd7a10bd4380fd137e5351f2170c5d	k__Bacteria; p__Proteobacteria; c__Alphaproteobacteria; o__Rhizobiales; f__; g__; s__	0.6
5698cacbe2630022b221ca42bdac2235	k__Bacteria; p__Verrucomicrobia; c__[Spartobacteria]; o__[Chthoniobacterales]; f__[Chthoniobacteraceae]	1.0
38c80865b2810f9d2b384a3507c04685	k__Bacteria; p__Bacteroidetes; c__Cytophagia; o__Cytophagales; f__Cytophagaceae; g__Leadbetterella; s__	1.0
c020d485d7dcb79c43d557724dc26bea	k__Bacteria; p__Proteobacteria; c__Alphaproteobacteria; o__Sphingomonadales; f__Sphingomonadaceae; g__; s__	0.9
ef3a4f994d8706c42ce915c1be6a6c39	k__Bacteria; p__Proteobacteria; c__Alphaproteobacteria; o__Rhizobiales; f__Hyphomicrobiaceae; g__; s__	0.6
c60c5efca455eeabf6a4b5c917212e41	k__Bacteria; p__Actinobacteria; c__Thermoleophilia; o__Solirubrobacterales; f__; g__; s__	0.6
e913ea9e2789f8dc3759ee6346f745ca	k__Bacteria; p__Planctomycetes; c__Planctomycetia; o__Pirellulales; f__Pirellulaceae; g__; s__	1.0
74bf8e2c205cff9f75ef26300e31f1fc	k__Bacteria; p__Spirochaetes; c__Spirochaetes; o__Spirochaetales; f__Spirochaetaceae; g__Spirochaeta; s__aurantia	1.0
add607bea376d134b411fdc434a47d9e	k__Bacteria; p__Planctomycetes; c__Planctomycetia; o__Pirellulales; f__Pirellulaceae; g__; s__	1.0
5933c7c25355fb45a983058c0a2729af	k__Bacteria; p__Planctomycetes; c__Planctomycetia; o__Pirellulales; f__Pirellulaceae; g__; s__	1.0
11639da7b848a52a1fb4ef8cae4b427a	k__Bacteria; p__Chlorobi; c__OPB56; o__; f__; g__; s__	1.0
9398708662cd0de794e531c0b2dcf14d	k__Bacteria; p__Proteobacteria; c__Betaproteobacteria; o__Burkholderiales; f__Comamonadaceae	1.0
eebcf028e1441f382d6ad0282c93308f	k__Bacteria; p__Proteobacteria; c__Alphaproteobacteria; o__Rickettsiales; f__; g__; s__	1.0
c5174eb19c14b6cb0cf106a0ce175d14	k__Bacteria; p__Proteobacteria; c__Betaproteobacteria; o__SC-I-84; f__; g__; s__	1.0
c1314008f445908b252277eaf066b646	k__Bacteria; p__Proteobacteria; c__Alphaproteobacteria; o__Rhizobiales; f__; g__; s__	1.0
d9fbe64af89fbdce4e672eb388812d8c	k__Bacteria; p__Proteobacteria; c__Alphaproteobacteria; o__Caulobacterales; f__Caulobacteraceae; g__; s__	0.7
802ed68d6478d8bb0902cff8c22c4a57	k__Bacteria; p__Actinobacteria; c__Actinobacteria; o__Actinomycetales; f__; g__; s__	0.9
b5b347cd7797e96b1aec9d2bb453e841	k__Bacteria; p__Proteobacteria; c__Alphaproteobacteria; o__Rickettsiales; f__; g__; s__	1.0
6aa1a63740a97c6d1fcee53ab5ed8065	k__Bacteria; p__Bacteroidetes; c__Flavobacteriia; o__Flavobacteriales; f__Cryomorphaceae; g__Crocinitomix; s__	0.6
7016827f4b8e2cc09c80f65008f85b13	k__Bacteria; p__Proteobacteria; c__Betaproteobacteria; o__MWH-UniP1; f__; g__; s__	0.9
cca84f2f611d9d265e17d95aab9fd2d2	k__Bacteria; p__Proteobacteria; c__Deltaproteobacteria; o__Desulfovibrionales; f__Desulfovibrionaceae; g__Desulfovibrio; s__	0.9
1fd4c64681287ccf0a86ec3c0ccf1478	k__Bacteria; p__Proteobacteria; c__Betaproteobacteria; o__SBla14; f__; g__; s__	0.6
e89412b6ffa7719ee382cb3a94da0574	k__Bacteria; p__Bacteroidetes; c__[Saprospirae]; o__[Saprospirales]; f__Saprospiraceae; g__; s__	1.0
d23a3de51361c7ea2157daca540b18ab	k__Bacteria; p__Proteobacteria; c__Deltaproteobacteria; o__Myxococcales; f__Haliangiaceae; g__; s__	1.0
65dc5b6af8c9bda26eb1947faf49c75a	k__Bacteria; p__Actinobacteria; c__Actinobacteria; o__Actinomycetales; f__Microbacteriaceae; g__; s__	0.6
34cdbd45eaf981e0f3260598e07cb6ff	k__Bacteria; p__Proteobacteria; c__Gammaproteobacteria; o__Xanthomonadales; f__Xanthomonadaceae; g__Lysobacter; s__	0.6
4fc469fad7f900c42b6014bb2be4d353	k__Bacteria; p__Firmicutes; c__Bacilli; o__Bacillales; f__[Exiguobacteraceae]; g__Exiguobacterium; s__	1.0
030bc914ccce2b9f4aeee3f83ff538cd	k__Bacteria; p__Proteobacteria; c__Deltaproteobacteria; o__Myxococcales; f__; g__; s__	1.0
378f24d0ec1f37f1391185dfdcfbba05	k__Bacteria; p__Proteobacteria; c__Alphaproteobacteria; o__Rhizobiales; f__Rhizobiaceae	0.9
d8997d312e09c391a694264e5d3e1a43	k__Bacteria; p__Bacteroidetes; c__Sphingobacteriia; o__Sphingobacteriales; f__; g__; s__	1.0
50fdbe08d21cd1a6c5af3fa32dfe940f	k__Bacteria; p__Proteobacteria; c__Alphaproteobacteria; o__Rickettsiales; f__; g__; s__	0.7
7ed09bf7e5a1982cc5abdf576f3231b8	k__Bacteria; p__Bacteroidetes; c__Bacteroidia; o__Bacteroidales; f__Porphyromonadaceae	0.7
36d217e990bc9583baf1fc58663a041e	k__Bacteria; p__Bacteroidetes; c__[Saprospirae]; o__[Saprospirales]; f__Chitinophagaceae; g__; s__	1.0
8ae39bbd7c5861bef91f896d9e7c9a58	Unassigned	0.0
6700d0984ddd49f0d6259bfcae91523a	k__Bacteria; p__Proteobacteria; c__Betaproteobacteria; o__Burkholderiales; f__; g__; s__	0.9
dac6b4fb22944bda5630ede83ab797f1	k__Bacteria; p__Planctomycetes; c__Planctomycetia; o__Planctomycetales; f__Planctomycetaceae; g__Planctomyces; s__	1.0
6440d56d703416b93b0b2ac1f1f2c312	k__Bacteria; p__Proteobacteria; c__Alphaproteobacteria; o__Rhizobiales; f__Rhizobiaceae; g__; s__	0.6
95e712051b51e928d142e141c591ea24	k__Bacteria; p__Chlorobi; c__SJA-28; o__; f__; g__; s__	0.9
264b06b0f01a51e2a56009c951219669	k__Bacteria; p__Chloroflexi; c__Ellin6529; o__; f__; g__; s__	1.0
6c269ed920e5cae8216cf8b915627777	k__Bacteria; p__Proteobacteria; c__Betaproteobacteria; o__Rhodocyclales; f__Rhodocyclaceae; g__Propionivibrio; s__	0.7
6371ee8060bcdc60e20a65e0afd52eb0	k__Bacteria; p__Cyanobacteria; c__Chloroplast	1.0
a881702eeb0b5562062643dba0544388	k__Bacteria; p__Firmicutes; c__Clostridia; o__Clostridiales; f__Ruminococcaceae; g__; s__	0.6
3320580f0734e1d39514ddbf48853777	k__Bacteria; p__Bacteroidetes; c__Sphingobacteriia; o__Sphingobacteriales; f__; g__; s__	1.0
f14bbe912a405ac046f2e5c6a03d8a3b	k__Bacteria; p__Planctomycetes; c__Planctomycetia; o__Gemmatales; f__Gemmataceae; g__Gemmata; s__	1.0
e8c8760ec97ef75e644b0d0123021b8a	k__Bacteria; p__Proteobacteria; c__Alphaproteobacteria; o__Rhodospirillales; f__Acetobacteraceae; g__; s__	0.8
2748e1abdd1a42edd5eeeaaa60d4d175	k__Bacteria; p__Chlorobi; c__SJA-28; o__; f__; g__; s__	0.9
257c0660383e108b13f22e5f930aa1fb	k__Bacteria; p__Proteobacteria; c__Deltaproteobacteria; o__Syntrophobacterales; f__Syntrophaceae; g__; s__	1.0
36b775a56cc4ec2b96f6b69af47b37db	k__Bacteria; p__Bacteroidetes; c__Flavobacteriia; o__Flavobacteriales; f__Cryomorphaceae; g__Fluviicola; s__	1.0
8be020707d3929eee9cddac7e44033ea	k__Bacteria; p__Proteobacteria; c__Deltaproteobacteria; o__Myxococcales; f__OM27; g__; s__	1.0
2b40de5a700c3af3b36cfc1b0f2f6664	k__Bacteria; p__Bacteroidetes; c__Bacteroidia; o__Bacteroidales; f__[Paraprevotellaceae]; g__Paraprevotella; s__	0.6
492b7ca4caa37f8a9b4df8c69994a5ed	k__Bacteria; p__Bacteroidetes; c__Cytophagia; o__Cytophagales; f__Cytophagaceae; g__Pontibacter; s__	1.0
382d0e62136896c2a1d04b3ac544a932	k__Bacteria; p__Proteobacteria; c__Alphaproteobacteria; o__Rhizobiales	1.0
9500660bd2046d39145988be36f5ab2a	k__Bacteria; p__Proteobacteria; c__Alphaproteobacteria; o__Rhizobiales	1.0
473a9d0d0847cb9e62509c899129e285	k__Bacteria; p__Tenericutes; c__Mollicutes; o__Mycoplasmatales; f__Mycoplasmataceae; g__Mycoplasma; s__	1.0
58163e128ebfad112b3bc6a58fa98d99	k__Bacteria; p__Cyanobacteria; c__Chloroplast; o__Stramenopiles; f__; g__; s__	1.0
1804e2bfa5da29057cdaec198d68f10c	k__Bacteria; p__Proteobacteria; c__Gammaproteobacteria; o__Methylococcales; f__Methylococcaceae	0.8
5b1df110645878930d0dddd72e455e96	k__Bacteria; p__Proteobacteria; c__Deltaproteobacteria; o__Myxococcales; f__OM27; g__; s__	0.6
52be32ac3c50728d6efd71621a37d004	k__Bacteria; p__Bacteroidetes; c__Bacteroidia; o__Bacteroidales; f__; g__; s__	1.0
5eef8acf8aeee346fb99a08eace1461e	k__Bacteria; p__Bacteroidetes; c__[Saprospirae]; o__[Saprospirales]; f__; g__; s__	0.9
76428805800bfec02fa395dbf465bacd	k__Bacteria; p__Cyanobacteria; c__Chloroplast; o__Chlorophyta; f__; g__; s__	1.0
2901e8f39c4601a5359adfb0c969662f	k__Bacteria; p__Cyanobacteria; c__Chloroplast; o__Chlorophyta; f__Chlamydomonadaceae	0.7
d4f2fdc40747fa2f646cfd924e393c29	k__Bacteria; p__Verrucomicrobia; c__[Pedosphaerae]; o__[Pedosphaerales]; f__[Pedosphaeraceae]	0.6
4672fdb4289ee2f5dbd9f0a87ab6001e	k__Bacteria; p__Bacteroidetes; c__Sphingobacteriia; o__Sphingobacteriales; f__; g__; s__	0.7
91e559e284bb572cab1c382a21a87924	k__Bacteria	1.0
85a5558c7b69590082dbff66c82be9a0	k__Bacteria; p__Actinobacteria; c__Actinobacteria; o__Actinomycetales; f__Sporichthyaceae; g__; s__	0.6
5ca64ecb35a089d1762fa1dec8bddc35	k__Bacteria; p__Proteobacteria; c__Gammaproteobacteria; o__Chromatiales; f__; g__; s__	0.7
b0eb3efd104283c72f89041ec2d91cac	k__Bacteria; p__Actinobacteria; c__Actinobacteria; o__Actinomycetales; f__ACK-M1; g__; s__	0.6
23fcc3737eec19a9c6072ad50ad301be	k__Bacteria; p__Firmicutes; c__Clostridia; o__Clostridiales; f__Ruminococcaceae; g__; s__	0.7
e28de272e884a9596c1bd8e3ecd8748d	k__Bacteria; p__Proteobacteria; c__Alphaproteobacteria; o__Rickettsiales; f__; g__; s__	0.9
f8c8842f1ee50dd4d2a7957ca79afef2	k__Bacteria; p__Proteobacteria; c__Deltaproteobacteria; o__; f__; g__; s__	0.7
9a55635181a6992c76039aa26d9e9661	k__Bacteria; p__Bacteroidetes; c__Flavobacteriia; o__Flavobacteriales; f__Cryomorphaceae; g__Fluviicola; s__	1.0
8b7525040d5e0cac2b04c4263c3076d1	k__Bacteria; p__Bacteroidetes; c__Sphingobacteriia; o__Sphingobacteriales; f__; g__; s__	1.0
c575fff103f29706917f89fe953e29aa	k__Bacteria; p__Proteobacteria; c__Alphaproteobacteria; o__Sphingomonadales; f__Sphingomonadaceae; g__; s__	1.0
70808d9bc164a0bab1e50897e9cf8467	k__Bacteria; p__Proteobacteria; c__Betaproteobacteria; o__Burkholderiales; f__Burkholderiaceae; g__; s__	0.7
70b096962b65cee276bd350283da11d7	k__Bacteria; p__Planctomycetes; c__Planctomycetia; o__Pirellulales; f__Pirellulaceae; g__; s__	1.0
3875ab4e7e74afd5318aaf53911f333c	Unassigned	0.0
f6f5e6c7b11c55d85954977bd6dc2e5e	k__Bacteria	1.0
060f02d4653e0b74b668e1828dcfea49	k__Bacteria; p__Proteobacteria; c__Gammaproteobacteria; o__Enterobacteriales; f__Enterobacteriaceae; g__Plesiomonas	0.6363636363636364
29cbf0d3ae16df0619936da731b2c8a4	k__Bacteria; p__Proteobacteria; c__Deltaproteobacteria; o__Desulfovibrionales; f__Desulfomicrobiaceae; g__Desulfomicrobium; s__	1.0
61b8172abbd1e36df1da79d507731288	k__Bacteria; p__Chlorobi; c__OPB56; o__; f__; g__; s__	1.0
a3041d9b03c98943a0fb9a32551f4bff	k__Bacteria; p__Proteobacteria; c__Alphaproteobacteria; o__Rhodospirillales; f__Acetobacteraceae; g__Roseomonas; s__	0.7
dd4cca7771d634c49f09ccc02df60969	k__Bacteria; p__Proteobacteria; c__Alphaproteobacteria; o__Rickettsiales; f__Rickettsiaceae; g__; s__	1.0
1c7a02999b4a7e21c9983d4bec62796c	Unassigned	0.0
cd09a0b97b28839491e63c61eea6c5ed	k__Bacteria; p__Proteobacteria; c__Alphaproteobacteria; o__; f__; g__; s__	0.8
61deb05c421bc2889fa8720ebc687cc0	k__Bacteria	1.0
e91b133b13730fdcdf9a45c7b779712f	k__Bacteria; p__Bacteroidetes; c__Cytophagia; o__Cytophagales; f__Cytophagaceae; g__Flectobacillus; s__	0.9
738912ff7ca9938e3b7f8680bc910c49	k__Bacteria; p__Proteobacteria; c__Alphaproteobacteria; o__Sphingomonadales; f__Sphingomonadaceae; g__; s__	0.9
dda3e275686a4a6c9d3ecdad09d07f75	k__Bacteria; p__Acidobacteria; c__Solibacteres; o__Solibacterales	1.0
516697be87631c67a1ff1ab7b70c709a	k__Bacteria; p__SR1; c__; o__; f__; g__; s__	1.0
c532d6f275354e6696a25a1846a96558	k__Bacteria; p__Proteobacteria; c__Alphaproteobacteria; o__Sphingomonadales; f__Sphingomonadaceae; g__Sphingomonas; s__	0.8
20c681e6af55f59fbb03b91254fc6462	k__Bacteria; p__TM6; c__SJA-4; o__; f__; g__; s__	1.0
cf350440b60ce58612c4bf8d82804a95	k__Bacteria; p__GN02; c__BD1-5; o__; f__; g__; s__	1.0
9eef95bec7e70939353017cce78fd962	k__Bacteria; p__Proteobacteria; c__Alphaproteobacteria; o__Rhodobacterales; f__Rhodobacteraceae	1.0
1912210d7c411cdb6b6e518d299a95e5	k__Bacteria; p__Proteobacteria; c__Alphaproteobacteria; o__Rickettsiales; f__mitochondria; g__Acanthamoeba; s__polyphaga	1.0
2cb5a8eeb6e0885bb1b4832ec944b106	Unassigned	0.0
2ab3f3e304cada3cfc10565a5fc22ac0	k__Bacteria	1.0
e6d9fba1eecbfeb1bc3861a3feecefaa	k__Bacteria; p__Chlamydiae; c__Chlamydiia; o__Chlamydiales	0.6
d3c13c9d69f1aea37ea5e9e0dd7a911a	k__Bacteria; p__Proteobacteria; c__Gammaproteobacteria; o__Legionellales; f__Coxiellaceae; g__; s__	0.9
a88f1e1518b996f3fae11e9aa25ca365	k__Bacteria; p__Proteobacteria; c__Gammaproteobacteria; o__Aeromonadales; f__Aeromonadaceae; g__; s__	0.8
5d65952fe3330ffae2ff4999ec58791c	k__Bacteria; p__Proteobacteria; c__Gammaproteobacteria; o__Xanthomonadales; f__Sinobacteraceae; g__; s__	1.0
c58c0edc9015ce431d393b19cbbfc3fb	k__Bacteria; p__Actinobacteria; c__Acidimicrobiia; o__Acidimicrobiales; f__; g__; s__	1.0
20e04b2a3f0a2b19ff12409a142a92a0	k__Bacteria; p__Proteobacteria; c__Alphaproteobacteria; o__Rickettsiales; f__mitochondria	1.0
fa350c7fbd75accdb5e1a3ed429fda01	k__Bacteria; p__Proteobacteria; c__Betaproteobacteria; o__Methylophilales; f__Methylophilaceae; g__Methylotenera; s__mobilis	0.6
0f10152ad2b2146e210b946465a81e1a	k__Bacteria; p__Bacteroidetes; c__Sphingobacteriia; o__Sphingobacteriales; f__Sphingobacteriaceae; g__; s__	0.9
0194ed33faf1442bfd994c00719b1405	k__Bacteria; p__Actinobacteria; c__Actinobacteria; o__Actinomycetales; f__; g__; s__	1.0
defb1ca7fdf8e84fe1bf4facd11d3b6f	k__Bacteria; p__Proteobacteria; c__TA18; o__CV90; f__; g__; s__	1.0
e967a5528d48ccf4cf108bdd8bcdacf5	k__Bacteria; p__Proteobacteria; c__Alphaproteobacteria; o__Rickettsiales; f__; g__; s__	0.9
de98bc6b5a35b690aac2032697df5bd0	k__Bacteria; p__Chloroflexi; c__SL56; o__; f__; g__; s__	0.8
1e038f4a7bbfc308df968c943a35b4df	k__Bacteria; p__Proteobacteria; c__Alphaproteobacteria; o__Rhodospirillales; f__Rhodospirillaceae; g__Azospirillum; s__	1.0
f031697f1e1a650c144e90b66c58538e	k__Bacteria; p__Proteobacteria; c__Alphaproteobacteria; o__Rhodospirillales; f__Rhodospirillaceae	0.6
587af099541dcf49e92e57d3d3bdca34	Unassigned	0.0
bc21038a7151cc0792e6043c4e0448b3	k__Bacteria; p__Proteobacteria; c__Alphaproteobacteria; o__Rhodospirillales; f__Rhodospirillaceae; g__; s__	0.8
bb6017db7a004046a503f6233e76f6b6	k__Bacteria; p__Firmicutes; c__Bacilli; o__Bacillales; f__Bacillaceae; g__Bacillus; s__	0.9
c3e29a662a57750f9eb9d07ba63b10d9	k__Bacteria; p__SR1; c__; o__; f__; g__; s__	1.0
a9664493a45ec533610fce0c6f3609bc	k__Bacteria; p__SR1; c__; o__; f__; g__; s__	1.0
7599a4111323802b26d62c32a761f118	k__Bacteria; p__Spirochaetes; c__Spirochaetes; o__Spirochaetales; f__Spirochaetaceae; g__Treponema; s__	1.0
af361191ea975f8f3af0690249a19aee	k__Bacteria; p__Firmicutes; c__Clostridia; o__Clostridiales; f__Lachnospiraceae; g__; s__	1.0
d059e980f6ff7956bedc82cc58c41720	k__Bacteria; p__Verrucomicrobia; c__Verrucomicrobiae; o__Verrucomicrobiales; f__Verrucomicrobiaceae; g__Verrucomicrobium; s__	1.0
d7a337d77f5087834e6cf4b11276b453	k__Bacteria; p__Chloroflexi; c__Anaerolineae; o__WCHB1-50; f__; g__; s__	1.0
e70678fb2b057ee300500aea1e99d736	k__Bacteria; p__Proteobacteria; c__Deltaproteobacteria; o__Spirobacillales; f__; g__; s__	0.8
13216658ee1626f4b94992c78dea2022	k__Bacteria; p__Proteobacteria; c__Alphaproteobacteria; o__Rickettsiales; f__; g__; s__	1.0
b82ccd190b293794f97c43977cf0261e	k__Bacteria; p__Bacteroidetes; c__[Saprospirae]; o__[Saprospirales]; f__Saprospiraceae	1.0
57c93fa967c75bc499a4e4b9c26e1606	k__Bacteria; p__Firmicutes; c__Clostridia; o__Clostridiales; f__; g__; s__	0.6
ce948f893dd050ccad19c302298453f5	k__Bacteria; p__Proteobacteria; c__Deltaproteobacteria; o__Desulfuromonadales; f__Geobacteraceae; g__Geobacter; s__	1.0
a92ce49335b39d5f5d8e09ae63b20794	k__Bacteria; p__Acidobacteria	0.6
3fb43e1bc6508498eceff631c2bc7e73	k__Bacteria; p__Proteobacteria; c__Gammaproteobacteria	1.0
b415200b31760906640cf1b7929a2b57	k__Bacteria; p__Proteobacteria; c__Alphaproteobacteria	1.0
ffc68c6c9caba3512235cb5dec9a5f0c	k__Bacteria; p__Proteobacteria; c__Betaproteobacteria; o__Methylophilales; f__; g__; s__	0.6
47986d7026228b2eb90df84bc2bd3653	k__Bacteria; p__Proteobacteria; c__Betaproteobacteria; o__Procabacteriales; f__Procabacteriaceae; g__; s__	1.0
c63e9e467e91ea0252ebe8381272a7ab	k__Bacteria; p__GN02; c__BD1-5; o__; f__; g__; s__	0.6
ed6b6ef800ebe268811e66642137262b	k__Bacteria; p__Cyanobacteria; c__Chloroplast; o__Streptophyta; f__; g__; s__	1.0
31b148e18475c48bbd57e231ff0d8d1a	k__Bacteria; p__Acidobacteria; c__Sva0725; o__Sva0725; f__; g__; s__	1.0
f80e7807537f7b8a6202d59568d83bb4	k__Bacteria; p__Proteobacteria; c__Betaproteobacteria; o__Burkholderiales; f__Comamonadaceae; g__; s__	0.9
25643092becab76cf9af95e8f045f579	k__Bacteria; p__Proteobacteria; c__Deltaproteobacteria; o__Bdellovibrionales; f__Bdellovibrionaceae; g__Bdellovibrio; s__	1.0
d2ea91e15a6f1f3386459c816ca0e942	k__Bacteria; p__Actinobacteria; c__Thermoleophilia; o__Gaiellales; f__; g__; s__	1.0
438bf0a8139806b340e710887796e4d1	k__Bacteria; p__Spirochaetes; c__Spirochaetes; o__Spirochaetales; f__Spirochaetaceae; g__Spirochaeta; s__aurantia	1.0
ccf1e474645fc020ae587bde34bc4b96	k__Bacteria; p__OP11; c__WCHB1-64; o__; f__; g__; s__	0.7
c787c17a57acda57ca31c8823f798851	k__Bacteria; p__Acidobacteria; c__DA052; o__Ellin6513; f__; g__; s__	0.8
8c143321fc9d5a283105f568c1fa32bf	k__Bacteria; p__OP3; c__koll11; o__GIF10; f__; g__; s__	1.0
c260c08ef71c8b6c2dc2cb659161e738	k__Bacteria; p__Bacteroidetes; c__Cytophagia; o__Cytophagales; f__Cyclobacteriaceae; g__; s__	1.0
cbbd8e32e5a8a3881c8f79ecf67f28cb	k__Bacteria; p__Proteobacteria; c__Alphaproteobacteria; o__Rhodospirillales; f__Rhodospirillaceae; g__; s__	0.6
13ce3d9e79af768f50092dc0cba74395	k__Bacteria; p__Firmicutes; c__Clostridia; o__Clostridiales	0.8
44de0503c18e9913dc44b97275fc60ec	k__Bacteria; p__OD1; c__ZB2; o__; f__; g__; s__	1.0
89b52849d66b9187bf4504cca8061c06	k__Bacteria; p__Bacteroidetes; c__Flavobacteriia; o__Flavobacteriales; f__Cryomorphaceae; g__; s__	0.8
09faf2810b35cda27743f7343ade19cf	k__Bacteria; p__Firmicutes; c__Clostridia; o__Clostridiales; f__Lachnospiraceae; g__Epulopiscium; s__	1.0
7cdd54a3b7d1f112a85f8da9efa2bb08	k__Bacteria; p__GN02; c__BD1-5; o__; f__; g__; s__	0.75
ddf617526f33ff14159c6b9bb6f218d1	k__Bacteria; p__OD1; c__ABY1; o__; f__; g__; s__	0.9
884ad973dfd3d24af82e333a3d20c35b	k__Bacteria; p__Bacteroidetes; c__[Saprospirae]; o__[Saprospirales]; f__Saprospiraceae	1.0
e3b4ac781c83843768cdff14d79dc90d	k__Bacteria; p__Proteobacteria; c__Gammaproteobacteria; o__Thiotrichales	0.6
78b7080315c288294901a30abc89d251	k__Bacteria; p__Proteobacteria; c__Alphaproteobacteria; o__Sphingomonadales; f__Erythrobacteraceae; g__; s__	0.6
a2cb795ad9a423ac39a4cff671c47539	k__Bacteria; p__Proteobacteria; c__Alphaproteobacteria; o__Caulobacterales; f__Caulobacteraceae; g__Phenylobacterium; s__	0.7
839b392bc5e0320efd51f51e7b085e00	k__Bacteria; p__Firmicutes; c__Clostridia	0.6
f36d82fb42285429019089964f0055eb	k__Bacteria; p__Firmicutes; c__Clostridia; o__Clostridiales; f__Clostridiaceae; g__Clostridium; s__	1.0
e0ffce6509b6ee61dd6c06e6512275ee	k__Bacteria; p__Proteobacteria; c__Alphaproteobacteria; o__Rickettsiales; f__; g__; s__	1.0
4e3ad04670b000883dd92502dcac6403	k__Bacteria; p__Verrucomicrobia; c__[Pedosphaerae]; o__[Pedosphaerales]; f__R4-41B; g__; s__	0.6
fdfc30980396aaa326daa8faefbd926a	k__Bacteria; p__Proteobacteria; c__Deltaproteobacteria; o__Spirobacillales; f__; g__; s__	1.0
dd8777c27d983b29cfa97b6d63fc0f0f	k__Bacteria; p__Cyanobacteria; c__Chloroplast; o__Chlorophyta; f__Chlamydomonadaceae; g__; s__	0.6
1e16fa87d0b635ef7e37f13f4eafcc18	k__Bacteria; p__Planctomycetes; c__Planctomycetia; o__Planctomycetales; f__Planctomycetaceae; g__Planctomyces; s__	1.0
adfe93424942bcd67ced20587fb5d547	k__Bacteria; p__Proteobacteria; c__Gammaproteobacteria; o__Alteromonadales; f__Alteromonadaceae; g__Cellvibrio; s__	1.0
437fe3628249aafde59431744b720156	k__Archaea; p__[Parvarchaeota]; c__[Parvarchaea]; o__WCHD3-30; f__; g__; s__	1.0
6995bec7719fa754817d49d749cd9de5	k__Bacteria; p__Actinobacteria; c__Acidimicrobiia; o__Acidimicrobiales; f__; g__; s__	1.0
1dfeb88d2d617f1471f71af5cf601189	k__Bacteria; p__Proteobacteria; c__Alphaproteobacteria; o__Sphingomonadales; f__Sphingomonadaceae; g__Novosphingobium; s__	1.0
9843685ee13b405db9150a5f11e701d5	k__Bacteria; p__Cyanobacteria; c__Synechococcophycideae; o__Synechococcales; f__Synechococcaceae; g__Synechococcus; s__	1.0
f634878d03064eb11f2e5163d8736c3f	k__Bacteria; p__GN02; c__BD1-5; o__; f__; g__; s__	1.0
aeaf157a15e0cff773a9dd9ae36ab135	k__Bacteria; p__Planctomycetes; c__Planctomycetia; o__Planctomycetales; f__Planctomycetaceae; g__Planctomyces; s__	1.0
9f12b5f5251c8a87e640fe5fd0f78745	k__Bacteria; p__Proteobacteria; c__Deltaproteobacteria; o__Myxococcales; f__OM27; g__; s__	0.7
b2e55651d01ecf8cc15f2d47f737bee0	k__Bacteria; p__Planctomycetes; c__Planctomycetia; o__Planctomycetales; f__Planctomycetaceae; g__Planctomyces; s__	1.0
62de02df1a2d4f16cc7dbb0f2070791c	k__Bacteria; p__Proteobacteria; c__Alphaproteobacteria; o__Sphingomonadales; f__Erythrobacteraceae	0.7
2c414d7582a3e8ae397c96ed4bd6d5a5	k__Bacteria; p__Bacteroidetes; c__Bacteroidia; o__Bacteroidales; f__Bacteroidaceae	0.9
33289a848a895a39f4a0a6c830b4e863	k__Bacteria; p__Proteobacteria; c__Alphaproteobacteria; o__Rickettsiales; f__Rickettsiaceae; g__Rickettsia; s__	0.7
e6b9033fff5c90a4dd39445301d1623d	k__Bacteria; p__Bacteroidetes; c__[Saprospirae]; o__[Saprospirales]; f__Chitinophagaceae; g__; s__	1.0
3674da705f177759a0ec8a2561dd598a	k__Bacteria; p__Proteobacteria; c__Betaproteobacteria; o__; f__; g__; s__	1.0
06b77e1a119c5ee2c86418e49a9edfab	k__Bacteria; p__Proteobacteria; c__Deltaproteobacteria; o__Spirobacillales; f__; g__; s__	1.0
ebd7eb9d984b1dc4ccd56aca5ffdf66b	k__Bacteria; p__Acidobacteria; c__Acidobacteria-6; o__CCU21; f__; g__; s__	0.9
ec74dca07e04afb36cf7590d53b7f75f	k__Bacteria; p__Proteobacteria; c__Deltaproteobacteria; o__Myxococcales; f__; g__; s__	0.9
06dc91cdd9d954b5e2cb2ff189386a33	k__Bacteria; p__Bacteroidetes; c__[Saprospirae]; o__[Saprospirales]; f__Chitinophagaceae; g__Sediminibacterium; s__	1.0
8294414f862cb1252b60be0ca01f9c26	k__Bacteria; p__Planctomycetes; c__Planctomycetia; o__Pirellulales; f__Pirellulaceae; g__; s__	1.0
2db36cc2198d2c238071a0a8c42595b2	k__Bacteria; p__Firmicutes; c__Clostridia; o__Clostridiales; f__Clostridiaceae; g__Clostridium; s__	1.0
efe75bdcc5e34ae1fc07f3caf505501b	k__Bacteria; p__Proteobacteria; c__Betaproteobacteria; o__Burkholderiales; f__Comamonadaceae; g__Limnohabitans; s__	0.6
4d8946a2534341a4d8554e4a684b3351	k__Bacteria; p__Proteobacteria; c__Gammaproteobacteria; o__Legionellales; f__; g__; s__	1.0
95f8cb745ba1a40c7c62f348879bc9bb	k__Bacteria; p__Proteobacteria; c__Gammaproteobacteria; o__Legionellales; f__Legionellaceae; g__; s__	0.9
685c7bd2dec611e79d277d8fccfcbd1e	k__Bacteria; p__Proteobacteria; c__Betaproteobacteria; o__Burkholderiales; f__Comamonadaceae	0.9
cc81e4002ca8c07f38b625b8a40356f9	k__Bacteria; p__Proteobacteria; c__Alphaproteobacteria; o__Rickettsiales; f__mitochondria; g__Phytophthora	0.6
c5fc5c65190b16374a67a8aea4d94f7d	Unassigned	0.0
d0291a55eaa616c82a3e557873a65ffe	k__Bacteria; p__Verrucomicrobia; c__Opitutae; o__Opitutales; f__Opitutaceae; g__; s__	0.6
f5dfdd85dab0e10613a732faf228a2b7	k__Bacteria; p__Acidobacteria; c__Solibacteres; o__Solibacterales	1.0
6ad12fd8bfabb78ac3a0fe017b57aeb8	k__Bacteria; p__Proteobacteria; c__Alphaproteobacteria; o__Rhodospirillales; f__Rhodospirillaceae; g__; s__	0.7
5209fe9646049450503a8534401f912e	k__Bacteria; p__Acidobacteria; c__[Chloracidobacteria]; o__RB41; f__Ellin6075; g__; s__	1.0
58a0fe987c2ac068a7b06bcc408bc7c6	k__Bacteria; p__Proteobacteria; c__Gammaproteobacteria; o__HOC36; f__; g__; s__	1.0
b7ce6fa2117d70316b81a21052a2e1ad	k__Bacteria; p__Chlamydiae; c__Chlamydiia; o__Chlamydiales; f__Parachlamydiaceae	1.0
5ce51b46d4cc20f8d80c3532d15fc81a	k__Bacteria; p__Actinobacteria; c__Actinobacteria; o__Actinomycetales; f__ACK-M1; g__; s__	1.0
73ffd73d4f0577ed8a83775fa5eb92ec	k__Bacteria; p__Proteobacteria; c__Betaproteobacteria; o__Burkholderiales; f__Comamonadaceae; g__Polaromonas; s__	0.7
69a5044c987e89b2ba43226e186fc927	k__Bacteria; p__Proteobacteria; c__Alphaproteobacteria; o__Rhizobiales; f__Rhizobiaceae	0.8
46527fa70ab927e9866a6621ff2b61bb	k__Bacteria; p__Firmicutes; c__Clostridia; o__Clostridiales; f__Lachnospiraceae	0.7
7bdd9fd4c15dc4fd5aaa2c8f86fff536	k__Bacteria; p__Proteobacteria; c__Gammaproteobacteria; o__Xanthomonadales; f__Sinobacteraceae; g__; s__	1.0
464fd409fc628a6eef3385f03abdeff7	k__Bacteria; p__Bacteroidetes; c__[Saprospirae]; o__[Saprospirales]; f__Chitinophagaceae; g__; s__	1.0
86374701aafa72f68705761f88e02a98	k__Bacteria; p__Proteobacteria; c__Alphaproteobacteria; o__Rhizobiales; f__; g__; s__	0.7
87d6c2e2918ae71f04f248c8d25bc3f2	k__Bacteria; p__Planctomycetes; c__Planctomycetia; o__Pirellulales; f__Pirellulaceae; g__; s__	1.0
6dfe2c89850a12ab2e0f98a156034402	k__Bacteria; p__Proteobacteria; c__Deltaproteobacteria; o__Spirobacillales; f__; g__; s__	0.7
a35f1ee9d06eaae9dcee8eeef6aa94ab	k__Bacteria; p__Proteobacteria; c__Deltaproteobacteria; o__Bdellovibrionales; f__Bdellovibrionaceae; g__Bdellovibrio; s__	0.8
9e33e09e62a7a18bbd242a95a900c565	k__Bacteria; p__Verrucomicrobia; c__Opitutae; o__[Cerasicoccales]; f__[Cerasicoccaceae]; g__; s__	1.0
58748966fde64ce2ebe63e97b74d34f5	k__Bacteria; p__Proteobacteria; c__Alphaproteobacteria; o__Rhodospirillales; f__Acetobacteraceae; g__; s__	0.6
c49dae035b9f01c1f0d8d19ae49b5fee	k__Bacteria; p__Proteobacteria; c__Deltaproteobacteria; o__Bdellovibrionales; f__Bdellovibrionaceae; g__Bdellovibrio; s__	0.7
14b3582fb093b8889466186c2e4ee9fc	k__Bacteria; p__Verrucomicrobia; c__Opitutae; o__Opitutales; f__Opitutaceae	1.0
ca9ba588c207f805f90f84dee177c379	k__Bacteria; p__Bacteroidetes; c__Flavobacteriia; o__Flavobacteriales; f__Flavobacteriaceae; g__Flavobacterium; s__	1.0
d5cebdbd3588d09743a86c71386c5324	k__Bacteria; p__Bacteroidetes; c__Sphingobacteriia; o__Sphingobacteriales; f__; g__; s__	1.0
de4d60ebb1d98f31bf39b4e1d026e852	k__Bacteria; p__Chloroflexi; c__Anaerolineae; o__GCA004; f__; g__; s__	1.0
53a5e1be18f76ff310a7f7ac6b82b81b	k__Bacteria; p__Proteobacteria; c__Deltaproteobacteria; o__Bdellovibrionales; f__Bdellovibrionaceae; g__Bdellovibrio; s__	1.0
1d4b619e7e01e1a1d5db56189468ce84	k__Bacteria; p__TM7; c__TM7-1; o__; f__; g__; s__	1.0
124bfe9a46b9f8b43da53200d2a63c60	k__Bacteria; p__Proteobacteria; c__Gammaproteobacteria; o__Methylococcales; f__Methylococcaceae	1.0
7fd5fd765c20a0e16065f08f542d581e	k__Bacteria; p__Verrucomicrobia; c__Opitutae; o__Opitutales; f__Opitutaceae; g__Opitutus; s__	0.6
638e6e12a6200b6e1ba3bb13d34d2d5b	k__Bacteria; p__Proteobacteria; c__Epsilonproteobacteria; o__Campylobacterales; f__Helicobacteraceae; g__Sulfurimonas; s__	1.0
395ea62eef1c507b3fd32a6e2d599f85	k__Bacteria; p__Proteobacteria; c__Gammaproteobacteria; o__Pseudomonadales; f__Moraxellaceae; g__Acinetobacter; s__rhizosphaerae	1.0
5addd9529ce40ecddf29a0393bfef21d	k__Bacteria; p__Firmicutes; c__Clostridia; o__Clostridiales; f__; g__; s__	1.0
93a26ed8da55c6807efcf6f5aed0d075	k__Bacteria; p__Verrucomicrobia; c__Verrucomicrobiae; o__Verrucomicrobiales; f__Verrucomicrobiaceae; g__; s__	1.0
678d207076734bcced92107febe2391a	k__Bacteria; p__Proteobacteria	0.9
7b38ffd10f987f76c547b03237741d3b	k__Bacteria; p__Bacteroidetes; c__Cytophagia; o__Cytophagales; f__Cytophagaceae; g__Flectobacillus; s__	1.0
1efe3a62856fb8bb8ba65721809097e7	k__Bacteria; p__Proteobacteria; c__Betaproteobacteria; o__Burkholderiales; f__; g__; s__	0.6
1ac4995c2cf268cd9feedf37fcaf29b1	k__Bacteria; p__Bacteroidetes; c__Bacteroidia; o__Bacteroidales; f__; g__; s__	1.0
6676d5d8fa8dca3f6c60d6f38addfbbd	k__Bacteria; p__Proteobacteria; c__Deltaproteobacteria; o__Syntrophobacterales; f__Syntrophaceae; g__Desulfobacca; s__	1.0
eabf9303157fa37358b17e6fe757cf5f	k__Bacteria; p__Proteobacteria; c__Betaproteobacteria; o__Burkholderiales; f__Comamonadaceae	1.0
0d424947196c4e6290d9920ceba4c6e7	k__Bacteria; p__Proteobacteria; c__Alphaproteobacteria; o__Rickettsiales; f__Rickettsiaceae; g__; s__	0.7
464b6b1bf0fc2049a6025760989e567d	k__Bacteria; p__Verrucomicrobia; c__[Pedosphaerae]; o__[Pedosphaerales]; f__R4-41B; g__; s__	0.6
39fd88efbce42ffd522785c5cd1cf9ba	k__Bacteria; p__Proteobacteria	0.8
3e73e63307b033e3ec0d7914b378d764	k__Bacteria; p__Proteobacteria; c__Alphaproteobacteria; o__Rhizobiales; f__Hyphomicrobiaceae; g__; s__	0.8
00612b7e1c8e35112940a04edd569d8e	k__Bacteria; p__Cyanobacteria; c__Chloroplast; o__Euglenozoa; f__; g__; s__	1.0
2b0e06efc22fec8e253eed0d9444edcb	k__Bacteria; p__Verrucomicrobia; c__[Pedosphaerae]; o__[Pedosphaerales]; f__; g__; s__	1.0
70a39a112c086d6314c837fb6f8ef9b9	k__Bacteria; p__Firmicutes; c__Bacilli; o__Bacillales; f__[Exiguobacteraceae]; g__Exiguobacterium; s__	1.0
94e22bb9cc9c25735ad67e642be70e78	k__Bacteria; p__Firmicutes; c__Bacilli; o__Bacillales; f__Planococcaceae	0.9
87a16672af497148c0aa3da0e6020a9e	k__Bacteria; p__Chloroflexi; c__Anaerolineae; o__SBR1031; f__A4b; g__; s__	1.0
62043ab999fc7b1b6b48128008af8f66	k__Bacteria; p__Proteobacteria; c__Deltaproteobacteria	0.6
17d6f33a86e656ca221998ca4f36e870	k__Archaea; p__[Parvarchaeota]; c__[Parvarchaea]; o__WCHD3-30; f__; g__; s__	1.0
0c998b7b9f5460936217838eeeeb790f	k__Bacteria; p__Proteobacteria; c__Alphaproteobacteria; o__Rickettsiales; f__; g__; s__	1.0
4a2d946f63fad058ff0251af137135e3	k__Bacteria; p__Chlorobi; c__OPB56; o__; f__; g__; s__	1.0
340e49908ffaa1b28e40dadea2c5167f	k__Bacteria; p__GN02; c__BD1-5; o__; f__; g__; s__	1.0
40484f73e45f27761521bdae872c9cc1	k__Bacteria; p__Bacteroidetes; c__[Saprospirae]; o__[Saprospirales]; f__Chitinophagaceae; g__; s__	1.0
b4c87bb4ccd21f30ea2aa0d7d597356f	k__Bacteria; p__Cyanobacteria; c__Chloroplast; o__Stramenopiles; f__; g__; s__	1.0
dfabeeea841985d0418150933135690f	k__Bacteria; p__Cyanobacteria; c__Chloroplast; o__Stramenopiles; f__; g__; s__	1.0
84494dcc170858120689e9ef6befe2eb	k__Bacteria; p__Proteobacteria	0.8333333333333334
c1dcf5cb740284e3d2b83f8cf702e60d	k__Bacteria; p__WPS-2; c__; o__; f__; g__; s__	1.0
fca6224b303bac379424b0963784690e	k__Bacteria; p__Proteobacteria; c__Gammaproteobacteria; o__Pseudomonadales; f__Pseudomonadaceae	0.8
367f8c858ff43104685ef8dfbf79d5e4	k__Bacteria; p__Bacteroidetes; c__Flavobacteriia; o__Flavobacteriales; f__Cryomorphaceae; g__Fluviicola; s__	1.0
49f6138bbff0a9201e77f63cb9a4dd2d	k__Bacteria; p__Proteobacteria; c__Alphaproteobacteria; o__Rhodospirillales; f__Acetobacteraceae; g__; s__	1.0
97023dcfa51d7679f448e3639eb523e6	k__Bacteria; p__Proteobacteria; c__Alphaproteobacteria; o__Rhizobiales; f__; g__; s__	1.0
c0e8f7bf8982f5f7d4fe58c9199aba52	k__Bacteria; p__Cyanobacteria; c__Chloroplast; o__Streptophyta; f__; g__; s__	1.0
0ec0dcfa9f368bb3b8c0ac421aaee483	k__Bacteria	1.0
cc0e97587b5169c8bfafdbc9f0c70eec	k__Archaea; p__[Parvarchaeota]; c__[Parvarchaea]; o__YLA114; f__; g__; s__	1.0
e0875d3f822514373d69a9f2ca45ce63	k__Bacteria; p__Bacteroidetes; c__Bacteroidia; o__Bacteroidales; f__Bacteroidaceae; g__Bacteroides; s__	0.7
b7130929fe88480f77e521c5fd874dbc	k__Bacteria; p__Proteobacteria; c__Alphaproteobacteria; o__Rhizobiales; f__; g__; s__	1.0
44b7373d7c9529403ebcc1a364e19625	k__Bacteria; p__Bacteroidetes; c__[Saprospirae]; o__[Saprospirales]; f__Chitinophagaceae; g__; s__	0.7
6b5e742a46ac6031700b533280695b7e	k__Bacteria; p__Proteobacteria; c__Betaproteobacteria; o__Rhodocyclales; f__Rhodocyclaceae; g__Uliginosibacterium; s__	0.8
d9f1fc44d7a3a7de534a0bc5b3c2605a	k__Bacteria; p__Proteobacteria; c__Gammaproteobacteria; o__Legionellales; f__Coxiellaceae; g__; s__	0.8
9cd04a0b212bddd3f7006d3bd70db640	k__Bacteria; p__TM6; c__SJA-4; o__; f__; g__; s__	1.0
9e44b3419b3f9f304b4c694a9988b732	k__Bacteria; p__Proteobacteria; c__Gammaproteobacteria; o__Pseudomonadales; f__Pseudomonadaceae; g__Pseudomonas; s__	0.6
6a3d59fa4596b0772904cce00a8c521b	k__Bacteria; p__Bacteroidetes; c__Cytophagia; o__Cytophagales; f__Cytophagaceae; g__; s__	1.0
7506e1a8557fc5508dc136e963160031	k__Bacteria; p__Proteobacteria; c__Alphaproteobacteria; o__Rhizobiales; f__Rhizobiaceae; g__Agrobacterium; s__	0.7
5109311de7ff64217a2a2fc32750ba2a	k__Bacteria; p__Proteobacteria; c__Gammaproteobacteria; o__Methylococcales; f__Methylococcaceae; g__Methylocaldum; s__	0.9
49c0c8c9ebf5397cae67eddf83094ecc	k__Bacteria; p__Cyanobacteria; c__Chloroplast; o__Stramenopiles; f__; g__; s__	1.0
906506c44136da6d8962520d761d05b9	k__Bacteria; p__Proteobacteria; c__Alphaproteobacteria; o__Rhizobiales	1.0
0adf222413b4c33f35ca8ca87ea4c49a	k__Bacteria; p__Bacteroidetes; c__Sphingobacteriia; o__Sphingobacteriales; f__; g__; s__	1.0
d5b90c1d98ef923c33bbd7fbdb119279	k__Bacteria; p__Proteobacteria; c__Gammaproteobacteria; o__Xanthomonadales; f__Sinobacteraceae; g__Steroidobacter; s__	0.7
1ad18a3828553fc374323094cccbe87d	k__Bacteria; p__Planctomycetes; c__Planctomycetia; o__Pirellulales; f__Pirellulaceae; g__; s__	1.0
2982419ad6a3995e5e574f99abe2f277	k__Bacteria; p__Proteobacteria; c__Betaproteobacteria; o__Methylophilales; f__; g__; s__	0.9
9a56aee6e0126a0133651311d72ee557	k__Bacteria; p__Proteobacteria; c__Gammaproteobacteria; o__Methylococcales; f__Crenotrichaceae; g__Crenothrix; s__	1.0
0611a1bca1070ce6c6e7b4c4b4579547	k__Bacteria; p__Bacteroidetes; c__Cytophagia; o__Cytophagales; f__Cytophagaceae; g__Spirosoma; s__	1.0
a2f70670a7c8aa6a0aba85959b5c6caf	k__Bacteria; p__Spirochaetes; c__[Leptospirae]; o__[Leptospirales]; f__Leptospiraceae; g__Leptospira; s__	1.0
935a939b8f3b7f407e42acc60587f6b2	k__Bacteria; p__Proteobacteria; c__Alphaproteobacteria; o__Rhizobiales; f__; g__; s__	0.7
334510275128b48fdff4eaaa50e87fa2	k__Bacteria; p__OD1; c__Mb-NB09; o__; f__; g__; s__	0.6
3228c429e9c388632f99d6fb36054223	k__Bacteria; p__Cyanobacteria; c__Oscillatoriophycideae; o__Chroococcales	0.6
4c55257fda3c68f722a13aa34b5d1de4	k__Bacteria; p__Chlorobi; c__OPB56; o__; f__; g__; s__	1.0
ac6ba669d027b58cf847c6c73274def3	Unassigned	0.0
61ec3ac67e2c1e98356a2e93e2f14331	k__Bacteria; p__GN02; c__BD1-5; o__; f__; g__; s__	0.6
3a44d7bd65be0c1d4685483ec9aa2bfb	k__Bacteria; p__Planctomycetes; c__Planctomycetia; o__Pirellulales; f__Pirellulaceae; g__; s__	1.0
ad0f39c0b511b0cab42a579c250d23c4	k__Bacteria; p__Proteobacteria; c__Betaproteobacteria; o__Ellin6067; f__; g__; s__	1.0
22c5f7ae9f43c337306023073d0a9859	k__Bacteria; p__Firmicutes; c__Clostridia; o__Clostridiales; f__Clostridiaceae; g__Clostridium; s__	0.6
b455523f681cd3c422da0be0766ac6f4	k__Bacteria; p__Planctomycetes; c__Planctomycetia; o__Pirellulales; f__Pirellulaceae; g__; s__	1.0
b8f2fddcb7ddc8970f9c19685a15b1d2	k__Bacteria; p__Cyanobacteria; c__Chloroplast; o__Chlorophyta; f__; g__; s__	1.0
0a25a2ee6715c0c131e0a77f28ca47a8	k__Bacteria; p__Proteobacteria; c__Gammaproteobacteria; o__Chromatiales; f__; g__; s__	1.0
52d5b07c61d48e3165ea96ae8e179289	k__Bacteria; p__Proteobacteria; c__Deltaproteobacteria; o__Myxococcales; f__Polyangiaceae; g__; s__	1.0
5b67811ef45c727dc0478fe804fdf249	k__Bacteria; p__Planctomycetes; c__Phycisphaerae; o__Phycisphaerales; f__; g__; s__	1.0
61d8926ab1d86f89f00f0bd2c4c8de90	k__Bacteria; p__Proteobacteria; c__Alphaproteobacteria; o__Rickettsiales; f__mitochondria; g__; s__	1.0
27253b99c970ed993d2960de9ddccfe5	k__Bacteria; p__Gemmatimonadetes; c__Gemmatimonadetes; o__; f__; g__; s__	0.8
8ac7282ccdf935ddb0a94336a00d8acd	k__Bacteria; p__Cyanobacteria; c__Chloroplast; o__Streptophyta; f__; g__; s__	1.0
fa2026b7b9ab79d9e9747712a78f3a0d	k__Bacteria; p__Proteobacteria; c__Deltaproteobacteria; o__Spirobacillales; f__; g__; s__	1.0
3f19f74d27d137dab815b602f9fb2468	k__Bacteria; p__OD1; c__; o__; f__; g__; s__	0.8
4c9a3bc7c5d86c3f391c403d1aa708da	k__Bacteria; p__Firmicutes; c__Bacilli; o__Bacillales; f__Bacillaceae; g__Bacillus; s__	0.9
8dd1988ccb7c6c9c32bcd37cd057f2ca	k__Bacteria; p__Proteobacteria; c__Alphaproteobacteria; o__Rhizobiales; f__; g__; s__	0.7
d813b54f7806b87807e5c68e926fcc1f	k__Bacteria; p__Bacteroidetes; c__Flavobacteriia; o__Flavobacteriales; f__Flavobacteriaceae; g__Flavobacterium; s__	1.0
56135126de0fb5613f3ff21f9ced2a58	k__Bacteria; p__Actinobacteria; c__Actinobacteria; o__Actinomycetales; f__ACK-M1; g__; s__	1.0
399a8cd5006c5606117c392b7b6bd615	k__Bacteria; p__Proteobacteria; c__Alphaproteobacteria; o__Rickettsiales; f__; g__; s__	0.7
3c0fb5aede5f168552d62753c47aeb48	k__Bacteria; p__Proteobacteria; c__Deltaproteobacteria; o__Bdellovibrionales; f__Bdellovibrionaceae; g__Bdellovibrio	1.0
b9e7a70b301d01184585dea7e3a57383	k__Bacteria; p__Proteobacteria; c__Betaproteobacteria; o__Burkholderiales; f__Comamonadaceae	1.0
9c4d457d2d9bf7b5f32ffaef2758a243	k__Bacteria; p__Verrucomicrobia; c__Verrucomicrobiae; o__Verrucomicrobiales; f__Verrucomicrobiaceae; g__Luteolibacter; s__	1.0
900dd99a0d385e5d4957eff8e24828f8	k__Bacteria; p__Bacteroidetes; c__[Saprospirae]; o__[Saprospirales]; f__Saprospiraceae; g__; s__	1.0
78a27c09f17dd7fde25d5881d5e9c5fa	k__Bacteria; p__Proteobacteria; c__Alphaproteobacteria; o__Rhodospirillales; f__Acetobacteraceae; g__; s__	0.9
d6f54d72ec610a6ff25aa4cf51f10bd4	k__Bacteria; p__Proteobacteria; c__Gammaproteobacteria; o__Alteromonadales; f__Alteromonadaceae; g__Cellvibrio; s__	1.0
c0bc9301fb01d2fb7934a6b32b70f384	k__Bacteria; p__OD1; c__ZB2; o__; f__; g__; s__	1.0
a7090401b7a9a928eefbfcc422cd4824	k__Bacteria; p__Proteobacteria; c__Deltaproteobacteria; o__Bdellovibrionales; f__Bacteriovoracaceae	1.0
9c0dbb5c42fa614a903e4109a813da9a	k__Bacteria; p__Verrucomicrobia; c__[Spartobacteria]; o__[Chthoniobacterales]; f__[Chthoniobacteraceae]; g__Candidatus Xiphinematobacter; s__	1.0
8162d2031324230777d6ad70759c6205	k__Bacteria; p__Firmicutes; c__Bacilli; o__Bacillales; f__[Exiguobacteraceae]; g__Exiguobacterium; s__	1.0
e46031d17000d1cbc52c27a1f6de64b5	k__Bacteria; p__Bacteroidetes; c__Sphingobacteriia; o__Sphingobacteriales; f__Sphingobacteriaceae; g__Pedobacter; s__	1.0
db67627aee6ca04d618b9610619d4c96	k__Bacteria; p__Proteobacteria; c__Betaproteobacteria; o__; f__; g__; s__	0.9
f32f0b8a4e3002e85cf665266b160604	k__Bacteria; p__Bacteroidetes; c__Flavobacteriia; o__Flavobacteriales; f__Flavobacteriaceae; g__Flavobacterium; s__	1.0
cfe8af45a9a3fe3fe48554434e105691	k__Bacteria; p__OD1; c__ABY1; o__; f__; g__; s__	1.0
c0866f224568b28daef9e29b5f18d3a1	Unassigned	0.0
6f2bfae566d7fe578348e47651a3d8fb	k__Bacteria; p__Firmicutes; c__Clostridia; o__Clostridiales; f__Clostridiaceae; g__Clostridium; s__	1.0
a0e6f61a52e5633587bffdcef7f6b06c	k__Bacteria; p__Bacteroidetes; c__Cytophagia; o__Cytophagales; f__Cytophagaceae; g__Flectobacillus; s__	1.0
5fba09911961f574b790ad8602645b0f	k__Bacteria; p__OD1; c__ZB2; o__; f__; g__; s__	1.0
83a1cce60fd193d6366bef966c169e6c	k__Bacteria; p__TM7; c__TM7-1; o__; f__; g__; s__	0.6
301c48b425aa4ee35a6b2bf3975630ee	k__Bacteria; p__Verrucomicrobia; c__[Pedosphaerae]; o__[Pedosphaerales]; f__R4-41B; g__; s__	0.7
d0da5e6735fd5dda062f8fba1606a1a5	Unassigned	0.0
a67bddf5067647524a55b641225bb9e6	k__Bacteria; p__Proteobacteria; c__Alphaproteobacteria; o__; f__; g__; s__	0.7
d7598a7eaeff1bd81f15b96c283026d4	k__Bacteria; p__Proteobacteria; c__Alphaproteobacteria; o__BD7-3; f__; g__; s__	1.0
39b1e24cebaf6a70f34b8327c0ed3c4a	k__Bacteria; p__Cyanobacteria; c__Chloroplast; o__Streptophyta; f__; g__; s__	0.9
3146c7f554c15f1162d8001e3760ed16	k__Bacteria; p__Proteobacteria; c__Alphaproteobacteria; o__Rhizobiales; f__Hyphomicrobiaceae; g__Hyphomicrobium; s__	1.0
3c7e2569bc792efd9e5efed5f09f7f01	k__Bacteria; p__Proteobacteria; c__Alphaproteobacteria; o__Rhizobiales; f__; g__; s__	0.8
10ee65cf28d6cf959d1775ec00acc323	k__Bacteria; p__Chloroflexi; c__Chloroflexi; o__[Roseiflexales]; f__[Kouleothrixaceae]; g__; s__	0.8
e0800c7ae45de6f8c3c44e3655bfbd14	k__Bacteria; p__Elusimicrobia; c__Endomicrobia; o__; f__; g__; s__	1.0
72ae6b8dcc7b7775d27c474fdaaabbab	k__Bacteria; p__Actinobacteria; c__Acidimicrobiia; o__Acidimicrobiales; f__C111; g__; s__	1.0
b8dc6958a95023400f255e9e599a2538	k__Bacteria; p__Bacteroidetes; c__Sphingobacteriia; o__Sphingobacteriales; f__; g__; s__	1.0
d509d9daf6504943c0c2d704fa016705	k__Bacteria; p__OD1; c__ABY1; o__; f__; g__; s__	0.8888888888888888
7d9e04df52d253503d8118506b497b50	k__Bacteria; p__NC10; c__; o__; f__; g__; s__	1.0
767748d277bad13eeb0e77c060102aaf	k__Bacteria; p__Bacteroidetes; c__Cytophagia; o__Cytophagales; f__Cytophagaceae; g__Flectobacillus; s__	1.0
2ce76f3a0db009461784deab585461cc	k__Bacteria; p__Proteobacteria; c__Gammaproteobacteria; o__Legionellales; f__Legionellaceae	1.0
8b4558114bda95992d72d422c3a14dda	k__Bacteria; p__Proteobacteria; c__TA18; o__PHOS-HD29; f__; g__; s__	0.9
2646d02dc610d34bca5340eb468bf69f	k__Bacteria; p__Proteobacteria; c__Alphaproteobacteria; o__Rickettsiales; f__; g__; s__	1.0
74d41cbf440fa9f5036b7ff9e026c8d0	k__Bacteria; p__Proteobacteria; c__Alphaproteobacteria; o__; f__; g__; s__	0.7
0b080ff85da10fa15a885ce71f56d543	k__Bacteria; p__Bacteroidetes; c__Flavobacteriia; o__Flavobacteriales; f__[Weeksellaceae]; g__Cloacibacterium; s__	1.0
8f080724784c71c5d2561cacaac6059e	Unassigned	0.0
0afa0a326f408110bd9e8302e51b5fab	k__Bacteria; p__Firmicutes; c__Clostridia; o__Clostridiales; f__Peptostreptococcaceae; g__; s__	0.9
d9c78f39041863680aaafbcc31e46bd6	k__Bacteria; p__Proteobacteria; c__Gammaproteobacteria; o__Xanthomonadales; f__Sinobacteraceae; g__; s__	1.0
e813939bbfdfbb40e768a0735a71f5e5	k__Bacteria; p__Proteobacteria; c__Alphaproteobacteria; o__Rhodospirillales; f__Rhodospirillaceae; g__; s__	1.0
92a2638d5a01e6b2542dd507df28772c	k__Bacteria; p__Proteobacteria; c__Alphaproteobacteria; o__Sphingomonadales; f__; g__; s__	1.0
aa9e2c1f766b38d6189516d32aaeb87d	k__Bacteria; p__Proteobacteria; c__Alphaproteobacteria; o__Rhodobacterales; f__Rhodobacteraceae; g__Rhodobacter; s__	0.7
327e234b94f1ee147a93855baebc4226	k__Bacteria; p__OD1; c__; o__; f__; g__; s__	1.0
fa4a4957341204af90141ff7e2c79ba7	Unassigned	0.0
479b4a02d23aad621bc7453eb13174f6	k__Bacteria; p__Proteobacteria; c__Betaproteobacteria; o__Burkholderiales; f__Oxalobacteraceae; g__; s__	0.7
4e8fb394b8b5e1edc83302e50314a115	k__Bacteria; p__TM7	1.0
4406e7f705b5ea16c7a810015c33d7f9	k__Bacteria; p__Firmicutes; c__Clostridia; o__Clostridiales; f__Ruminococcaceae; g__; s__	0.9
9b63fcc4c202d23e4e9c847f859b3ef2	k__Bacteria; p__Proteobacteria; c__Alphaproteobacteria; o__Rickettsiales; f__; g__; s__	1.0
5e5c8a377fe58d8dd0ee8c4f36efd787	k__Bacteria; p__Firmicutes; c__Clostridia; o__Clostridiales	0.6
0980ec54324f386a9e0af0a9de9fceea	k__Bacteria; p__Cyanobacteria; c__Chloroplast; o__Stramenopiles; f__; g__; s__	1.0
e495bea1b86f0dcd9c0ec46bb90c7765	k__Bacteria; p__Planctomycetes; c__Planctomycetia; o__Gemmatales; f__Gemmataceae; g__Gemmata; s__	1.0
f3beb037beba0368c155b12206119ad7	k__Bacteria; p__Proteobacteria; c__Alphaproteobacteria; o__Rhodobacterales; f__Rhodobacteraceae	0.6
3dc8fbfa02ff07434452354691ef336a	k__Bacteria; p__Actinobacteria; c__Acidimicrobiia; o__Acidimicrobiales; f__C111; g__; s__	1.0
6424fd44328379100374d251c8c30258	k__Bacteria; p__Proteobacteria; c__Alphaproteobacteria	0.9
55d333048721790ffbcc97eeafc20b02	k__Bacteria; p__Bacteroidetes; c__Flavobacteriia; o__Flavobacteriales; f__Flavobacteriaceae; g__Flavobacterium; s__	1.0
32535a5db80f6d6f8740eb2ceb94df8e	k__Bacteria; p__Cyanobacteria; c__Chloroplast; o__Chlorophyta; f__Chlamydomonadaceae	0.7
75cb17b0ddf8cccd586d2b2251ece904	k__Bacteria; p__Firmicutes; c__Clostridia; o__Clostridiales	1.0
9a4a94829436b0b30fe8bbce43394360	k__Bacteria; p__Proteobacteria; c__Deltaproteobacteria; o__Bdellovibrionales; f__Bacteriovoracaceae; g__; s__	1.0
63743ba3335fa1c7dd57da07083b8330	k__Bacteria; p__Proteobacteria; c__Alphaproteobacteria; o__Rhizobiales	0.8
3e98fc5f3d88edb15c7bb5831dac518b	k__Bacteria; p__Proteobacteria; c__Gammaproteobacteria; o__Legionellales	0.7
daa913aa9abca7c8bc2afaf938c48183	k__Bacteria; p__Firmicutes; c__Clostridia; o__Clostridiales; f__Clostridiaceae; g__; s__	1.0
c918a23482c8664f2fbbe0f9691805a3	k__Bacteria; p__Bacteroidetes; c__[Saprospirae]; o__[Saprospirales]; f__Chitinophagaceae; g__; s__	1.0
960b0d43f70318da28662cacb0dda580	k__Bacteria; p__Proteobacteria; c__Gammaproteobacteria	1.0
dfa946fd3d4ae5e09b09f2f594558872	k__Bacteria; p__Planctomycetes; c__Planctomycetia; o__Pirellulales; f__Pirellulaceae; g__; s__	1.0
07434a44535faa80bdfa47da318bc027	k__Bacteria; p__Proteobacteria; c__Alphaproteobacteria; o__Rickettsiales; f__; g__; s__	0.8
1a45ac29522a609a5bc0c90916772dc8	k__Bacteria; p__Proteobacteria; c__Deltaproteobacteria; o__Syntrophobacterales; f__Syntrophorhabdaceae; g__; s__	1.0
f682ff0cfacfdb560d1d9019c9c6d96d	k__Bacteria; p__Proteobacteria; c__Alphaproteobacteria; o__Sphingomonadales; f__Sphingomonadaceae; g__Sphingomonas; s__wittichii	0.8
42fbf27ad87ffc2fe0938a4ebd9374a4	k__Bacteria; p__SR1; c__; o__; f__; g__; s__	1.0
bea3306a0d8dd08bd48ce71fb626c319	k__Bacteria; p__Bacteroidetes; c__[Saprospirae]; o__[Saprospirales]; f__Chitinophagaceae; g__; s__	0.6
01db0b33f745506bc338c70c42aceccd	k__Bacteria; p__Proteobacteria; c__Gammaproteobacteria	1.0
e934da5ac63025f40db212d4dfa79c1a	k__Bacteria; p__Proteobacteria; c__Alphaproteobacteria; o__Rhizobiales; f__Rhizobiaceae; g__Agrobacterium; s__	0.7
ee342e3a5c0682b4f0c07a9038d1be2d	k__Bacteria; p__Proteobacteria; c__Alphaproteobacteria; o__Rickettsiales; f__mitochondria; g__Cyanophora; s__paradoxa	1.0
317b1d36df7c477799c33c04303bfca1	k__Bacteria; p__Proteobacteria; c__Deltaproteobacteria; o__Bdellovibrionales; f__Bacteriovoracaceae; g__Bacteriovorax; s__	1.0
65c2b1845df1c48e91e1f963d94601fe	k__Bacteria; p__Proteobacteria; c__TA18; o__PHOS-HD29; f__; g__; s__	1.0
077ae3e799a704f18eec0a283410273e	k__Bacteria; p__Planctomycetes; c__Planctomycetia; o__Pirellulales; f__Pirellulaceae; g__Pirellula; s__	1.0
cd577f90642b026a865e28c86c1c49ce	k__Bacteria; p__Actinobacteria; c__Actinobacteria; o__Actinomycetales; f__ACK-M1; g__; s__	1.0
42b23ebd3db478278b7c5fdacbf0b9ec	k__Bacteria; p__Proteobacteria; c__Deltaproteobacteria; o__Bdellovibrionales; f__Bacteriovoracaceae; g__; s__	0.7
c050106760ce338030a39f03cfdfd61c	k__Bacteria; p__Firmicutes; c__Bacilli; o__Lactobacillales; f__Enterococcaceae; g__Enterococcus; s__	0.9
70c15d9b87c2a10f7665b1d6ad9d0366	k__Bacteria; p__Proteobacteria; c__Alphaproteobacteria; o__Sphingomonadales; f__Sphingomonadaceae	0.9
37d011067431284739ea86b1859d93e1	k__Bacteria; p__Proteobacteria; c__Gammaproteobacteria; o__Methylococcales; f__Crenotrichaceae; g__Crenothrix; s__	1.0
516606ec85b1b873962904129637b6b5	k__Bacteria; p__Proteobacteria; c__Deltaproteobacteria; o__Myxococcales; f__Polyangiaceae; g__; s__	0.8
0d6850e722578c87b749ed6a1cece44a	k__Bacteria; p__Cyanobacteria; c__Synechococcophycideae; o__Synechococcales; f__Synechococcaceae; g__Synechococcus; s__	1.0
f9f367ffad8a802336ebda20b93d7207	k__Bacteria; p__Bacteroidetes; c__Sphingobacteriia; o__Sphingobacteriales; f__; g__; s__	0.7
c7f3da97a2c4e9fa4a822ae95acdbaa9	k__Bacteria; p__Bacteroidetes; c__[Saprospirae]; o__[Saprospirales]; f__Saprospiraceae; g__; s__	1.0
145958bd3f5e29da8b43a1c36b440a64	Unassigned	0.0
9fe7cd1930ea4d868518671dcaa8c9c1	k__Bacteria; p__Proteobacteria; c__Betaproteobacteria; o__MND1; f__; g__; s__	1.0
c60c925d8c19e62740a972bad9590cff	k__Bacteria; p__Bacteroidetes; c__[Saprospirae]; o__[Saprospirales]; f__Chitinophagaceae; g__; s__	1.0
59512265e5a04c926062a5ef6a3e1c4a	k__Bacteria; p__Bacteroidetes; c__Cytophagia; o__Cytophagales; f__Cytophagaceae; g__Flectobacillus; s__	1.0
30b1f9603f5493b6f2c7bf5e0768d1d4	k__Bacteria; p__Proteobacteria; c__Betaproteobacteria; o__; f__; g__; s__	0.9
0cb11269cf04d181dad16a074f4eb5e1	k__Bacteria; p__Proteobacteria; c__Deltaproteobacteria; o__Desulfarculales; f__Desulfarculaceae; g__; s__	0.6
e0e0515a62333970dcb4c9f96f16539c	k__Bacteria; p__Proteobacteria; c__Deltaproteobacteria; o__Bdellovibrionales; f__Bacteriovoracaceae; g__; s__	1.0
a85d5a2ee395a2170c24504b8f1c29f7	k__Bacteria; p__Bacteroidetes; c__[Saprospirae]; o__[Saprospirales]; f__Chitinophagaceae; g__Sediminibacterium; s__	1.0
1b189ca5dacc2b1f10ff7713faf1ef47	k__Bacteria; p__Armatimonadetes; c__[Fimbriimonadia]; o__[Fimbriimonadales]; f__[Fimbriimonadaceae]; g__; s__	0.7
fed0be4044bf969a45fd5e46454de868	Unassigned	0.0
ad62f05bd0fda72b779bd616efb25a73	k__Bacteria; p__Verrucomicrobia; c__[Spartobacteria]; o__[Chthoniobacterales]; f__[Chthoniobacteraceae]; g__Candidatus Xiphinematobacter; s__	0.8
3d8df379e432fa6543a3bc889b677249	Unassigned	0.0
0a0ea3c7fd1e5f9075c2772fb003982a	k__Bacteria; p__Proteobacteria; c__Deltaproteobacteria; o__Myxococcales; f__; g__; s__	1.0
9fa0022ded6c5fbdba4c6e3506c48a41	k__Bacteria	1.0
72471112ad6b9e6e6af47221c61a4117	k__Bacteria; p__Proteobacteria; c__Gammaproteobacteria; o__Chromatiales; f__; g__; s__	0.6
6ab76ae5fbc94820175531b99260a4f8	k__Bacteria; p__Actinobacteria; c__Actinobacteria; o__Actinomycetales; f__ACK-M1; g__; s__	1.0
4797ec3b610ac16fd44838168826a3d7	k__Bacteria; p__Proteobacteria; c__Alphaproteobacteria; o__Sphingomonadales; f__Sphingomonadaceae; g__Novosphingobium; s__	0.6
87933e91f27e9672b4651c8f3e800a4c	k__Bacteria; p__Firmicutes; c__Clostridia; o__Clostridiales; f__[Acidaminobacteraceae]; g__Acidaminobacter; s__	0.6
222d6e9cc65c765eee6d064c9b8b03f3	k__Bacteria; p__Proteobacteria; c__Deltaproteobacteria; o__Desulfovibrionales; f__Desulfovibrionaceae; g__Desulfovibrio; s__putealis	0.9
a9d7f1cf77fc3812c5abd4d9180d37c9	k__Archaea; p__[Parvarchaeota]; c__[Parvarchaea]; o__WCHD3-30; f__; g__; s__	1.0
e53ab3a660e8c15e1879c11de1c13535	k__Bacteria; p__SR1; c__; o__; f__; g__; s__	0.5555555555555556
f71fd93d1cc2d64d89d4d5bc126dabd4	k__Bacteria; p__Proteobacteria; c__Alphaproteobacteria; o__Rhizobiales; f__Methylocystaceae; g__Methylosinus	0.8
b489cc2bb0fde6e34ff8e098b11d4762	k__Bacteria; p__Bacteroidetes; c__[Saprospirae]; o__[Saprospirales]; f__Saprospiraceae; g__; s__	1.0
d907e4836a309db80530ffe4bdc79084	k__Bacteria; p__Actinobacteria; c__Acidimicrobiia; o__Acidimicrobiales; f__Microthrixaceae; g__; s__	1.0
0331d28d3213a9d94c1c706c2444e2e9	k__Bacteria; p__Proteobacteria; c__Gammaproteobacteria; o__Xanthomonadales; f__Xanthomonadaceae; g__Lysobacter; s__	0.6
b41525fddfc96a22aa2f89b553408a9a	k__Bacteria; p__Bacteroidetes; c__[Saprospirae]; o__[Saprospirales]; f__Saprospiraceae	1.0
cfec235659ace5968c54666555f5388d	k__Bacteria; p__Verrucomicrobia; c__[Spartobacteria]; o__[Chthoniobacterales]; f__[Chthoniobacteraceae]	0.9
6a9c7ef41d7839aaed80e29913456719	k__Bacteria; p__Proteobacteria; c__Alphaproteobacteria; o__Rhizobiales; f__; g__; s__	1.0
cacaf37a6a9f9d6e7ee7fd84381dbc3e	k__Bacteria; p__Actinobacteria; c__Actinobacteria; o__Actinomycetales; f__Micromonosporaceae; g__Actinoplanes; s__	1.0
3962e9565fd2678d7d5fe55221091c23	k__Bacteria; p__Proteobacteria; c__Gammaproteobacteria; o__Xanthomonadales; f__Sinobacteraceae; g__Steroidobacter; s__	0.8
e6cb45ba5e8d28efe0e7f2e169b759ce	k__Bacteria; p__Proteobacteria; c__Alphaproteobacteria; o__Rhodobacterales; f__Rhodobacteraceae; g__Rhodobacter; s__	0.9
92d14dcbacc019a44fd1db22900114a9	k__Bacteria; p__Cyanobacteria; c__Chloroplast	0.875
86b4ee401bc45bd57dd5224897dd4e2b	k__Bacteria; p__Verrucomicrobia; c__[Spartobacteria]; o__[Chthoniobacterales]; f__[Chthoniobacteraceae]; g__Candidatus Xiphinematobacter; s__	1.0
710786f3e4132c24c20b2148139ca020	k__Bacteria; p__Actinobacteria; c__Actinobacteria; o__Actinomycetales; f__Microbacteriaceae; g__Candidatus Aquiluna; s__rubra	0.9
e3eae2b620bab8dfec989af4dd5ff4fc	Unassigned	0.0
0300392fee50e523f30a3068d901e560	k__Bacteria; p__Proteobacteria; c__Gammaproteobacteria; o__Alteromonadales; f__OM60; g__; s__	0.8
151d15022689820810610a6192928435	k__Bacteria; p__Spirochaetes; c__[Leptospirae]; o__[Leptospirales]; f__Sediment-4; g__SJA-88; s__	0.6
daa3d011a8ade6e7912252c565f80f47	k__Bacteria; p__Proteobacteria; c__Alphaproteobacteria; o__; f__; g__; s__	1.0
9269ab0deb3b9771e0c9824f7960a531	k__Bacteria; p__Verrucomicrobia; c__Opitutae; o__[Cerasicoccales]; f__[Cerasicoccaceae]; g__; s__	1.0
6bf20d324a915e99c0bc9e0e131a74de	k__Bacteria; p__Proteobacteria; c__Gammaproteobacteria; o__Xanthomonadales; f__Xanthomonadaceae; g__; s__	0.9
ffb9f26e8c144122bd023460859e9166	k__Bacteria; p__Proteobacteria; c__Alphaproteobacteria; o__Rhodobacterales	0.8
75a4a03393f2522e096775b57f1de22c	k__Bacteria; p__Proteobacteria	0.9
326fbdbeeee35483b03c2793ea69772a	k__Bacteria; p__Bacteroidetes; c__Flavobacteriia; o__Flavobacteriales; f__Flavobacteriaceae; g__Flavobacterium; s__	0.9
ca36abfa6885d21668cdf818a11f45c4	k__Bacteria; p__Firmicutes; c__Clostridia; o__Clostridiales; f__Ruminococcaceae; g__; s__	1.0
a57e05604dd8ba0838d46d83e55a8d11	k__Bacteria; p__Proteobacteria; c__Alphaproteobacteria; o__Rickettsiales; f__mitochondria; g__Phytophthora	0.6
6608023ae737e320786c6d0a1af55f66	k__Bacteria; p__TM6; c__SBRH58; o__; f__; g__; s__	0.6
cf200f0c2fecb801ad01b0b6d2fb62fe	k__Bacteria; p__Proteobacteria; c__Betaproteobacteria; o__Burkholderiales; f__Comamonadaceae	1.0
f2e66d611090c0fac1f171dc6804d9a7	k__Bacteria; p__TM6; c__SJA-4; o__; f__; g__; s__	1.0
d75505874bc959e2844d15a8ad5a7b99	k__Bacteria; p__Proteobacteria; c__Betaproteobacteria; o__Burkholderiales; f__Oxalobacteraceae; g__Polynucleobacter; s__	0.6
3f5e07261c620601634cc06681dc593a	k__Bacteria; p__Firmicutes; c__Bacilli; o__Bacillales; f__Planococcaceae; g__Lysinibacillus; s__boronitolerans	1.0
3151f5c9093dc5bd5ddd69804d5ccf66	k__Bacteria; p__Proteobacteria; c__Deltaproteobacteria; o__Bdellovibrionales; f__Bacteriovoracaceae; g__; s__	0.9
7695af3da2361d39bb271a580be48038	k__Bacteria; p__Proteobacteria; c__Deltaproteobacteria; o__GMD14H09; f__; g__; s__	0.6
2701d869cffb8e20834cf27d8370f028	Unassigned	0.0
58c0640f92f816afcc5bba209b9987c9	k__Bacteria; p__Proteobacteria; c__TA18; o__CV90; f__; g__; s__	1.0
f1a921c6417b01648575da7387772c8d	k__Bacteria; p__Cyanobacteria; c__Chloroplast; o__Chlorophyta; f__Chlamydomonadaceae	0.6
43bf78a4207c9ef7d6e0075f197e7c51	k__Bacteria; p__Verrucomicrobia; c__[Pedosphaerae]; o__[Pedosphaerales]	1.0
dfedd0a9747a12cd22c86bde8fd32f0c	k__Bacteria; p__Proteobacteria; c__Betaproteobacteria; o__Burkholderiales; f__Comamonadaceae; g__; s__	0.7
13e38d83c50396294f9b67fa7932b54c	k__Bacteria; p__Verrucomicrobia; c__Opitutae; o__Opitutales; f__Opitutaceae; g__; s__	1.0
43d03262b0aea197861b22cb13bee705	k__Bacteria; p__Actinobacteria; c__Actinobacteria; o__Actinomycetales; f__; g__; s__	1.0
4b9b599aa60eaf5882f4a78056d964e1	k__Bacteria; p__Bacteroidetes; c__Cytophagia; o__Cytophagales; f__[Amoebophilaceae]; g__Candidatus Amoebophilus; s__	0.7
8e84df36f28dbbb717b2494c9093ce27	k__Bacteria; p__Proteobacteria; c__Alphaproteobacteria; o__Sphingomonadales; f__Erythrobacteraceae; g__; s__	0.6
7955c5840fcbf4bb8a9718c876911f43	k__Bacteria; p__Proteobacteria; c__TA18; o__CV90; f__; g__; s__	1.0
595f086dfbc0965a68ff2a9d2a0e3253	k__Bacteria; p__Firmicutes; c__Clostridia; o__Clostridiales; f__[Mogibacteriaceae]; g__; s__	0.9
80ae6ff0e0ebcac3599122295215753a	k__Bacteria; p__Bacteroidetes; c__Cytophagia; o__Cytophagales; f__Cyclobacteriaceae; g__; s__	0.9
74c9fbfbb405b5fb393b2244deb9fb13	k__Bacteria; p__Proteobacteria; c__Alphaproteobacteria; o__; f__; g__; s__	0.8
f090faf83faf9c31e7e243780dc7a253	k__Bacteria; p__Proteobacteria; c__Deltaproteobacteria; o__Bdellovibrionales; f__Bdellovibrionaceae; g__Bdellovibrio; s__	0.9
7d804319ee044aca013a0d09a506e4dd	k__Bacteria; p__Bacteroidetes; c__Sphingobacteriia; o__Sphingobacteriales; f__; g__; s__	1.0
65f7a71a295a6b16e590195db410e69d	k__Bacteria; p__Cyanobacteria; c__Chloroplast; o__Stramenopiles; f__; g__; s__	1.0
dd33897f8cf89ca223c803cdbff76cbb	k__Bacteria; p__Proteobacteria; c__Betaproteobacteria; o__Burkholderiales; f__Comamonadaceae; g__; s__	0.8
a1a83f30ab426b5dd8f1d5eb8e40d4d6	k__Bacteria; p__Proteobacteria; c__Deltaproteobacteria; o__Myxococcales; f__OM27; g__; s__	1.0
f31fa0cb2361497fc9a42cf8fc829af4	k__Bacteria; p__Proteobacteria; c__Deltaproteobacteria; o__Myxococcales; f__OM27; g__; s__	1.0
20c40896f89019b7d19679db16e64ef1	k__Bacteria; p__Bacteroidetes; c__Cytophagia; o__Cytophagales; f__Cytophagaceae	0.8
13ccd39c42ef4682391f2fed37407111	k__Bacteria; p__Proteobacteria; c__Alphaproteobacteria; o__Rickettsiales; f__; g__; s__	0.8
f78fed54eda27cb49a4ad3ad931722e0	k__Bacteria; p__Planctomycetes; c__Planctomycetia; o__Pirellulales; f__Pirellulaceae; g__; s__	1.0
2cf5c1b132f8aab992dfefe3bd14316d	k__Bacteria; p__Verrucomicrobia; c__[Spartobacteria]; o__[Chthoniobacterales]; f__[Chthoniobacteraceae]; g__DA101; s__	1.0
e82e70d17c0a81ee87365ee5af221a53	k__Bacteria; p__TM7; c__TM7-1; o__; f__; g__; s__	1.0
402bdb54ca19e93fdc92273ae5b313e7	k__Bacteria; p__Firmicutes; c__Clostridia; o__Clostridiales; f__; g__; s__	1.0
33261fc9fd91251c30fd4fc684a8b293	k__Bacteria; p__Proteobacteria; c__Betaproteobacteria; o__Methylophilales; f__Methylophilaceae; g__; s__	0.9
ea50429a6aa323bbee92526bf4c755d4	k__Bacteria; p__Bacteroidetes; c__Sphingobacteriia; o__Sphingobacteriales; f__; g__; s__	1.0
3002a5ee28219b2944cd8be86b69b9bd	k__Bacteria	1.0
e462d0410774e9e8c147191469a74a09	k__Bacteria; p__Proteobacteria; c__Betaproteobacteria; o__Burkholderiales; f__Comamonadaceae	1.0
542640287d51529788536e627b4e210d	k__Bacteria; p__Verrucomicrobia; c__Verrucomicrobiae; o__Verrucomicrobiales; f__Verrucomicrobiaceae; g__; s__	1.0
7aa9f631252d3777ec4a20e52133e056	k__Bacteria	1.0
f5eeafb580154f06d2589faf64c317a3	k__Bacteria; p__Cyanobacteria; c__Chloroplast; o__Cryptophyta; f__; g__; s__	1.0
65d9a9ed24f2691ef6badff93c95b950	k__Bacteria; p__Bacteroidetes; c__Flavobacteriia; o__Flavobacteriales; f__Flavobacteriaceae; g__Flavobacterium; s__	1.0
181e222d668ca61bf658348933c9ee6c	k__Bacteria; p__Proteobacteria; c__Alphaproteobacteria; o__Sphingomonadales; f__Sphingomonadaceae; g__Sphingomonas; s__wittichii	0.8
0bede5fef1cabd2ba96c80e6106a569f	k__Bacteria; p__Cyanobacteria; c__ML635J-21; o__; f__; g__; s__	0.8
74cf32dbc165884838ad2af679e6ab4c	k__Bacteria; p__Proteobacteria; c__Alphaproteobacteria; o__Rhodobacterales; f__Hyphomonadaceae; g__; s__	1.0
da7af9125737ce686f774eebe188e086	k__Bacteria; p__Actinobacteria; c__Actinobacteria; o__Actinomycetales	0.9
9d8d01839e3c9a238fdc815ca6a99624	k__Bacteria; p__Firmicutes; c__Clostridia; o__Clostridiales; f__Veillonellaceae	1.0
362c20d1f4ca9b16103c7295e78c51b1	k__Bacteria; p__Firmicutes; c__Clostridia; o__Clostridiales; f__Lachnospiraceae; g__Coprococcus	0.6
5210961641f6ef8828c07b9b71fce6ce	k__Bacteria; p__Proteobacteria; c__Gammaproteobacteria; o__Xanthomonadales; f__Sinobacteraceae; g__; s__	1.0
ee5a990c02a49ad864ede54f2c00f120	k__Bacteria; p__Proteobacteria; c__Betaproteobacteria; o__Burkholderiales; f__Comamonadaceae; g__Hydrogenophaga; s__	0.7
8901838332f56c8255a7bac93f08688d	k__Bacteria; p__Nitrospirae; c__Nitrospira; o__Nitrospirales; f__[Thermodesulfovibrionaceae]; g__LCP-6; s__	1.0
1f9a0b9d100550d34919338a8a0d496a	k__Bacteria; p__Proteobacteria; c__Alphaproteobacteria; o__Rickettsiales; f__; g__; s__	1.0
142ab32db911483776034356d36ffb7d	k__Bacteria; p__Cyanobacteria; c__Chloroplast; o__Stramenopiles; f__; g__; s__	1.0
2a71f0cf982ee668f24d4d11796da22f	k__Bacteria; p__Verrucomicrobia; c__Verrucomicrobiae; o__Verrucomicrobiales; f__Verrucomicrobiaceae; g__Luteolibacter; s__	1.0
b86b8b2a4ab54f24b72d8db56299786e	k__Bacteria; p__Bacteroidetes; c__Flavobacteriia; o__Flavobacteriales; f__Flavobacteriaceae; g__Flavobacterium; s__	1.0
17e62211e8bf78832e2753f29775b45a	k__Bacteria; p__Cyanobacteria; c__4C0d-2; o__SM1D11; f__; g__; s__	0.6
5af04729491bfc72a0dc9eb53b3435a1	k__Bacteria; p__Proteobacteria; c__Betaproteobacteria; o__Burkholderiales; f__Comamonadaceae; g__Limnohabitans; s__	0.8
10fc6d9dee3d748516b37e10dc518d67	k__Bacteria; p__Proteobacteria; c__Betaproteobacteria; o__Rhodocyclales; f__Rhodocyclaceae; g__Dechloromonas; s__	0.9
102f37851238f6ecdca96e11c00bb08e	k__Bacteria; p__Bacteroidetes; c__Bacteroidia; o__Bacteroidales; f__; g__; s__	0.8
eb1c315145746913185779ca5f15ead9	k__Bacteria	1.0
6e182ae610e520a7720b15402d8436c2	k__Bacteria; p__Planctomycetes; c__Planctomycetia; o__Pirellulales; f__Pirellulaceae; g__; s__	1.0
fdd741c5fdfcf351741037e10c360ac8	k__Bacteria; p__Armatimonadetes; c__[Fimbriimonadia]; o__[Fimbriimonadales]; f__[Fimbriimonadaceae]	1.0
8a450ba3b9518ddecab11e07cf39f575	Unassigned	0.0
ea53e28c47a3760631179f4921079b05	k__Bacteria; p__Verrucomicrobia; c__Verrucomicrobiae; o__Verrucomicrobiales; f__Verrucomicrobiaceae; g__Prosthecobacter	1.0
5b8a0558ea55b40dc19cd2016bbaf777	k__Bacteria; p__Proteobacteria; c__Deltaproteobacteria; o__Bdellovibrionales; f__Bacteriovoracaceae; g__; s__	1.0
4b0026c9efd29e83e2ad4a1f28dd2657	Unassigned	0.0
aeda031564a9a0f2a5bbe16725e68dc6	k__Bacteria; p__Firmicutes; c__Clostridia; o__Clostridiales; f__Ruminococcaceae; g__; s__	1.0
b24c869e5ecfe961a30d84ed366d9e4b	k__Bacteria; p__Bacteroidetes; c__Flavobacteriia; o__Flavobacteriales; f__Cryomorphaceae; g__; s__	1.0
f4a1013fe4d4778a200cd409ac9b3734	k__Bacteria; p__OD1; c__; o__; f__; g__; s__	0.8
74dc604c3ea8206059ee3b9c5b78a7f1	k__Bacteria; p__Proteobacteria; c__Epsilonproteobacteria; o__Campylobacterales; f__Campylobacteraceae; g__Arcobacter	0.9
99469cb813cd3e4eb044b920d11e88d2	k__Bacteria; p__Bacteroidetes; c__[Saprospirae]; o__[Saprospirales]; f__Chitinophagaceae; g__; s__	1.0
26b1307e8a5351e89964a02d1ca9073a	k__Bacteria; p__Fusobacteria; c__Fusobacteriia; o__Fusobacteriales; f__Fusobacteriaceae	0.6
5d97c08212cd22914e6085192b234b7d	k__Bacteria; p__Planctomycetes; c__Planctomycetia; o__Pirellulales; f__Pirellulaceae; g__; s__	1.0
7227606a3a3b1ddfa0d18cd8dc544848	k__Bacteria; p__Actinobacteria; c__Thermoleophilia; o__; f__; g__; s__	1.0
15329fd28cfacde8f268e5bac0972724	k__Bacteria	1.0
d8b657c5f946f763bf15a726a0fa1dc5	k__Bacteria; p__Proteobacteria; c__Gammaproteobacteria; o__Xanthomonadales; f__Sinobacteraceae; g__; s__	1.0
3645a154d6ea8f187140d20906dc3343	k__Bacteria; p__Proteobacteria; c__Alphaproteobacteria; o__; f__; g__; s__	0.6
56d3bdd4335f3ae80ae095b55ede6595	k__Bacteria; p__Proteobacteria; c__Alphaproteobacteria; o__Sphingomonadales; f__Sphingomonadaceae; g__Novosphingobium; s__	0.6
922590d0e549162a285541e0fff9c997	k__Bacteria; p__Proteobacteria; c__Alphaproteobacteria; o__Rhizobiales; f__Rhizobiaceae; g__Agrobacterium; s__	1.0
a8562221baebd7f35ce35cf6dd05d466	k__Bacteria; p__Cyanobacteria; c__Chloroplast; o__Stramenopiles; f__; g__; s__	1.0
99105c94016f46097ac532e34cde4659	k__Bacteria; p__Acidobacteria; c__Acidobacteria-6; o__iii1-15; f__; g__; s__	1.0
a7ec512a4cace68d6b4cf9d3a14fd92b	Unassigned	0.0
257c1bcf823b3087be8f895858016910	k__Bacteria; p__Proteobacteria; c__Alphaproteobacteria; o__Rhizobiales; f__Hyphomicrobiaceae	1.0
135c3a4d10fd84c82c597c9ba9217769	k__Bacteria; p__Actinobacteria; c__Acidimicrobiia; o__Acidimicrobiales; f__; g__; s__	1.0
0f6712fbe383ec12bf4f3ab1a8e9488a	k__Bacteria; p__Proteobacteria; c__Alphaproteobacteria; o__Rickettsiales; f__; g__; s__	1.0
63b7f24f9930cf8eda53b33624b2fb54	k__Bacteria; p__Bacteroidetes; c__Bacteroidia; o__Bacteroidales; f__S24-7; g__; s__	1.0
5a6c06a768e15c72f4bd8e1c1c3cb1f6	k__Bacteria; p__Proteobacteria; c__Betaproteobacteria; o__MWH-UniP1; f__; g__; s__	1.0
c72db148a6f665b650bddebf131d7c46	k__Bacteria; p__Proteobacteria; c__Deltaproteobacteria; o__Myxococcales; f__Nannocystaceae; g__Plesiocystis; s__	1.0
86fc9559b95613769a4a4f2956189c28	k__Bacteria; p__Proteobacteria	0.7
0682e4fc631b76aa6aec65bcdea1cb8a	k__Bacteria; p__Verrucomicrobia; c__[Pedosphaerae]; o__[Pedosphaerales]; f__R4-41B; g__; s__	0.7
42cd59f44e9aa60edf29c67eb97ede34	k__Bacteria; p__Proteobacteria; c__Deltaproteobacteria; o__NKB15; f__; g__; s__	1.0
2d3cbb545bbaded9cc60c4104dbf114a	k__Bacteria; p__Actinobacteria; c__Actinobacteria; o__Actinomycetales; f__Mycobacteriaceae; g__Mycobacterium; s__	1.0
c69cd8a41f66f709f7e79ff2ae129dac	k__Bacteria; p__Firmicutes; c__Clostridia; o__Clostridiales; f__Clostridiaceae; g__; s__	0.6
cb398c4a776dd6bae0f8c3b6d1926ac8	k__Bacteria; p__Planctomycetes; c__Planctomycetia; o__Gemmatales; f__Isosphaeraceae; g__; s__	1.0
90a597fa5aa3c330392c26e9b2d75ac7	k__Bacteria; p__Proteobacteria; c__Alphaproteobacteria; o__Rhodobacterales; f__Rhodobacteraceae	1.0
51c1ea55cf7c2ae4d32ee6c1ef6ce7bb	k__Bacteria; p__Chlorobi; c__OPB56; o__; f__; g__; s__	1.0
90639b6d498a595bb604155d1044cd67	k__Bacteria; p__Proteobacteria; c__Deltaproteobacteria; o__Desulfovibrionales; f__Desulfovibrionaceae; g__Desulfovibrio; s__mexicanus	0.6
ca6dbdd9b375fa8844008e2b93bd3090	k__Bacteria; p__Cyanobacteria; c__Nostocophycideae; o__Nostocales; f__Nostocaceae; g__Cylindrospermopsis; s__	1.0
84e6422dd0b6b664692e6d049a10d7f9	k__Bacteria; p__Verrucomicrobia; c__Opitutae; o__Opitutales; f__Opitutaceae; g__; s__	0.9
24dcdd10c13d3bd70c8ac3dc08d5f082	k__Bacteria; p__Proteobacteria; c__Gammaproteobacteria; o__HOC36; f__; g__; s__	1.0
0dd4bdc80c17d829ad9c2cdc982a6761	Unassigned	0.0
5398ffcc88729ef644fd77a2217ac4ec	k__Bacteria; p__Proteobacteria; c__Alphaproteobacteria; o__Sphingomonadales; f__Sphingomonadaceae; g__Blastomonas; s__	0.6
2c1c7dec10c6036ee08d564e7f989ada	k__Bacteria; p__Firmicutes; c__Clostridia; o__Clostridiales; f__Eubacteriaceae; g__Acetobacterium; s__	1.0
5549d54c5e90e34b339db8578f984f8c	k__Bacteria; p__Proteobacteria; c__Betaproteobacteria; o__Neisseriales; f__Neisseriaceae; g__; s__	0.6
5b3ae2b03ed6ab481e1e87d8d0e0ae1a	k__Bacteria; p__Proteobacteria; c__Betaproteobacteria; o__Burkholderiales; f__Comamonadaceae; g__; s__	0.7
8cd2c543b72e2e46e65e727535d6b980	k__Bacteria; p__Proteobacteria; c__Alphaproteobacteria; o__; f__; g__; s__	1.0
8fb0c9c05362732390c7558e39604ad1	k__Bacteria; p__Actinobacteria; c__Acidimicrobiia; o__Acidimicrobiales; f__C111; g__; s__	1.0
f1793f155765e4067f61363549b2b2b6	k__Bacteria; p__Firmicutes; c__Clostridia; o__Clostridiales; f__Ruminococcaceae; g__; s__	0.9
847f5b90cdea381095c4d869c77f4943	k__Bacteria; p__Proteobacteria; c__TA18; o__CV90; f__; g__; s__	0.8
ffeb957e2bbf76c4da2a03669dbbac4f	k__Bacteria; p__Proteobacteria; c__Gammaproteobacteria; o__Enterobacteriales; f__Enterobacteriaceae; g__Erwinia; s__	0.8
eeaaa8d893a0ae5a14fdd656d92d5dc1	k__Bacteria; p__Actinobacteria; c__Acidimicrobiia; o__Acidimicrobiales; f__EB1017; g__; s__	1.0
e23c6b458c372bbdc66d40ca8c2c65e1	k__Bacteria; p__Cyanobacteria; c__Chloroplast; o__Stramenopiles; f__; g__; s__	1.0
3bbc998f1bdfadb2aef1a1bc080c3e2a	k__Bacteria; p__Proteobacteria; c__Deltaproteobacteria	1.0
62c3e68754656f0ad443e37f1e1c29fc	k__Bacteria	1.0
51da5493a3fb968448c7b70a323cdecf	k__Bacteria; p__Planctomycetes; c__028H05-P-BN-P5; o__; f__; g__; s__	0.7
35b5dd5c703089dafec642c2697378a9	k__Bacteria; p__Acidobacteria; c__RB25; o__; f__; g__; s__	0.8
70668224f604fd956393e4cf10fbe402	k__Bacteria; p__Proteobacteria; c__Alphaproteobacteria; o__Rhizobiales; f__Hyphomicrobiaceae; g__Devosia; s__	1.0
a8f9430a199fd9d80a4a9d9f570b9f17	k__Bacteria; p__Firmicutes; c__Clostridia; o__Clostridiales; f__Veillonellaceae; g__Phascolarctobacterium; s__	1.0
07dfd6f1147b8be3419df03f6ad8cd04	k__Bacteria; p__Chlorobi; c__BSV26; o__PK329; f__; g__; s__	1.0
2ee584ab8b917fd2c0a106e90f7b3917	k__Bacteria; p__Actinobacteria; c__Acidimicrobiia; o__Acidimicrobiales; f__ntu14; g__; s__	1.0
51f2325154f134dd13bfe6a0c1c339e9	k__Bacteria; p__Proteobacteria; c__Alphaproteobacteria	1.0
1a7bfd8ccd077657d6aa57623c5c4da2	k__Bacteria; p__Proteobacteria; c__Alphaproteobacteria; o__Rhizobiales; f__Methylocystaceae; g__Methylosinus; s__	1.0
4ed0b24703db20ee00f3ea993377700d	k__Bacteria; p__Acidobacteria; c__Solibacteres; o__Solibacterales; f__; g__; s__	1.0
33f0f3b30d5c7187b5709e60b07ac07c	k__Bacteria; p__Proteobacteria; c__TA18; o__PHOS-HD29; f__; g__; s__	0.9
412fe014e7150aa8f0c7c790337fc298	k__Bacteria; p__Proteobacteria; c__Alphaproteobacteria; o__Rhizobiales	0.6
b52fbf8833625f12c31788ca287da80d	k__Bacteria; p__Proteobacteria; c__Gammaproteobacteria	1.0
f7a9e0d8a9b90a7c41aa75f038c74bf0	k__Bacteria; p__Proteobacteria; c__Deltaproteobacteria; o__Bdellovibrionales; f__Bdellovibrionaceae; g__Bdellovibrio; s__	0.8
84f02b3fc5fad2bef4e25ce7603fc725	k__Bacteria; p__Proteobacteria; c__Betaproteobacteria; o__Neisseriales; f__Neisseriaceae	1.0
1c3af091dac0c93e8c194ddd53185601	k__Bacteria; p__Proteobacteria; c__Deltaproteobacteria; o__Desulfuromonadales; f__Geobacteraceae; g__Geobacter; s__lovleyi	0.8
04343fc1e633705248121ee474f3d0b3	k__Bacteria; p__Firmicutes; c__Clostridia; o__Clostridiales	1.0
33bae04385949991cbb12079a9fef61a	k__Bacteria; p__Proteobacteria; c__Betaproteobacteria; o__Burkholderiales; f__; g__; s__	0.7
1bb25a67fd45ed181d4eba78ad68313e	k__Bacteria; p__Proteobacteria; c__Betaproteobacteria; o__Burkholderiales; f__Comamonadaceae; g__Limnobacter	0.6
c81b3da9ceda2e22743c777298ac1688	k__Bacteria; p__Chlorobi; c__OPB56; o__; f__; g__; s__	1.0
772707bbff792f9fb80c184be96210d7	k__Bacteria; p__Verrucomicrobia; c__[Pedosphaerae]; o__[Pedosphaerales]; f__; g__; s__	1.0
eb1ea3300bffe6e953c72ce8034e0f0a	k__Bacteria; p__Proteobacteria; c__Alphaproteobacteria; o__Rickettsiales; f__; g__; s__	0.9
d3b7d6596c1dfecf93c75a4f7f2bc6bc	k__Bacteria; p__Proteobacteria; c__Deltaproteobacteria	1.0
bb867e3894cf6e14ba26a48f2bce06bf	k__Bacteria; p__Cyanobacteria; c__Chloroplast; o__Stramenopiles; f__; g__; s__	1.0
8d26fa584f28b93bf0f865923a746a16	k__Bacteria; p__Proteobacteria; c__Gammaproteobacteria; o__Legionellales; f__Coxiellaceae; g__; s__	0.8
58610532776441d1fcfb43cc2082b105	k__Bacteria; p__Proteobacteria; c__Gammaproteobacteria; o__Methylococcales; f__Crenotrichaceae; g__Crenothrix; s__	0.9
6a8f717e8b4577d762bcf3105345adec	k__Bacteria; p__Chlamydiae; c__Chlamydiia; o__Chlamydiales; f__Parachlamydiaceae	0.8
cb0a53f8739cce851e7ef9a25f49126b	k__Bacteria; p__Cyanobacteria; c__Synechococcophycideae; o__Pseudanabaenales; f__Pseudanabaenaceae; g__Pseudanabaena; s__	1.0
684d29b261e0af5069d4dd5245fe9aba	k__Bacteria; p__Proteobacteria; c__Alphaproteobacteria; o__Rickettsiales	1.0
2cde9fe2290ecee0207c4d77d684f209	k__Bacteria; p__Actinobacteria; c__Actinobacteria; o__Actinomycetales	0.9
151ce717cf2c50a8d0566c3da85ec67a	k__Bacteria; p__TM7; c__SC3; o__; f__; g__; s__	1.0
6f4ebcc249607734c20ade4187303e45	k__Bacteria; p__Chlorobi; c__OPB56; o__; f__; g__; s__	1.0
3b808d69febf37925a6ee133f5f61f7b	k__Bacteria; p__Actinobacteria; c__Thermoleophilia; o__Solirubrobacterales; f__Patulibacteraceae; g__; s__	1.0
900383f0e85c44525fdf9a06de5962ee	k__Bacteria; p__Spirochaetes; c__Spirochaetes; o__Spirochaetales; f__Spirochaetaceae; g__Spirochaeta; s__aurantia	1.0
2964b635b751ada649411d8901859bed	k__Bacteria; p__Bacteroidetes; c__Cytophagia; o__Cytophagales; f__Cytophagaceae; g__Leadbetterella; s__	1.0
68d903b13a0d841f7014de42e4735ff5	k__Bacteria; p__Verrucomicrobia; c__Verrucomicrobiae; o__Verrucomicrobiales; f__Verrucomicrobiaceae; g__Prosthecobacter	1.0
d3b9dfa3fee2637825c5bbf041fc19d7	k__Bacteria; p__Proteobacteria; c__Alphaproteobacteria; o__Rhizobiales	1.0
fbe02ec4266d4ec514a8af294d2760e7	k__Bacteria; p__Firmicutes; c__Clostridia; o__Clostridiales	0.8
20080d68b16338e9e88051c0da07ee00	k__Bacteria; p__Bacteroidetes; c__Bacteroidia; o__Bacteroidales; f__; g__; s__	0.7
3c27e9a929b00c7c8220f8c583312632	k__Bacteria; p__Proteobacteria; c__TA18; o__PHOS-HD29; f__; g__; s__	1.0
ab1d5b003208cc05e30de82a665b49df	k__Bacteria; p__Proteobacteria; c__Alphaproteobacteria; o__BD7-3; f__; g__; s__	1.0
2095d402b2e15c41d06c402a8297861f	k__Bacteria; p__Proteobacteria; c__Deltaproteobacteria; o__PB19; f__; g__; s__	1.0
bf0f53a79365c03dd8b705220168385b	k__Bacteria; p__Proteobacteria; c__Alphaproteobacteria; o__; f__; g__; s__	1.0
51d285dbc1efaf94bc4b7310cfa68748	k__Bacteria; p__Bacteroidetes; c__Flavobacteriia; o__Flavobacteriales; f__Cryomorphaceae; g__Fluviicola; s__	1.0
addc4e0f040849dfea88a869b386c4ae	k__Bacteria; p__Proteobacteria; c__Deltaproteobacteria; o__Spirobacillales; f__; g__; s__	1.0
8e092ac90009ebc722861c35eafe6eba	k__Bacteria; p__Proteobacteria; c__Deltaproteobacteria; o__Myxococcales; f__; g__; s__	1.0
ffd7827dc78fa61ed6d1184f6d9d8152	k__Bacteria; p__Proteobacteria; c__Gammaproteobacteria; o__Legionellales	0.7
48e3c7a79d1757a0fb5ff96699bca141	k__Bacteria; p__Cyanobacteria; c__Synechococcophycideae; o__Pseudanabaenales; f__Pseudanabaenaceae; g__Leptolyngbya; s__	1.0
4d0a2594905cb538ecf37c630678298f	k__Bacteria; p__Proteobacteria; c__Deltaproteobacteria; o__Spirobacillales; f__; g__; s__	1.0
f491aecfce3b996603e08cc74c644148	k__Bacteria; p__Proteobacteria; c__Betaproteobacteria; o__Neisseriales; f__Neisseriaceae; g__Deefgea; s__	0.8
26cf02a6c4c0aa8e09357039e3c41cea	k__Bacteria; p__Proteobacteria; c__TA18; o__PHOS-HD29; f__; g__; s__	1.0
150ce8049ba234e002727a88a9bb89d5	k__Bacteria; p__Bacteroidetes; c__[Saprospirae]; o__[Saprospirales]; f__Saprospiraceae; g__; s__	1.0
75faac1e7c3ceb7642da7d8426ce295a	k__Bacteria; p__Planctomycetes; c__Planctomycetia; o__Pirellulales; f__Pirellulaceae; g__; s__	1.0
27ffacb48ccef30aff1cfeef784ad3b8	k__Bacteria; p__Proteobacteria; c__Alphaproteobacteria; o__Rhodospirillales; f__Acetobacteraceae; g__Roseomonas; s__	0.8
7e4e112d3244eff03fc14190d6cc27a5	k__Bacteria; p__Proteobacteria; c__Betaproteobacteria; o__Burkholderiales; f__Comamonadaceae	1.0
168bd1216ff7aa3e9d4e2dfdd74d0216	k__Bacteria; p__Proteobacteria; c__Alphaproteobacteria; o__Rhizobiales	0.8
91bcabe5d8de219208d83004f7139d1c	k__Bacteria; p__Proteobacteria; c__Alphaproteobacteria; o__; f__; g__; s__	0.6
929001e147bcc2d72da74b213b15c444	k__Bacteria; p__Proteobacteria; c__Alphaproteobacteria; o__Rhodospirillales; f__Rhodospirillaceae	0.8
d6e571d40df55a77e9636e818e9a8958	k__Bacteria; p__Proteobacteria; c__Alphaproteobacteria	1.0
a1f2b8a96bd3d726b7906405c0579a48	k__Bacteria; p__Firmicutes; c__Clostridia; o__Clostridiales; f__Lachnospiraceae; g__; s__	0.8
bfdf6909fc29e036e3c053b93811ff05	k__Bacteria; p__Proteobacteria; c__TA18; o__CV90; f__; g__; s__	1.0
19da52f73db120c42d08ac4d28db1002	k__Bacteria; p__Planctomycetes; c__Planctomycetia; o__Planctomycetales; f__Planctomycetaceae; g__Planctomyces; s__	1.0
5dac1d19e025885192638bb7ca4b5ef3	k__Bacteria; p__Cyanobacteria; c__Chloroplast; o__Stramenopiles; f__; g__; s__	1.0
7841aed1da4674b073c434211a0f51a3	k__Bacteria; p__Proteobacteria; c__TA18; o__CV90; f__; g__; s__	1.0
db1a88f9be0e894a0107cfdd1da76ec1	k__Bacteria; p__Proteobacteria; c__Deltaproteobacteria; o__Myxococcales; f__OM27; g__; s__	1.0
40e754f769f74bc3c0698553e899ecca	k__Bacteria; p__Proteobacteria; c__Gammaproteobacteria; o__Legionellales; f__Coxiellaceae; g__; s__	1.0
774ecbb1b7e57c754aaac7cc113ae80f	k__Bacteria; p__Bacteroidetes; c__Sphingobacteriia; o__Sphingobacteriales; f__; g__; s__	1.0
3e54d6497019f5de76d1fcd9b2c82055	k__Bacteria; p__Cyanobacteria; c__Chloroplast; o__Streptophyta; f__; g__; s__	1.0
a91f41a04070173623469793d4eeb54e	k__Bacteria; p__Proteobacteria; c__Alphaproteobacteria; o__Rhodospirillales; f__Rhodospirillaceae; g__; s__	0.8
b84c9c5cd9d2df44f6c8d3ba858d028c	k__Bacteria; p__Proteobacteria; c__Gammaproteobacteria; o__Alteromonadales; f__[Chromatiaceae]; g__Rheinheimera; s__	0.8
277851dc4c18ecd960763e67940eec18	k__Bacteria; p__Cyanobacteria; c__Synechococcophycideae; o__Synechococcales; f__Synechococcaceae; g__Synechococcus; s__	1.0
a2fd253950f88abf00ba09f37266abf6	k__Bacteria; p__Bacteroidetes; c__[Saprospirae]; o__[Saprospirales]; f__Chitinophagaceae; g__; s__	0.9
ac28ca7567ac72d6bc857aef38f320fd	k__Bacteria	1.0
2693580cce770ddf0ea856c7ab81cf84	k__Bacteria; p__Proteobacteria; c__Alphaproteobacteria; o__Rickettsiales; f__; g__; s__	0.9
d35617abf2ac18dc08efc633c144c9fd	k__Bacteria; p__Proteobacteria; c__Betaproteobacteria; o__SC-I-84; f__; g__; s__	0.9
5f019a6cd62019f529216c9b50747a3b	k__Bacteria; p__Planctomycetes; c__Planctomycetia; o__Pirellulales; f__Pirellulaceae; g__; s__	1.0
f1f73b7a5283df2a6a2b8bd4811252d7	k__Bacteria; p__Bacteroidetes; c__Flavobacteriia; o__Flavobacteriales; f__Cryomorphaceae; g__; s__	1.0
ce8b04699743e04ac70b498cebc75e55	Unassigned	0.0
ee431e81574da65fb380d1d86849ee3b	k__Bacteria; p__Cyanobacteria; c__Chloroplast; o__Chlorophyta; f__; g__; s__	1.0
ab084c110f6850092996edeb53f98cd5	k__Bacteria; p__OP3; c__BD4-9; o__; f__; g__; s__	1.0
df25cd0b9710697dce0234132b83f76d	k__Bacteria; p__Proteobacteria; c__Betaproteobacteria; o__Burkholderiales; f__Comamonadaceae	1.0
b7c730468499668468cd69de202e29da	Unassigned	0.0
5214b269e194d8b64489a9cfa2765168	k__Bacteria; p__TM6; c__SJA-4; o__; f__; g__; s__	0.7
96b6bb146673f37d8de762579b2474ee	k__Bacteria; p__Proteobacteria; c__Alphaproteobacteria; o__Rickettsiales; f__Rickettsiaceae; g__Wolbachia; s__	1.0
b5d1a31782be62fcbacd740618191ede	Unassigned	0.0
27cab1fd899ec8556a6e1e898529f9dc	k__Bacteria; p__Firmicutes; c__Clostridia; o__Clostridiales; f__[Tissierellaceae]; g__Tepidimicrobium; s__	0.6
b89d9fec2c288bee4794d7484a8aa574	k__Bacteria; p__Proteobacteria; c__Deltaproteobacteria; o__Bdellovibrionales; f__Bdellovibrionaceae; g__Bdellovibrio; s__	1.0
7c90ba4e8db6776a3611e05724833406	k__Bacteria; p__Planctomycetes; c__Planctomycetia; o__Planctomycetales; f__Planctomycetaceae; g__Planctomyces; s__	1.0
566af2587fbe04944d149cd894579058	k__Bacteria; p__Actinobacteria; c__Actinobacteria; o__Actinomycetales; f__ACK-M1; g__; s__	1.0
65c4faa43adef13073041e7a245343f6	k__Bacteria; p__Bacteroidetes; c__Sphingobacteriia; o__Sphingobacteriales; f__; g__; s__	1.0
4a1557b7db579170bddff367ae3cee5f	k__Bacteria; p__Bacteroidetes; c__Bacteroidia; o__Bacteroidales	1.0
90ad90d1afa86ee75d889863acc199e2	k__Bacteria; p__Planctomycetes; c__Planctomycetia; o__Gemmatales; f__Gemmataceae; g__Gemmata; s__	1.0
af5f1ad7508ded5ac37f3e8e32b8b7d7	k__Bacteria; p__TM7; c__SC3; o__; f__; g__; s__	1.0
37400886b9d68f4b8df781ef9c0f375c	k__Bacteria; p__Proteobacteria; c__Betaproteobacteria; o__Rhodocyclales; f__Rhodocyclaceae; g__Dechloromonas; s__	0.9
5ac874d0262c431c6db54ca4ad0b7e2b	k__Bacteria; p__Bacteroidetes; c__Bacteroidia; o__Bacteroidales; f__Marinilabiaceae; g__; s__	0.6
10e3c312d2ef0f80ac5908d9eb3de6f4	k__Bacteria; p__Planctomycetes; c__Planctomycetia; o__Pirellulales; f__Pirellulaceae; g__Pirellula; s__	0.6
e3743d0227218f6cb84dc417c0bba1ed	k__Bacteria; p__Cyanobacteria; c__4C0d-2; o__YS2; f__; g__; s__	0.6
a1e1b25fba3f50c13d9fbc339649e3a1	k__Bacteria; p__Verrucomicrobia; c__Verruco-5; o__WCHB1-41; f__; g__; s__	1.0
68e8159902c7d833d6d142d7ad6030a5	k__Bacteria; p__Bacteroidetes; c__[Saprospirae]; o__[Saprospirales]; f__Saprospiraceae; g__; s__	1.0
16d14affb94832ec100984e55cab31bd	k__Bacteria; p__Proteobacteria; c__Gammaproteobacteria; o__Alteromonadales; f__[Chromatiaceae]; g__Rheinheimera; s__	1.0
1010edcbb154c60ff051b4942cf82329	k__Bacteria; p__Proteobacteria; c__Gammaproteobacteria; o__Chromatiales; f__Ectothiorhodospiraceae; g__Ectothiorhodospira; s__	1.0
e2cc47184f47af89a96e12560c670431	k__Bacteria; p__Planctomycetes; c__Phycisphaerae; o__Phycisphaerales; f__; g__; s__	1.0
14a490c4f09187ed5b9b9ade46737c5f	k__Bacteria; p__Cyanobacteria; c__Synechococcophycideae; o__Synechococcales; f__Synechococcaceae; g__Synechococcus; s__	1.0
c37b89b9303f5717ec0f265a76e3c01f	k__Bacteria	1.0
6dd3c9d2b8dff2e3482c16e1e2dc4785	k__Bacteria; p__Bacteroidetes; c__[Saprospirae]; o__[Saprospirales]; f__Saprospiraceae; g__; s__	1.0
c6273305a3e6298958eb812ddd279392	k__Bacteria; p__Bacteroidetes; c__[Saprospirae]; o__[Saprospirales]	0.7
375906135c1014604623dd2b9a9cbd59	k__Bacteria; p__Bacteroidetes; c__[Saprospirae]; o__[Saprospirales]; f__Saprospiraceae	1.0
cc1e43f8786b3b08ce2a676ad6ed3860	k__Bacteria; p__Proteobacteria; c__Alphaproteobacteria; o__Sphingomonadales; f__Erythrobacteraceae; g__; s__	0.7
4ead37cf5fb6052d5d7fdac92b085068	k__Bacteria; p__Proteobacteria; c__Gammaproteobacteria; o__Legionellales; f__Coxiellaceae; g__; s__	1.0
fb5a74e9605bab46606a6b00de8db192	k__Bacteria; p__Proteobacteria; c__Gammaproteobacteria; o__Xanthomonadales; f__Sinobacteraceae; g__Nevskia; s__ramosa	0.8
110d0f814e623820fc317b84c2194b0f	k__Bacteria; p__Proteobacteria; c__Deltaproteobacteria; o__; f__; g__; s__	0.8
10de496bd9e6dc729568f30e63636bc6	k__Bacteria; p__Proteobacteria; c__Alphaproteobacteria; o__Rhizobiales; f__; g__; s__	0.8
e8ea7479adc9fa4b0bbc6b1ff516c0cc	k__Bacteria; p__Bacteroidetes; c__[Saprospirae]; o__[Saprospirales]; f__Saprospiraceae; g__; s__	1.0
e31b451225656d48c491ceec2abdcdc9	k__Bacteria; p__Verrucomicrobia; c__Verrucomicrobiae; o__Verrucomicrobiales; f__Verrucomicrobiaceae; g__; s__	0.9
406651f710b467c7de4265978dab0f3d	k__Bacteria; p__Cyanobacteria; c__Synechococcophycideae; o__Pseudanabaenales; f__Pseudanabaenaceae	0.7
cc730dcefbd79f8283c88d085e6560c2	k__Bacteria; p__Verrucomicrobia; c__[Pedosphaerae]; o__[Pedosphaerales]; f__R4-41B; g__; s__	0.7
8fdeff9cf0918221ad063cd488b12be1	k__Bacteria; p__Firmicutes; c__Clostridia; o__Clostridiales; f__Ruminococcaceae; g__; s__	0.6
7ffe8b3b6556d7d8b02663a231f29eca	k__Bacteria; p__Proteobacteria; c__Alphaproteobacteria; o__; f__; g__; s__	1.0
53563bc3bb378c1f6fec34b8414efc1c	k__Bacteria; p__Proteobacteria; c__Alphaproteobacteria; o__Rhodobacterales; f__Rhodobacteraceae; g__; s__	0.8
ec22bab7c679c80b65198f0a852a423b	k__Bacteria; p__Planctomycetes; c__Planctomycetia; o__Pirellulales; f__Pirellulaceae; g__; s__	1.0
fb51f30fd2e9b2d48f8c3e5550d8d37c	k__Bacteria; p__Proteobacteria; c__Betaproteobacteria; o__Burkholderiales; f__Comamonadaceae; g__; s__	0.7
c8715a564ca5328f51afddff462452ea	k__Bacteria; p__TM7; c__SC3; o__; f__; g__; s__	1.0
e601b4efdb445d4f51b53060246b9419	k__Bacteria; p__Proteobacteria; c__Gammaproteobacteria; o__Pseudomonadales; f__Moraxellaceae; g__Perlucidibaca; s__	1.0
d89272ed7ef64203435f061fb0bd5ae0	k__Bacteria; p__Acidobacteria; c__DA052; o__Ellin6513; f__; g__; s__	0.6666666666666666
0d2e914e0a533c17c5bed80adb561a3b	k__Bacteria; p__Actinobacteria; c__Actinobacteria; o__Actinomycetales; f__ACK-M1; g__; s__	1.0
f8a3b11d301c77f4bfc5bc6937f2ef46	k__Bacteria; p__Cyanobacteria; c__Chloroplast; o__Euglenozoa; f__; g__; s__	1.0
3a950c428e84b6b6e56c8567ad01d927	k__Bacteria; p__Proteobacteria; c__Gammaproteobacteria	1.0
898f81d5e003ba6747885cef4809f2f7	k__Archaea; p__Euryarchaeota; c__Methanobacteria; o__Methanobacteriales; f__Methanobacteriaceae; g__Methanobacterium	0.9
be5ed7601e110ae01c42f3b20ff6427e	k__Bacteria; p__OD1; c__; o__; f__; g__; s__	0.9
4c293790124366a3dc20feac32111906	k__Bacteria; p__Bacteroidetes; c__[Saprospirae]; o__[Saprospirales]; f__Saprospiraceae; g__; s__	1.0
1dcd77009e7400cd988df2d2a7a36693	k__Bacteria; p__Cyanobacteria; c__Nostocophycideae; o__Nostocales; f__Nostocaceae; g__Cylindrospermopsis; s__	0.8
192eb4d5ad82c0ebc38894437efac67d	k__Bacteria; p__Actinobacteria; c__Actinobacteria; o__Actinomycetales; f__; g__; s__	1.0
618d1aa78adba658669f5ea8dec8ed38	k__Bacteria; p__Cyanobacteria; c__Oscillatoriophycideae; o__Chroococcales; f__Xenococcaceae; g__Xenococcus; s__	0.6
77b8198d653980e928efda7e34a819b6	k__Bacteria; p__Cyanobacteria; c__Chloroplast; o__Streptophyta; f__; g__; s__	1.0
99e37228a63213c8ded39fc838f38763	k__Bacteria; p__Proteobacteria; c__Alphaproteobacteria; o__Rickettsiales; f__Rickettsiaceae; g__Rickettsia; s__	1.0
9e3e7b1daa84edd9ac49a430fb968ebb	k__Bacteria; p__Proteobacteria; c__Gammaproteobacteria; o__HTCC2188; f__HTCC2089; g__; s__	0.7
8a2a2ffb4cc960cbef9768a3f65becf9	k__Bacteria; p__Proteobacteria; c__Alphaproteobacteria; o__Rhizobiales; f__Hyphomicrobiaceae; g__Hyphomicrobium; s__	1.0
d61520a19985be2e5069013b0a151746	k__Bacteria; p__Proteobacteria; c__TA18; o__PHOS-HD29; f__; g__; s__	1.0
d4bf0ea3f90197324aefb37ce1b422d9	k__Bacteria; p__Proteobacteria; c__Alphaproteobacteria; o__Rhizobiales; f__Hyphomicrobiaceae; g__; s__	0.8
2191101ccdb639a5ad8ef50991b28adb	k__Bacteria; p__Actinobacteria; c__Actinobacteria; o__Actinomycetales; f__; g__; s__	1.0
e70d7b5c4ef852c83b121beec4f3b2de	k__Bacteria; p__Proteobacteria; c__Gammaproteobacteria	1.0
a750e8629554a0cb643a439fe4bd7e04	k__Bacteria; p__Proteobacteria; c__Betaproteobacteria; o__Ellin6067; f__; g__; s__	1.0
4b9173be974fcc8697fb93e7b157aba2	k__Bacteria; p__Proteobacteria; c__Alphaproteobacteria; o__Sphingomonadales; f__Sphingomonadaceae; g__Novosphingobium; s__	1.0
509d5bfd235466e727aafe59e0dae78a	k__Bacteria; p__Cyanobacteria; c__Chloroplast; o__Streptophyta; f__; g__; s__	1.0
b1f23a38a9cec40b18515b7c5ce1014c	k__Bacteria; p__Bacteroidetes; c__Sphingobacteriia; o__Sphingobacteriales; f__; g__; s__	1.0
cc5d5a5736d7286fbbf36114b5e1164d	k__Bacteria; p__Bacteroidetes; c__Bacteroidia; o__Bacteroidales; f__Rikenellaceae; g__; s__	0.8
8a9a773d09f928d44c1a2999f419b594	k__Bacteria; p__Proteobacteria; c__Alphaproteobacteria; o__; f__; g__; s__	0.6
ecb72116ac52e0b6c6f4d70b35f3b7ae	k__Bacteria; p__Fusobacteria; c__Fusobacteriia; o__Fusobacteriales; f__Fusobacteriaceae; g__u114; s__	0.8
791095d0ac3eaec9dee560b1fe858707	k__Bacteria; p__Cyanobacteria; c__Oscillatoriophycideae; o__Oscillatoriales; f__Phormidiaceae	0.6
01f5c2157bd6d4e9f59186360bda1014	k__Bacteria; p__Proteobacteria; c__TA18; o__PHOS-HD29; f__; g__; s__	1.0
312584dd4e0dbab8b5cd5aa05e04bdc8	k__Archaea; p__[Parvarchaeota]; c__[Parvarchaea]; o__WCHD3-30; f__; g__; s__	1.0
3631394b85a274b32e418f6cd16ca44c	Unassigned	0.0
4ed1a491ff7169d9f38492a30914e7f1	k__Bacteria; p__TM6; c__SBRH58; o__; f__; g__; s__	1.0
c390dbb2082574a1fbf6a75d47e2a908	Unassigned	0.0
b3832f1adea47fc4d0eb5b1dec49e272	k__Bacteria; p__Proteobacteria; c__Alphaproteobacteria; o__Rhizobiales; f__; g__; s__	0.7
2d34a2c3d12218a50f5783d786f30a79	k__Bacteria; p__Tenericutes; c__Mollicutes; o__RF39; f__; g__; s__	1.0
ec47bda03541658428daf891034e62b1	k__Bacteria; p__Verrucomicrobia; c__[Pedosphaerae]; o__[Pedosphaerales]; f__auto67_4W; g__; s__	0.9
a9a280d5788d215a1a9dd4f8f05d28c3	k__Bacteria; p__Proteobacteria; c__Epsilonproteobacteria; o__Campylobacterales; f__Campylobacteraceae; g__Sulfurospirillum; s__	1.0
1b2df1be769618d8b354ea269ec8579a	k__Bacteria; p__Proteobacteria; c__Alphaproteobacteria; o__; f__; g__; s__	1.0
4e77f73d15433e691021e4d6bec3377c	k__Bacteria; p__Proteobacteria; c__Deltaproteobacteria; o__Spirobacillales; f__; g__; s__	1.0
90f3c3a936591e535e9c77c16df34774	k__Bacteria; p__Planctomycetes; c__Planctomycetia; o__Pirellulales; f__Pirellulaceae; g__; s__	1.0
27de3ca00c39cc426f0abd5e9a7b3b6f	k__Bacteria; p__TM7; c__TM7-1; o__; f__; g__; s__	1.0
95b57dba602e9491ba37acf603a273a2	k__Bacteria; p__Actinobacteria; c__Acidimicrobiia; o__Acidimicrobiales; f__C111; g__; s__	1.0
adfe76b4af98d60810bd29b13e2e7da2	k__Bacteria; p__Proteobacteria; c__Alphaproteobacteria; o__Rhizobiales; f__Methylocystaceae; g__Methylosinus; s__	0.8
afe49d534be585955386b26db9375771	k__Bacteria; p__WS3; c__PRR-12; o__GN03; f__; g__; s__	0.75
27ffd4a305c611f23fa069fc6a3f0fd2	k__Bacteria; p__Tenericutes; c__Mollicutes; o__Mycoplasmatales; f__Mycoplasmataceae; g__Candidatus Hepatoplasma; s__	1.0
f0b630b59bada8c63977bfbe56f00415	k__Bacteria; p__Proteobacteria; c__Alphaproteobacteria; o__Rhizobiales	1.0
2f2df28155e5d75c914ba1687cd56efb	k__Bacteria; p__Bacteroidetes; c__Sphingobacteriia; o__Sphingobacteriales; f__; g__; s__	0.9
7c61dd9544ce5642bee2ff257e105d46	k__Bacteria; p__Proteobacteria; c__Deltaproteobacteria; o__Myxococcales; f__; g__; s__	1.0
4929dfc253a771f69b9b1ca5675ebeae	k__Bacteria; p__Planctomycetes; c__Planctomycetia; o__Pirellulales; f__Pirellulaceae; g__; s__	1.0
1858877e9140dfbc0e877b9ec49f6cb2	k__Bacteria; p__Bacteroidetes; c__[Rhodothermi]; o__[Rhodothermales]; f__[Balneolaceae]; g__; s__	0.8
2c9b5dce83a78262996a551090d86404	Unassigned	0.0
a399ab896b4307bb5efa047042037044	k__Bacteria; p__Proteobacteria; c__Deltaproteobacteria; o__Myxococcales; f__; g__; s__	1.0
a37fae1b4a0994f2d1281520722dbdb4	k__Bacteria; p__Proteobacteria; c__Deltaproteobacteria; o__Bdellovibrionales; f__Bacteriovoracaceae; g__; s__	0.6
69c6e0abfcc2e55f247960fdd9d46202	k__Bacteria; p__Proteobacteria; c__TA18; o__PHOS-HD29; f__; g__; s__	1.0
af650f7c538c7a53cd42156db49f65ba	k__Bacteria; p__Proteobacteria; c__Alphaproteobacteria; o__Rickettsiales; f__Rickettsiaceae; g__; s__	1.0
65f43e787d5d0e45de344f6ea9f1856f	k__Bacteria; p__Verrucomicrobia; c__[Pedosphaerae]; o__[Pedosphaerales]; f__Ellin515; g__; s__	0.9
7eeefc0cb70fc9859cce53969e1cca05	k__Bacteria; p__Proteobacteria; c__Deltaproteobacteria; o__Myxococcales; f__Haliangiaceae; g__; s__	1.0
374122e22a650b6378a2d39e774404ab	k__Bacteria; p__Proteobacteria; c__Gammaproteobacteria; o__Methylococcales; f__Methylococcaceae; g__Methylocaldum; s__	0.7
fb5da94de3050a402143b1226bad79f3	k__Bacteria; p__Chloroflexi; c__Anaerolineae; o__WCHB1-50; f__; g__; s__	1.0
301e12d41ca0433a7ae26fbde0dc5118	k__Bacteria; p__Proteobacteria; c__Betaproteobacteria; o__Rhodocyclales; f__Rhodocyclaceae; g__; s__	0.7
e71fd79360e11ca521c8b2571eefba5e	k__Bacteria; p__Chloroflexi; c__Anaerolineae; o__SBR1031; f__A4b; g__; s__	1.0
f08286c1758b9c2ee069eca9ed89ade1	k__Bacteria; p__Actinobacteria; c__Acidimicrobiia; o__Acidimicrobiales; f__C111; g__; s__	1.0
901e4308f2c8d7566c23d0bba2aa4eeb	k__Bacteria; p__Proteobacteria; c__Alphaproteobacteria; o__Rickettsiales; f__; g__; s__	1.0
de130f016836ee4c2ba318f6ca64c4c1	k__Bacteria; p__Proteobacteria; c__Alphaproteobacteria; o__Rickettsiales; f__; g__; s__	1.0
3c4d4c442d3594ff7d62aa6e5bb91ee7	k__Bacteria; p__Proteobacteria; c__Deltaproteobacteria; o__Spirobacillales; f__; g__; s__	0.9
b7a35a1610b2a84536ffc81a6a4acf30	k__Archaea; p__[Parvarchaeota]; c__[Parvarchaea]; o__YLA114; f__; g__; s__	1.0
137ac32351c4f83ed01f45cecb410902	k__Bacteria; p__Proteobacteria; c__Betaproteobacteria; o__Burkholderiales; f__Burkholderiaceae; g__Burkholderia; s__	0.6
dd4b3982cecb764aa83ba9a0fa80e6e3	k__Bacteria; p__Armatimonadetes; c__Armatimonadia	0.7
272687ff3d01267f1c03f8e5613ebaa4	k__Bacteria; p__Proteobacteria; c__Alphaproteobacteria; o__Rhizobiales; f__; g__; s__	1.0
e3fee64660524a3d34d1f73de59523b2	k__Bacteria; p__Proteobacteria	0.9
3d83e84fe57e3247485714f11345d070	k__Bacteria; p__Proteobacteria; c__Epsilonproteobacteria; o__Campylobacterales; f__Campylobacteraceae; g__Arcobacter; s__	1.0
67582312a711c9b365adf7c638c18f66	k__Bacteria; p__Acidobacteria; c__Acidobacteria-6; o__iii1-15; f__; g__; s__	1.0
738252a1ce01098d01a1b78fe292ecca	k__Bacteria; p__Armatimonadetes; c__Armatimonadia; o__Armatimonadales; f__Armatimonadaceae; g__; s__	0.9
f1aa8e5b50176e1a9f4ba3c01b9ebadd	k__Bacteria; p__Proteobacteria; c__Alphaproteobacteria; o__Rhizobiales	1.0
b3053b427b8a301cba10b490039655bd	k__Bacteria; p__Proteobacteria; c__Deltaproteobacteria; o__Myxococcales; f__OM27; g__; s__	1.0
51b70fcb857b4bde933f8578e0f712bc	k__Bacteria; p__Proteobacteria; c__Deltaproteobacteria; o__Syntrophobacterales; f__Syntrophaceae; g__Desulfomonile; s__	0.8
ae323213a8c0d6c0dae9c1ee712c9257	k__Bacteria; p__Proteobacteria; c__Deltaproteobacteria; o__MIZ46; f__; g__; s__	1.0
9534018957ae5b63b953c5be15f9c387	k__Bacteria; p__Verrucomicrobia; c__[Spartobacteria]; o__[Chthoniobacterales]; f__[Chthoniobacteraceae]; g__Candidatus Xiphinematobacter; s__	1.0
0d65ccc93c498ca8ba10b742ccd19a33	k__Bacteria; p__Proteobacteria; c__Alphaproteobacteria; o__Rhizobiales; f__; g__; s__	0.8
840591d75b26a2d1db77bbc1c6765339	k__Bacteria	1.0
144e986c2582c9d75f08f749cf681514	k__Bacteria; p__Proteobacteria; c__Deltaproteobacteria; o__Myxococcales; f__; g__; s__	1.0
92bc2212158f1b0f1967dd9e68b8d52e	k__Archaea; p__[Parvarchaeota]; c__[Parvarchaea]; o__WCHD3-30; f__; g__; s__	1.0
b49aa58f4a939c93487ff64b8067e859	k__Bacteria; p__Actinobacteria; c__Acidimicrobiia; o__Acidimicrobiales; f__C111; g__; s__	1.0
a7b194f77609d9608c5eff3ffd91e381	k__Bacteria; p__Cyanobacteria; c__Chloroplast; o__Streptophyta; f__; g__; s__	1.0
1ea2f1f9985192f542ddac0b638d48bc	k__Bacteria; p__Proteobacteria; c__Betaproteobacteria; o__Burkholderiales; f__Comamonadaceae	0.8
49bfb840df740473eb42436e53d22206	k__Bacteria; p__Bacteroidetes; c__Sphingobacteriia; o__Sphingobacteriales; f__; g__; s__	1.0
80466ac596ce9664b21f8edbe4ff7f88	k__Bacteria; p__Planctomycetes; c__Planctomycetia; o__Pirellulales; f__Pirellulaceae; g__; s__	1.0
0fa6bc733c18877072a9579478000495	k__Archaea; p__[Parvarchaeota]; c__[Parvarchaea]; o__WCHD3-30; f__; g__; s__	1.0
d07ae82c8428679291f2ef04c3c275bc	k__Bacteria; p__Cyanobacteria; c__Chloroplast; o__Stramenopiles; f__; g__; s__	1.0
51bbbc368d558a69cae260499423450e	k__Bacteria; p__Proteobacteria; c__Betaproteobacteria	1.0
7980695548e9fb1739f489be7370ba7d	k__Bacteria; p__Firmicutes; c__Clostridia; o__Clostridiales; f__Lachnospiraceae; g__; s__	0.8
90a6090f4f3768b88653549b20af73c9	k__Bacteria; p__Proteobacteria; c__Gammaproteobacteria; o__Legionellales	0.7
ecabd993b84846d0a8aec27ea6708e67	k__Bacteria; p__Proteobacteria; c__Betaproteobacteria; o__Burkholderiales; f__Oxalobacteraceae	0.8
d1472a86753c082ce4633ea033314405	k__Bacteria; p__Proteobacteria	1.0
4888630e0c5a02e2625faa0dd925d40d	k__Bacteria; p__Proteobacteria; c__Deltaproteobacteria; o__Myxococcales; f__OM27; g__; s__	1.0
398ff00ec25ba0114c8cbf0ee5cc8159	k__Bacteria; p__Proteobacteria; c__Gammaproteobacteria; o__Xanthomonadales; f__Sinobacteraceae; g__; s__	0.8
8cf857803eed15962906acd52173c282	k__Bacteria; p__Proteobacteria; c__Gammaproteobacteria; o__Alteromonadales; f__; g__; s__	0.6
9635040b20e741cde1d5fc14e822025e	k__Bacteria; p__Proteobacteria; c__Alphaproteobacteria; o__Sphingomonadales; f__Sphingomonadaceae; g__Sphingomonas; s__wittichii	0.8
7241ab35703530861aa9befcc0555b2a	k__Bacteria; p__Proteobacteria; c__TA18; o__PHOS-HD29; f__; g__; s__	0.9
94d8ccbc822b00d739de6d2dfde9c106	k__Bacteria; p__Bacteroidetes; c__[Saprospirae]; o__[Saprospirales]; f__Chitinophagaceae; g__; s__	1.0
80ff72f7a1bc01d8ceb34c22c682b5c2	k__Bacteria; p__TPD-58; c__; o__; f__; g__; s__	0.9
68650e03ad2895265dbb8d0f61fd2976	k__Bacteria; p__Planctomycetes; c__Planctomycetia; o__Pirellulales; f__Pirellulaceae; g__; s__	0.7
96a9d2ca3b83f9dfb7e724e9ad5b3685	k__Bacteria; p__Cyanobacteria; c__Chloroplast; o__Stramenopiles; f__; g__; s__	1.0
5c73a17f72ceedc43a583bc2095cda51	k__Bacteria; p__Fusobacteria; c__Fusobacteriia; o__Fusobacteriales; f__Leptotrichiaceae	1.0
48ec9970fff7f0eacb23c98cca5c29bc	k__Bacteria; p__Cyanobacteria; c__4C0d-2; o__MLE1-12; f__; g__; s__	1.0
ad870849a992c3e60a3612381edeac2f	k__Bacteria; p__Planctomycetes; c__Planctomycetia; o__Pirellulales; f__Pirellulaceae; g__; s__	1.0
5f4c3789d5ab5205b4e0a09af9b45be5	k__Bacteria; p__Proteobacteria; c__Gammaproteobacteria; o__Xanthomonadales; f__Sinobacteraceae; g__Nevskia; s__ramosa	0.8
fd2efa7ed07ed88753e4844afbcb6323	k__Bacteria; p__Proteobacteria; c__Alphaproteobacteria; o__Rickettsiales; f__; g__; s__	1.0
32bcf5b76efc0d431e9ba22a481fa4ac	k__Bacteria; p__OD1; c__; o__; f__; g__; s__	1.0
ea73f011b4ced1ee4d3e05e0f86d7dd8	k__Bacteria; p__Bacteroidetes; c__Flavobacteriia; o__Flavobacteriales; f__Flavobacteriaceae; g__; s__	0.8
7cd5c46f62f9e0ac79a08e453745b13f	k__Bacteria; p__Proteobacteria; c__Alphaproteobacteria; o__Rhizobiales; f__Rhizobiaceae; g__Agrobacterium; s__	0.7
f15709f7f3de8017538ab2d023113cb6	k__Bacteria; p__Proteobacteria; c__Alphaproteobacteria	0.9
81acf0a8c987503c0d13e2cd2f3d28eb	k__Bacteria; p__Proteobacteria; c__Alphaproteobacteria; o__; f__; g__; s__	0.8
4497634b9d7218ab287633c2d74e4a43	k__Bacteria; p__Planctomycetes; c__Planctomycetia; o__Pirellulales; f__Pirellulaceae; g__; s__	1.0
4912cfecbbd09a7efc059be535ee8ac6	k__Bacteria; p__Chlorobi; c__OPB56; o__; f__; g__; s__	1.0
c74fbdfdca2bc3ba434ea30b9e3a7cb7	Unassigned	0.0
37e69cf53f7107045330848b3344f181	k__Bacteria; p__Proteobacteria; c__Alphaproteobacteria; o__Rhizobiales; f__Phyllobacteriaceae; g__; s__	0.7
8a259f47f8da84c1f213bd6c5eb109c7	k__Bacteria; p__Proteobacteria; c__Deltaproteobacteria; o__Bdellovibrionales; f__Bacteriovoracaceae; g__; s__	1.0
1f4912ab9635eddd37af864a43809cff	k__Bacteria; p__Firmicutes; c__Bacilli; o__Bacillales; f__Bacillaceae; g__Bacillus; s__flexus	1.0
be5e0644cf21561e49042fec073381d4	k__Bacteria; p__Proteobacteria; c__Alphaproteobacteria; o__Caulobacterales; f__Caulobacteraceae; g__Asticcacaulis; s__biprosthecium	0.6
3a512fcc5f76eedc1f35ae37cb904445	k__Bacteria	1.0
581ce027958f8753c855ab6a7c1a0846	k__Bacteria; p__WPS-2; c__; o__; f__; g__; s__	1.0
a9fc9458055e94d79255c6e4a934f66b	k__Bacteria; p__Proteobacteria; c__Alphaproteobacteria; o__Rhizobiales; f__; g__; s__	1.0
7bb96d6dbcdb461a2ab33da7b3f2ad4e	k__Bacteria; p__Proteobacteria; c__Deltaproteobacteria; o__GMD14H09; f__; g__; s__	1.0
cca62da91084adf6836eb4825c45c477	k__Bacteria; p__Firmicutes; c__Clostridia; o__Clostridiales; f__Ruminococcaceae; g__; s__	0.8
9d715a3f43b8db51ffd81b1a5375052a	k__Bacteria; p__Tenericutes; c__Mollicutes; o__Entomoplasmatales; f__; g__; s__	1.0
f6eee5f70d5a866c91f47b6a55710c4a	k__Bacteria; p__Proteobacteria; c__Alphaproteobacteria; o__Sphingomonadales; f__Sphingomonadaceae; g__Sphingomonas; s__	0.8
27c886d8438b78618ab2a9a428be5b09	k__Bacteria; p__Proteobacteria; c__Deltaproteobacteria; o__Desulfobacterales; f__Desulfobulbaceae; g__; s__	0.6
bf11b21ccb269cb9959d41650e6742f5	k__Bacteria; p__OD1; c__; o__; f__; g__; s__	0.7
915cf035b124c253db52b49068720185	k__Bacteria; p__Proteobacteria; c__Gammaproteobacteria	1.0
a3908eda6624f9250b550ba3b70793ec	k__Bacteria; p__Firmicutes; c__Clostridia; o__Clostridiales; f__Lachnospiraceae; g__; s__	0.7
56a2a19d19f397e690673a6eb644b8c9	k__Bacteria; p__Actinobacteria; c__Actinobacteria; o__Actinomycetales; f__; g__; s__	0.8
e753f9fd22409cdf883a723b172274b4	k__Bacteria; p__Proteobacteria; c__Betaproteobacteria; o__Neisseriales; f__Neisseriaceae; g__Vogesella; s__	0.9
4e382c284128648e47f8b146ead910f0	k__Bacteria; p__Bacteroidetes; c__Bacteroidia; o__Bacteroidales; f__Bacteroidaceae; g__; s__	1.0
72f913af5a52209420b39dea070c82af	k__Bacteria; p__Planctomycetes; c__Planctomycetia; o__Pirellulales; f__Pirellulaceae; g__; s__	1.0
fa71a89c4fd2e2f69cba52857aea862d	k__Bacteria; p__Cyanobacteria; c__Chloroplast; o__Stramenopiles; f__; g__; s__	1.0
9d967681bd397b671453c70af16f8259	k__Bacteria; p__SR1; c__; o__; f__; g__; s__	1.0
e5deee7e7935a38e983c1ae640abf484	k__Bacteria; p__OP11; c__WCHB1-64; o__d153; f__; g__; s__	1.0
9b167519ede68d527bd3c0255b9202dc	k__Bacteria; p__Proteobacteria; c__Alphaproteobacteria; o__Sphingomonadales; f__; g__; s__	0.8
96b60a937f11d2406990f8aafdb64cb7	k__Bacteria; p__Proteobacteria; c__Gammaproteobacteria; o__Alteromonadales; f__Alteromonadaceae; g__Glaciecola; s__	0.6666666666666666
450d3dd6959d8367c95bf9e314b33302	k__Bacteria; p__Cyanobacteria	1.0
c0c1510b84a44f4dde72bb317082ecb6	k__Bacteria; p__Cyanobacteria; c__Oscillatoriophycideae; o__Oscillatoriales; f__Phormidiaceae	0.6
231753920cda74077aa54ca40a948d4d	k__Bacteria; p__Proteobacteria; c__Gammaproteobacteria; o__HTCC2188; f__HTCC2089; g__; s__	1.0
dcb27acb406f7979921f9557c3e7dcfc	k__Bacteria; p__Proteobacteria; c__Gammaproteobacteria	1.0
1d13cd764c0efd3ebd4d88a377b6e15b	k__Bacteria; p__Proteobacteria; c__Betaproteobacteria; o__Procabacteriales; f__Procabacteriaceae; g__; s__	0.7
f8f9b902f2f006613d49018c1d0c617b	k__Bacteria; p__Proteobacteria; c__Alphaproteobacteria; o__Rickettsiales; f__Rickettsiaceae; g__; s__	1.0
1a7e77e8112767caf43ed65ec5fb0490	k__Bacteria; p__SR1; c__; o__; f__; g__; s__	0.9
2e49c68627f20486f0ebc12cb917e985	k__Bacteria	1.0
bb02af37c923a8fa872156041e4ebcef	k__Bacteria; p__Firmicutes; c__Clostridia; o__Clostridiales; f__Lachnospiraceae; g__; s__	0.8
591334845b870cd124edff610d554d79	k__Bacteria; p__Firmicutes; c__Clostridia; o__Clostridiales; f__Clostridiaceae; g__Clostridium; s__	0.6
554facd6318e2c89cda555f235da9fea	k__Bacteria; p__OP3; c__BD4-9; o__; f__; g__; s__	1.0
7081ca28e8da288fb10c952ba12c58fb	k__Bacteria; p__Proteobacteria; c__Deltaproteobacteria; o__Desulfobacterales; f__Desulfobacteraceae; g__Desulfococcus; s__	1.0
a61d8425a180fd03e130d37391c8ccf0	k__Bacteria; p__Bacteroidetes; c__Bacteroidia; o__Bacteroidales; f__Marinilabiaceae; g__; s__	0.6
0ba8cef06042db842f0ae3ae978d9040	Unassigned	0.0
c5de9927caf38921c48acfb0ecd81dc0	k__Bacteria; p__Planctomycetes; c__Planctomycetia; o__Pirellulales; f__Pirellulaceae	1.0
30d69251877615bf430f123535805e5b	k__Bacteria; p__Cyanobacteria; c__4C0d-2; o__SM1D11; f__; g__; s__	1.0
a60e70816cf6d515828de19d10f21c7d	k__Bacteria; p__Proteobacteria; c__Deltaproteobacteria; o__Myxococcales	1.0
290aee8ebbb6896efc8914359c5b93a0	k__Bacteria; p__Verrucomicrobia; c__Opitutae; o__Opitutales; f__Opitutaceae; g__Opitutus; s__	0.8
8f938791ab7b707a006399a6fd5ed8e8	k__Bacteria; p__Proteobacteria; c__Alphaproteobacteria; o__Rhodospirillales; f__Acetobacteraceae; g__; s__	0.9
b7cdbe93418dd9a6a271b50e6ef031a8	k__Bacteria; p__Proteobacteria; c__Deltaproteobacteria; o__Bdellovibrionales; f__Bacteriovoracaceae; g__; s__	0.9
6aca8ce056f6729a0faa4f193a033ec9	k__Bacteria; p__GN02; c__BD1-5; o__; f__; g__; s__	0.7
6ef6d617e2e8814673c274083b2f684b	k__Bacteria; p__Proteobacteria; c__Gammaproteobacteria; o__Alteromonadales; f__211ds20; g__; s__	0.9
69acaebb30d62f6ec8e8da7f13b6aab9	k__Bacteria; p__Proteobacteria; c__Betaproteobacteria; o__Burkholderiales; f__Comamonadaceae	0.9
dd7cbf1c3af0e9b4fd02b2ed8eda935a	k__Bacteria; p__Proteobacteria; c__Epsilonproteobacteria; o__Campylobacterales; f__Helicobacteraceae; g__Sulfurimonas; s__	1.0
cae914efe46e68e0509cc03f69b49b94	k__Bacteria; p__Proteobacteria; c__Gammaproteobacteria; o__Methylococcales; f__Crenotrichaceae; g__Crenothrix; s__	0.9
e66d450fec6a4a5358a4bfcc9fbea226	k__Bacteria; p__Proteobacteria	1.0
3e632120ab7ef69bcb1f80aa77b9d316	k__Bacteria; p__Proteobacteria; c__Alphaproteobacteria; o__Sphingomonadales; f__Sphingomonadaceae; g__; s__	0.7
11d0a15cba361879f0e08ec5a8cec550	k__Bacteria; p__Firmicutes; c__Clostridia; o__Clostridiales; f__Ruminococcaceae; g__; s__	1.0
d1df610890a1655e6784a4e46dc31daf	k__Bacteria; p__Bacteroidetes; c__Flavobacteriia; o__Flavobacteriales; f__Cryomorphaceae; g__; s__	1.0
dc8c02f9be92609eed491863cb29f1fe	k__Bacteria; p__Cyanobacteria; c__Chloroplast; o__Streptophyta; f__; g__; s__	1.0
bc2d015782bd5854a279535aa9ac5b95	k__Bacteria; p__Verrucomicrobia; c__Verrucomicrobiae; o__Verrucomicrobiales; f__Verrucomicrobiaceae; g__; s__	1.0
493effba0f062503563e8897b295b8a4	k__Bacteria; p__Bacteroidetes; c__[Saprospirae]; o__[Saprospirales]; f__Chitinophagaceae; g__; s__	0.6
f2c8ad41c06d957f4372a80531e132c2	k__Bacteria; p__Spirochaetes; c__Spirochaetes; o__M2PT2-76; f__; g__; s__	1.0
0f6e71be85acf9f6f6f118c9b07eefc3	k__Bacteria; p__Proteobacteria; c__Alphaproteobacteria; o__Rhizobiales	1.0
4cb4aec309c265549ea697822829c4fa	k__Bacteria; p__Verrucomicrobia; c__Verrucomicrobiae; o__Verrucomicrobiales; f__Verrucomicrobiaceae; g__; s__	1.0
8f7736eb6d2f9c47180e046e324cc679	k__Bacteria; p__Proteobacteria; c__Alphaproteobacteria; o__Rhodospirillales; f__Acetobacteraceae; g__; s__	0.6
e7f76b0ed6108eab68007842c3daddd1	k__Bacteria; p__Actinobacteria; c__Actinobacteria; o__Actinomycetales; f__ACK-M1; g__; s__	0.9
1b0dba1fab95c884b6fe32021b30919a	k__Bacteria; p__Firmicutes; c__Clostridia; o__Clostridiales; f__Clostridiaceae; g__Clostridium; s__	0.8
287b4e89f76baed5232469be21661f9f	k__Bacteria; p__Proteobacteria; c__Gammaproteobacteria; o__Xanthomonadales; f__Sinobacteraceae; g__; s__	1.0
98cfee0f02b771661546c457cf76c174	k__Bacteria; p__Planctomycetes; c__Planctomycetia; o__Gemmatales; f__Gemmataceae; g__Gemmata; s__	0.9
25b0b17f4dfc8aa175128c8cb6c09388	k__Bacteria; p__Bacteroidetes; c__Bacteroidia; o__Bacteroidales; f__; g__; s__	1.0
e90bc5fc03947c5b8d9cff6dc2538136	k__Bacteria; p__Actinobacteria; c__Actinobacteria; o__Actinomycetales; f__Micrococcaceae	1.0
778469fcafbb5a00f83c0e7b4014aec5	Unassigned	0.0
36ff8404dfe0d85c86308dfa5adc7c67	k__Bacteria; p__Proteobacteria; c__Betaproteobacteria; o__Burkholderiales; f__Comamonadaceae; g__Hydrogenophaga; s__	0.8
e382b5a9a4d4d6bde42c6cb1f2ae8595	k__Bacteria; p__Actinobacteria; c__Actinobacteria; o__Actinomycetales; f__Microbacteriaceae	1.0
44bb1b4fd8f00cb8d65d3d165d87e3e1	k__Bacteria; p__Proteobacteria; c__Gammaproteobacteria; o__Methylococcales; f__Methylococcaceae	1.0
bc513890ec118b530c11f2986a46cfe5	k__Bacteria; p__Bacteroidetes; c__Cytophagia; o__Cytophagales; f__Cytophagaceae; g__Emticicia; s__	1.0
ec4080de228e156f458839730d04f7bc	k__Bacteria; p__Proteobacteria; c__Alphaproteobacteria; o__Rickettsiales; f__; g__; s__	0.8
a7533c43b0bcd36cb612ad5d8cb0e6e1	k__Bacteria	1.0
8807d7038871f3f2523c765833be32b0	k__Bacteria; p__Firmicutes; c__Clostridia; o__Clostridiales; f__[Acidaminobacteraceae]; g__Fusibacter; s__	1.0
14c0a3bba49cae681e9e7a83d02c70bf	k__Bacteria; p__Proteobacteria; c__Deltaproteobacteria; o__Myxococcales; f__; g__; s__	1.0
eac45a3efb4ffb2e60b791c60e55ba71	k__Bacteria; p__Proteobacteria; c__Betaproteobacteria; o__Methylophilales; f__Methylophilaceae; g__; s__	0.9
1c00238ecf4825f6e8c4feff6ddb6a8c	k__Bacteria; p__Proteobacteria; c__Alphaproteobacteria	1.0
c471cf83a70c9e8b9a919cc1f98584d4	k__Bacteria; p__Proteobacteria; c__Betaproteobacteria; o__Burkholderiales; f__Comamonadaceae; g__; s__	0.9
2f28548cb5c733872f94518e2766c2d9	k__Bacteria; p__Gemmatimonadetes; c__Gemmatimonadetes; o__; f__; g__; s__	1.0
593c59a0c1457dbefe1e54ef81971c8c	k__Bacteria; p__Proteobacteria; c__Betaproteobacteria; o__Burkholderiales; f__Comamonadaceae; g__; s__	0.7
d34a81aed709296967e79b36ba3df5d0	k__Bacteria; p__Cyanobacteria; c__Chloroplast	1.0
3556aa4daa32a0be1eb7ab70a6c67aae	k__Bacteria; p__Proteobacteria; c__Gammaproteobacteria; o__Methylococcales; f__Crenotrichaceae; g__Crenothrix; s__	0.9
0de7a2118be0513f12a2d4f4dd0bf495	k__Bacteria; p__Proteobacteria; c__Alphaproteobacteria	0.9
144706a7723d9a3f5106622cbd6f7509	k__Bacteria; p__Cyanobacteria; c__Chloroplast; o__Streptophyta; f__; g__; s__	1.0
8bcf259fea54380c846bf7b19119e695	k__Bacteria; p__Planctomycetes; c__Planctomycetia; o__Pirellulales; f__Pirellulaceae; g__; s__	1.0
23e5c07ada3f97919a9d06ccd9caad0b	Unassigned	0.0
1e2a4037fb08c59804a15be4839ee0a4	k__Bacteria; p__Cyanobacteria; c__Chloroplast; o__Chlorophyta; f__; g__; s__	1.0
ddc4f1b45b6da406f995cf943c235640	k__Bacteria; p__Planctomycetes; c__Planctomycetia; o__Gemmatales; f__Gemmataceae; g__Gemmata; s__	1.0
272f5db8c8e8a719faa39b942b11bf81	k__Bacteria; p__Chloroflexi; c__Chloroflexi; o__Chloroflexales	1.0
561e62f08d8fe937cb249cc86c108d07	k__Bacteria; p__Proteobacteria; c__TA18; o__CV90; f__; g__; s__	1.0
0ebef6c78f714e06355bb4f447be96cf	k__Bacteria; p__TM6; c__SJA-4; o__S1198; f__; g__; s__	1.0
bc42911cc7b6780e217bd5c20a6ad403	Unassigned	0.0
13f87e3a4c48c5e1460ac6e140ef54fc	Unassigned	0.0
21606dff557fead55ead45413f946205	k__Bacteria; p__Bacteroidetes; c__Flavobacteriia; o__Flavobacteriales; f__[Weeksellaceae]; g__Cloacibacterium; s__	0.9
1fd243f45734b63e06bb276656b9e064	k__Bacteria; p__Verrucomicrobia; c__Verrucomicrobiae; o__Verrucomicrobiales; f__Verrucomicrobiaceae; g__Prosthecobacter; s__	0.8
0a2169e1e088dad9ad82571a51257216	k__Bacteria; p__Bacteroidetes; c__Flavobacteriia; o__Flavobacteriales; f__Flavobacteriaceae; g__Flavobacterium; s__	1.0
897616e631fe6121dfa1a31f8c5ea72a	Unassigned	0.0
73e7345db54e2158070b6f53193789dd	k__Bacteria; p__Proteobacteria; c__Alphaproteobacteria; o__Rhizobiales; f__; g__; s__	0.7
6140a5e04f885277e147a1e89fe36b7f	k__Bacteria; p__Planctomycetes; c__Planctomycetia; o__Pirellulales; f__Pirellulaceae; g__Pirellula; s__	0.6
0560d8d5b31c30eea25f4af49ae61f71	k__Bacteria; p__Proteobacteria; c__Alphaproteobacteria; o__Rhizobiales; f__; g__; s__	1.0
924250cf734b8a7210e6018eee65aea4	k__Bacteria; p__Actinobacteria; c__Acidimicrobiia; o__Acidimicrobiales; f__C111; g__; s__	1.0
8165f748ec97498ebaff2ea19391ee44	k__Bacteria; p__Bacteroidetes; c__[Saprospirae]; o__[Saprospirales]; f__Saprospiraceae; g__; s__	0.8
5782ee7660846fc88caedb9320fd15fe	k__Bacteria; p__Proteobacteria; c__Deltaproteobacteria; o__Myxococcales; f__OM27; g__; s__	1.0
47cda38a0024746a49521f13295aa7a8	k__Bacteria; p__Proteobacteria; c__TA18; o__CV90; f__; g__; s__	1.0
9155496fb509e7ae2bdda924d1ed29cf	k__Bacteria; p__Proteobacteria; c__Deltaproteobacteria; o__Desulfobacterales; f__Desulfobulbaceae; g__; s__	0.6
ae14007a663f9e8b8f972ae1e3b1e2a5	k__Bacteria; p__Proteobacteria; c__Alphaproteobacteria; o__Rickettsiales; f__Rickettsiaceae; g__; s__	0.8
87321cb39b6ed2e3b13f3a75adae3181	k__Bacteria; p__Proteobacteria; c__Betaproteobacteria	1.0
849ac2247284827a7c843e291cb9e75e	k__Bacteria; p__Proteobacteria; c__Alphaproteobacteria; o__Rickettsiales; f__mitochondria; g__Phytophthora	0.6
079df20b26a54f0902d77f722ec75965	k__Bacteria; p__Bacteroidetes; c__Sphingobacteriia; o__Sphingobacteriales; f__; g__; s__	1.0
372af8baae44afec192975289e255548	Unassigned	0.0
76f87aaf5e26d4543b0848d70ca25f0e	k__Bacteria	1.0
5ab72cd18e5d96f14bae48f4a454db21	k__Bacteria; p__Proteobacteria; c__Alphaproteobacteria; o__Sphingomonadales; f__Sphingomonadaceae; g__; s__	0.6
0d492ed503c7a818916b98d423807b99	k__Bacteria; p__Proteobacteria; c__Deltaproteobacteria; o__Bdellovibrionales; f__Bacteriovoracaceae; g__; s__	0.9
a8862436a6a3e8e90d2be45deed928ea	k__Bacteria; p__Proteobacteria; c__Gammaproteobacteria	1.0
de4da7e18d46145424af4218fa5dd5c5	k__Bacteria; p__Cyanobacteria; c__Nostocophycideae; o__Nostocales; f__Nostocaceae; g__; s__	0.7
6780432df6421ea65a40f744ea824dbf	k__Bacteria; p__Proteobacteria; c__Alphaproteobacteria; o__Rhodospirillales; f__Acetobacteraceae; g__; s__	0.8
3b093da69cddfbf5ca7783fc5dba7b39	k__Bacteria; p__Proteobacteria; c__Betaproteobacteria; o__Rhodocyclales; f__Rhodocyclaceae	0.6
7826eb8b31111e82fcc8b1a71c372e15	k__Bacteria; p__Proteobacteria; c__Alphaproteobacteria; o__Rickettsiales; f__; g__; s__	1.0
c5a69b6a72262e45ffd793efd9bbe8d6	k__Bacteria; p__WS3; c__PRR-12; o__GN03; f__; g__; s__	0.8333333333333334
a0895be866789c8e69e83a320150a35e	k__Bacteria; p__Planctomycetes; c__Planctomycetia; o__Gemmatales; f__Gemmataceae; g__Gemmata; s__	1.0
efb047b8384f03b230f9b5aa21fdeea1	k__Bacteria; p__Proteobacteria; c__Alphaproteobacteria; o__BD7-3; f__; g__; s__	1.0
9e4c67d8d3356e1518a32740e041494f	k__Bacteria; p__Proteobacteria; c__Deltaproteobacteria; o__Myxococcales; f__; g__; s__	1.0
f38eb0117ba12a3d7973e469fb31b72d	k__Bacteria; p__Proteobacteria	1.0
41596030bb011f14ef030b0f49814039	k__Bacteria; p__Proteobacteria; c__Alphaproteobacteria; o__Rickettsiales; f__; g__; s__	1.0
e6f66d5c4f7fad3d53d3d22d8bd12177	k__Bacteria; p__Actinobacteria; c__Acidimicrobiia; o__Acidimicrobiales; f__C111; g__; s__	1.0
78814a218df0614038ba76f9afeb8ec9	Unassigned	0.0
3b3be5f72e8898c95bd15b869edf64c1	k__Bacteria; p__Verrucomicrobia; c__Verrucomicrobiae; o__Verrucomicrobiales; f__Verrucomicrobiaceae; g__Verrucomicrobium; s__	1.0
119696568952e31588133b5ecaf23bae	k__Bacteria; p__Proteobacteria; c__Alphaproteobacteria; o__Rhodospirillales; f__Rhodospirillaceae; g__Novispirillum; s__	0.8
1a3e528424fdb353a731d2c4e0457cf1	k__Bacteria; p__Proteobacteria; c__Betaproteobacteria	1.0
5cac2a738d88f0055de01a4813e91bca	k__Bacteria; p__Planctomycetes; c__Planctomycetia; o__Pirellulales; f__Pirellulaceae; g__; s__	0.9
c4479ae1f23948e0d7e156d017712d75	k__Bacteria; p__Chloroflexi; c__Thermomicrobia; o__JG30-KF-CM45; f__; g__; s__	1.0
a447861531c12bbcb0a839945b643d66	k__Bacteria; p__Planctomycetes; c__Planctomycetia; o__Gemmatales; f__Gemmataceae; g__Gemmata; s__	0.7
0e737b91e3e84eb32de862c10f2e7a81	k__Bacteria; p__Proteobacteria; c__Deltaproteobacteria; o__Bdellovibrionales; f__Bacteriovoracaceae; g__Bacteriovorax; s__	0.9
36c4aaa5c6dd4eb7681fa9ad3b0c3dcd	k__Bacteria; p__TM6; c__SJA-4; o__; f__; g__; s__	0.9
d845f16bec0a82f5382d62396effa30a	k__Bacteria; p__Bacteroidetes; c__[Saprospirae]; o__[Saprospirales]; f__Saprospiraceae; g__; s__	0.7
ba5d8f5dc997ea90d56afe6c56f68365	k__Bacteria; p__Proteobacteria; c__Alphaproteobacteria; o__Sphingomonadales; f__Sphingomonadaceae	0.8
6b409c45a102ad30183c2cf2cb95b02e	k__Bacteria; p__Proteobacteria; c__Alphaproteobacteria; o__Rhizobiales; f__; g__; s__	1.0
c5a7c4b7feff09cad24a5ce93a3b6187	k__Bacteria; p__Bacteroidetes; c__Sphingobacteriia; o__Sphingobacteriales; f__; g__; s__	1.0
67675d39fc0d7d81c6feebc934142cd4	k__Bacteria; p__Chlorobi; c__BSV26; o__PK329; f__; g__; s__	1.0
4cb5a91429789001b0cba168a3d1c858	k__Bacteria; p__Bacteroidetes; c__Cytophagia; o__Cytophagales; f__Cytophagaceae; g__; s__	1.0
05cc3378024ea8b8eb63b3697e96dd79	k__Bacteria; p__Cyanobacteria; c__Chloroplast; o__Streptophyta; f__; g__; s__	1.0
2d4e13deecfa9dfaf72506f8872cb965	k__Bacteria; p__Proteobacteria; c__Deltaproteobacteria; o__Bdellovibrionales; f__Bdellovibrionaceae; g__Bdellovibrio; s__	1.0
de61673121b14ba6ed7db197288ad64a	k__Bacteria; p__Bacteroidetes; c__Flavobacteriia; o__Flavobacteriales; f__Cryomorphaceae; g__; s__	1.0
8ca27660ddec8e138e2b8ca2ac058f70	k__Bacteria; p__Actinobacteria; c__Actinobacteria; o__Actinomycetales; f__Microbacteriaceae	0.6
5a92116b8f551cafa8c5fe1129d64802	k__Bacteria; p__Proteobacteria; c__Gammaproteobacteria; o__Xanthomonadales; f__Sinobacteraceae; g__; s__	0.9
f0619dc341cae846fc164147009d56f6	k__Bacteria; p__Actinobacteria; c__Actinobacteria; o__Actinomycetales; f__ACK-M1; g__; s__	1.0
d1eda0b6c26b0bb162c5564f59b2e815	k__Bacteria; p__Actinobacteria; c__Actinobacteria; o__Actinomycetales; f__ACK-M1; g__; s__	1.0
90fce7c169cd3976c826fb813c70abc6	k__Bacteria; p__Spirochaetes; c__[Leptospirae]; o__[Leptospirales]; f__Leptospiraceae; g__Leptospira; s__	1.0
618e3d449ce2ce4186f3f7cb0e1a10da	k__Bacteria; p__Proteobacteria; c__Betaproteobacteria; o__Burkholderiales	1.0
e7644835283e74fae886272267ad2947	k__Bacteria; p__Proteobacteria; c__Gammaproteobacteria	0.8
fa685723925c2c20c8b8ef52f962527b	k__Bacteria; p__Proteobacteria; c__Alphaproteobacteria; o__Rickettsiales; f__; g__; s__	0.8
8de75a1ce78b4f74eff6a602d04f28e5	Unassigned	0.0
fbc1fcf2032fb8137d7efa0c38e3bb46	k__Bacteria; p__Firmicutes; c__Clostridia; o__Clostridiales; f__Ruminococcaceae; g__; s__	0.6
ba6e97d2fa5c73e43b43a5dc4360e610	k__Bacteria; p__Proteobacteria; c__Alphaproteobacteria; o__Rickettsiales; f__mitochondria; g__Phytophthora	0.6
398b659bae75fbf20eb78af8c50767ce	k__Bacteria; p__Cyanobacteria; c__Chloroplast; o__Stramenopiles; f__; g__; s__	1.0
270a0e5fafd43a8ea804d59059fc34ab	k__Bacteria; p__Proteobacteria; c__Gammaproteobacteria; o__Alteromonadales; f__Shewanellaceae; g__Shewanella; s__	1.0
8a5232d386f8dc48dcecba8a6b5969ea	k__Bacteria; p__Actinobacteria; c__Actinobacteria; o__Actinomycetales; f__; g__; s__	0.7
ef97fd7a6de922e5d640621fe154db37	k__Bacteria; p__Proteobacteria; c__Betaproteobacteria; o__Neisseriales; f__Neisseriaceae; g__; s__	0.6
d3921f3768441bb95dfdb917015b2caa	k__Bacteria; p__Proteobacteria; c__Gammaproteobacteria; o__Pseudomonadales; f__Moraxellaceae; g__Acinetobacter; s__rhizosphaerae	0.8
e16712c831de86fc60fa105e3880396d	k__Bacteria; p__Proteobacteria; c__Gammaproteobacteria; o__Methylococcales; f__Crenotrichaceae; g__Crenothrix; s__	0.6
40d6bafba74b53e530d7f60045dfe0f4	k__Bacteria; p__Actinobacteria; c__Actinobacteria; o__Actinomycetales; f__Microbacteriaceae; g__Leucobacter; s__	1.0
2a4c0850b4b4fd85ec27967f03c1a1ab	Unassigned	0.0
3b6f5fa2ceca98398a2ebb6c762c2985	k__Bacteria; p__Actinobacteria; c__Actinobacteria; o__Actinomycetales; f__Microbacteriaceae; g__Cryocola; s__	1.0
713de19de29d17798776a657f3e76c50	k__Bacteria; p__Actinobacteria; c__Actinobacteria; o__Actinomycetales; f__; g__; s__	0.9
d48cdc66756344c67feda83ce8cd86ee	k__Bacteria; p__Cyanobacteria; c__Chloroplast; o__Streptophyta; f__; g__; s__	1.0
ba6c66e374fac7fef88b03502866272b	k__Bacteria; p__Cyanobacteria; c__Chloroplast; o__Streptophyta; f__; g__; s__	1.0
0035e8064a3a75d25924b5176fdbd445	Unassigned	0.0
fa0632ca96d7a4d88b36a0c2f97dbd01	k__Bacteria; p__TM7; c__TM7-1; o__; f__; g__; s__	1.0
1ea0b7c37bb81051731fa8d4a82b27ac	k__Bacteria; p__Proteobacteria; c__Deltaproteobacteria; o__NKB15; f__; g__; s__	1.0
7a7b2f0bb2969af0b048bd3ff69dbb94	k__Bacteria; p__Bacteroidetes; c__Bacteroidia; o__Bacteroidales; f__; g__; s__	1.0
6f197cac7d40b5547e0aa73e4e4d4eeb	k__Bacteria; p__Proteobacteria; c__Alphaproteobacteria; o__Rhizobiales; f__Rhizobiaceae; g__Agrobacterium; s__	0.7
b3908eceb301e889b13655930bb89fb9	k__Bacteria; p__Acidobacteria; c__[Chloracidobacteria]; o__RB41; f__Ellin6075; g__; s__	1.0
26552fcb7753ea49ee0ce1e851ec3cac	k__Bacteria	1.0
0d2057232a91c0dc005c34d33bf8495e	k__Bacteria; p__Proteobacteria; c__Gammaproteobacteria; o__Thiotrichales; f__Piscirickettsiaceae; g__; s__	1.0
21af7181a8f3ca9579d26091c0462c64	k__Bacteria; p__Proteobacteria; c__Alphaproteobacteria; o__Rickettsiales; f__; g__; s__	0.7
7dfe5ea1924a64758629812b33de79b0	k__Bacteria; p__Proteobacteria; c__Deltaproteobacteria; o__NKB15; f__; g__; s__	1.0
656a1a8228e2e7ee22a7624c66b86c1b	k__Bacteria; p__Bacteroidetes; c__Sphingobacteriia; o__Sphingobacteriales; f__Sphingobacteriaceae; g__Pedobacter	0.6
11f99d82f054b99ff2fffd2527792488	k__Bacteria; p__SR1; c__; o__; f__; g__; s__	1.0
4ad3c16944c419adf3983643ff0aff20	k__Bacteria; p__Gemmatimonadetes; c__Gemm-1; o__; f__; g__; s__	1.0
853145bf9bfe0377e677bde489820a44	k__Bacteria; p__OD1; c__ABY1; o__; f__; g__; s__	0.8888888888888888
ea6064d00fa6af1587e10fc858e15321	k__Bacteria; p__Proteobacteria; c__Alphaproteobacteria; o__BD7-3; f__; g__; s__	1.0
9a3cb979fba1a5403487b1af64bf8111	k__Bacteria; p__Proteobacteria; c__Betaproteobacteria; o__Rhodocyclales; f__Rhodocyclaceae; g__Thauera; s__	0.6
3d58b93b57a278b1d1fe32c613c268f2	k__Bacteria; p__Actinobacteria; c__Acidimicrobiia; o__Acidimicrobiales; f__JdFBGBact; g__; s__	1.0
7f3529251ac99dc0dc71b9cb8b35f414	k__Bacteria; p__Proteobacteria; c__Gammaproteobacteria; o__Legionellales; f__Legionellaceae; g__; s__	1.0
45f6ed7511b08c9b15a6d1965c276cf4	k__Bacteria; p__Proteobacteria; c__Gammaproteobacteria; o__Alteromonadales	0.8
bc6eb0254a1af717088d9a0b277637b8	k__Bacteria; p__Proteobacteria; c__Gammaproteobacteria; o__Methylococcales; f__Crenotrichaceae; g__Crenothrix; s__	0.7
60a2e19a1e64c96f4b3cfd6de0405603	k__Bacteria; p__Cyanobacteria; c__Chloroplast; o__Streptophyta; f__; g__; s__	1.0
d537f1e0cddb0d669acc92632223926e	k__Bacteria; p__Proteobacteria; c__Alphaproteobacteria; o__Rickettsiales; f__; g__; s__	1.0
d6401c586a67f2468896d0d642115989	k__Bacteria; p__Proteobacteria; c__Betaproteobacteria	1.0
b3081bd048c167775ff66974231dabd7	k__Bacteria; p__Bacteroidetes; c__Cytophagia; o__Cytophagales; f__Cytophagaceae; g__Flectobacillus; s__	1.0
d1b2098fcf2a81afcf92136e0647288f	k__Bacteria; p__Proteobacteria; c__Deltaproteobacteria; o__Myxococcales; f__; g__; s__	1.0
decbf80de67d9afe3943afa47b9d6274	k__Bacteria; p__Proteobacteria; c__Alphaproteobacteria; o__Rhodobacterales; f__Rhodobacteraceae; g__Rhodobacter; s__	0.7
ee9d42df7c2137a4d0c4ba1466093efe	k__Bacteria; p__Bacteroidetes; c__Bacteroidia; o__Bacteroidales; f__; g__; s__	1.0
00c148d3b9012fd46eec0de4fe9e7a30	k__Bacteria; p__Proteobacteria; c__Alphaproteobacteria; o__Rhizobiales; f__Hyphomicrobiaceae; g__Hyphomicrobium; s__	0.9
88814983840fdc5adeef0b221df6fa13	k__Bacteria; p__SR1; c__; o__; f__; g__; s__	1.0
2cdaf45d1213064dac6bd20543d35b10	k__Bacteria; p__Proteobacteria; c__Alphaproteobacteria; o__Sphingomonadales; f__Sphingomonadaceae; g__Sphingomonas	0.9
2fb2ac5c4edcc90dd280f05ceac8b449	k__Bacteria; p__Proteobacteria; c__Alphaproteobacteria; o__Rhizobiales	0.7
edbde1500c7df2f9b0f84633d08ad71c	k__Bacteria; p__Proteobacteria; c__Alphaproteobacteria; o__Rickettsiales; f__mitochondria; g__; s__	1.0
5c88422f05d7d78cd5d82e1340b73bcd	k__Bacteria; p__Proteobacteria; c__Gammaproteobacteria; o__Methylococcales; f__Crenotrichaceae; g__Crenothrix; s__	1.0
e3613321fb16c337de6e1ffb3dc339ba	k__Bacteria; p__Planctomycetes; c__Planctomycetia; o__Pirellulales; f__Pirellulaceae; g__; s__	1.0
a8d39673b4f273dadc2a835a1408d7cf	k__Bacteria; p__Firmicutes; c__Clostridia; o__Clostridiales; f__Clostridiaceae; g__Caloramator; s__	1.0
d75e145c29484d60b3c9e26780c35ebd	k__Bacteria; p__Proteobacteria; c__Betaproteobacteria; o__MWH-UniP1; f__; g__; s__	0.7
f60f0dcd97b2f6e385cab4eced3e6e68	k__Bacteria; p__Proteobacteria; c__Alphaproteobacteria; o__Rhodospirillales; f__Rhodospirillaceae; g__; s__	0.7
26532f480b56f5c692d6cf6deb247b96	k__Bacteria; p__Acidobacteria; c__Solibacteres; o__Solibacterales; f__; g__; s__	1.0
4ce5ff27adeeb65148ff7a5d2821dc35	k__Bacteria; p__Proteobacteria; c__Gammaproteobacteria; o__Oceanospirillales; f__Halomonadaceae; g__Candidatus Portiera; s__	0.9
c6c127cea9bd3844e7223ca00af9cd1d	k__Bacteria; p__Planctomycetes; c__Planctomycetia; o__Gemmatales; f__Gemmataceae; g__Gemmata	1.0
5e9d1956988ab53f8971ad7ecaa9a665	k__Bacteria; p__Proteobacteria; c__Gammaproteobacteria; o__Legionellales; f__Coxiellaceae; g__; s__	0.6
608ed4003678bd4db05f1e9507947b8b	k__Bacteria; p__Proteobacteria; c__Gammaproteobacteria; o__Legionellales; f__; g__; s__	1.0
ca6b7aecdbefde5c45b01d1796ca07d6	k__Bacteria; p__Proteobacteria; c__TA18; o__CV90; f__; g__; s__	0.8
f087964b8f6c73cef3f23568589f669c	k__Bacteria; p__Bacteroidetes; c__Sphingobacteriia; o__Sphingobacteriales; f__; g__; s__	0.9
49d2ba900d3095dfbe54f30e332eea06	k__Bacteria; p__Proteobacteria; c__Betaproteobacteria; o__; f__; g__; s__	1.0
1a70ca420c288a1bf77f0a63f542bf27	k__Bacteria	1.0
d87001e6e6e5685e58a3652ff30155c2	k__Bacteria; p__Proteobacteria; c__Alphaproteobacteria; o__Rhizobiales; f__; g__; s__	1.0
343fcd053ad510f56fd997064309da70	k__Bacteria; p__Proteobacteria; c__Gammaproteobacteria; o__Methylococcales; f__Crenotrichaceae; g__Crenothrix; s__	0.9
0590aafe793d6b18e08b80985a1a9d87	k__Bacteria; p__Proteobacteria; c__TA18; o__CV90; f__; g__; s__	1.0
52ddba9df44988ee2bf959dedfcc6f60	k__Bacteria; p__Tenericutes; c__Mollicutes; o__Entomoplasmatales; f__; g__; s__	0.8
53f4bbdd8bffc742b1ff23e55bd7b66c	k__Bacteria; p__Bacteroidetes; c__Flavobacteriia; o__Flavobacteriales; f__Cryomorphaceae; g__Fluviicola; s__	1.0
3e6c538f9bf3d329a899a5d5ab575894	k__Bacteria; p__Proteobacteria; c__Betaproteobacteria	1.0
bc38dda51e6025f673c604f2f1e3a206	k__Bacteria; p__Proteobacteria; c__Alphaproteobacteria; o__Rhodobacterales; f__Rhodobacteraceae; g__; s__	1.0
ac1dccc9865d3f45c654a2e2e2318027	k__Bacteria; p__Acidobacteria; c__Solibacteres; o__Solibacterales; f__; g__; s__	1.0
5bd91fffde69da492d0d052140918cc7	k__Bacteria; p__Cyanobacteria; c__Chloroplast; o__Stramenopiles; f__; g__; s__	0.9
302d8e9fea1722dde2d23edd14f5b513	k__Bacteria; p__Proteobacteria; c__Alphaproteobacteria; o__Rhodobacterales; f__Rhodobacteraceae; g__Rhodobacter; s__	0.9
986821b2df9af33632b8e08a755feeeb	k__Bacteria; p__Proteobacteria; c__Alphaproteobacteria; o__Rickettsiales; f__; g__; s__	0.8
1fb0ee06817170617e1424354a46f7ee	k__Bacteria; p__OD1; c__ZB2; o__; f__; g__; s__	1.0
5f9691bac921049442140822523dece7	k__Bacteria; p__Chloroflexi; c__Chloroflexi; o__Chloroflexales; f__Chloroflexaceae	0.6
210abd5472b1d30205b33e9809935a98	k__Bacteria; p__Proteobacteria; c__Deltaproteobacteria; o__Spirobacillales; f__; g__; s__	1.0
ce815d2a153f994cada39ad10b4a7e6f	k__Bacteria; p__Cyanobacteria; c__Chloroplast; o__Chlorophyta; f__Trebouxiophyceae	0.6
7ef1d23dba0770d63a393d0b6d385743	k__Bacteria; p__Proteobacteria; c__Alphaproteobacteria; o__Caulobacterales; f__Caulobacteraceae; g__; s__	0.7
d2f7c1de7f2cbc4723e2d12f4b7fc0e0	k__Bacteria; p__Planctomycetes; c__Planctomycetia; o__Pirellulales; f__Pirellulaceae; g__; s__	1.0
0545e51fdb4557b5fd55128691433e96	k__Bacteria; p__Proteobacteria; c__Deltaproteobacteria; o__Spirobacillales; f__; g__; s__	0.7
4b5c15aa1f4132046b72030dbf65c8a2	Unassigned	0.0
13369b5ec4a1bff52bb86a2e5dfbae65	k__Bacteria; p__Bacteroidetes; c__[Saprospirae]; o__[Saprospirales]; f__Saprospiraceae; g__; s__	1.0
6c2415e872fa4cb10205abd1479f1a43	k__Bacteria; p__Proteobacteria; c__Gammaproteobacteria	1.0
ae85213ff8c429df9f41193721b109e7	k__Bacteria; p__Bacteroidetes; c__Bacteroidia; o__Bacteroidales; f__SB-1; g__; s__	1.0
65a0cb9018eaa15b940f833311c42870	k__Bacteria; p__Proteobacteria; c__Alphaproteobacteria; o__Caulobacterales; f__Caulobacteraceae; g__Asticcacaulis	0.8
aa3f3e243a337856969896c70c4538fb	k__Bacteria; p__OP3; c__koll11; o__; f__; g__; s__	1.0
d112676f3a6a0d92dfaae88fe3417e42	k__Bacteria; p__Planctomycetes; c__Planctomycetia; o__Pirellulales; f__Pirellulaceae; g__; s__	1.0
cb82ed9f015ccbbd9b62569d9bf233bf	k__Bacteria	1.0
a4327e77280270f11237f03e242250e5	Unassigned	0.0
2e937c124ddc3aa05b7b7fdfe922a9ef	k__Bacteria; p__Proteobacteria; c__Gammaproteobacteria; o__Thiotrichales; f__Piscirickettsiaceae; g__; s__	0.6
56d63bf764c1c68742d8f31caaea5bae	k__Bacteria; p__Proteobacteria; c__Deltaproteobacteria; o__Desulfarculales; f__Desulfarculaceae; g__; s__	1.0
5322986b98b1bec1842d5e4f717672fa	k__Bacteria; p__OD1	0.7
edde4e1f1657559b812f3974b4d0934a	k__Bacteria; p__Firmicutes; c__Clostridia; o__Clostridiales; f__Clostridiaceae; g__Clostridium; s__	0.8
9d1faaca69c3a834f75242a84e698b67	k__Bacteria; p__Proteobacteria; c__Deltaproteobacteria; o__GMD14H09; f__; g__; s__	0.9
43feba0460af59779fd0ea0cafa12696	k__Bacteria; p__Proteobacteria; c__Alphaproteobacteria; o__Rhodospirillales; f__Acetobacteraceae; g__; s__	0.9
ed07f3d91e506c635ec355313bbe70b9	k__Bacteria; p__Chloroflexi; c__Anaerolineae; o__Anaerolineales; f__Anaerolinaceae; g__; s__	0.8
63f05ba06fb6a74e99535f6fa2536d7c	k__Bacteria; p__Cyanobacteria; c__Synechococcophycideae; o__Synechococcales; f__Synechococcaceae; g__Synechococcus; s__	1.0
649e7d67f38afeae03b8b7a90be08db3	k__Bacteria; p__Proteobacteria; c__Epsilonproteobacteria; o__Campylobacterales; f__Campylobacteraceae; g__Sulfurospirillum; s__	1.0
e82c638c821c67b6226ccd4a4436add5	k__Bacteria; p__Proteobacteria; c__Deltaproteobacteria; o__Spirobacillales; f__; g__; s__	1.0
eb82903b7266c2c042313bb1bcf0a66c	k__Bacteria; p__Chlorobi; c__OPB56; o__; f__; g__; s__	1.0
b3db2d75f9f67f28a0f00878afd210ee	k__Bacteria; p__Bacteroidetes; c__Cytophagia; o__Cytophagales; f__[Amoebophilaceae]; g__SC3-56; s__	0.6
69efc8ed2f8bae9d4a40e877cd57549b	k__Bacteria; p__Proteobacteria; c__Betaproteobacteria; o__; f__; g__; s__	0.9
bc689eed9babd6d3a50563785da92472	k__Bacteria; p__Cyanobacteria; c__Chloroplast; o__Stramenopiles; f__; g__; s__	1.0
012d234c3e23b81f1b85187ad305ed5b	k__Bacteria; p__Actinobacteria; c__Actinobacteria; o__Actinomycetales; f__Microbacteriaceae; g__Candidatus Aquiluna; s__rubra	0.9
2f410530330016148de7de80f11f72b4	k__Bacteria; p__OD1	0.8
9a370a71efabd490cbc69cc3762e0c1c	k__Bacteria; p__Cyanobacteria; c__Chloroplast	1.0
cd277ccb1dbd1ec4bb4c842c4f8f14ba	k__Bacteria; p__Acidobacteria; c__RB25; o__; f__; g__; s__	1.0
0df1c892c8926ed6c04d4ccd34850753	k__Bacteria; p__Firmicutes; c__Clostridia; o__Clostridiales; f__[Acidaminobacteraceae]; g__Fusibacter; s__	0.6
73cd32cee4fa77310f0e13a03703a9b6	k__Bacteria; p__Proteobacteria; c__Gammaproteobacteria; o__Chromatiales; f__; g__; s__	0.8
2587511b7288b75aee01cdc8e220c7a8	k__Bacteria; p__GN02; c__BD1-5; o__; f__; g__; s__	0.6
5a675e40a6537953a823167c7f6a4b10	k__Bacteria; p__Proteobacteria; c__Betaproteobacteria	1.0
effb3d0575539367febd362d1f89c0b0	k__Bacteria; p__Proteobacteria; c__Alphaproteobacteria; o__Rhizobiales; f__; g__; s__	0.9
332101e762c9c014920603910dc33b4f	k__Bacteria; p__Proteobacteria; c__Gammaproteobacteria; o__Xanthomonadales; f__Sinobacteraceae; g__Nevskia; s__ramosa	0.9
7e7e924f9f8db393cc078aee62625e3a	k__Bacteria; p__Proteobacteria; c__Betaproteobacteria; o__Rhodocyclales; f__Rhodocyclaceae; g__; s__	0.8
73e5692f9e7b894ddf72eade7f622030	k__Bacteria; p__Proteobacteria; c__Gammaproteobacteria; o__Legionellales; f__Coxiellaceae; g__; s__	0.7
8a18545fa0d28ee8acba3a0f92e0668c	k__Bacteria; p__Proteobacteria; c__Alphaproteobacteria; o__; f__; g__; s__	1.0
4ff8235a6f5b9b5e89dde1d9c2c576cf	k__Bacteria; p__Proteobacteria; c__Alphaproteobacteria; o__Rickettsiales; f__mitochondria	1.0
6ad19ff2d34c1c1df1610a6d57ef7834	k__Bacteria; p__Bacteroidetes; c__[Saprospirae]; o__[Saprospirales]; f__Chitinophagaceae; g__; s__	0.7
3cf7d7cc09389317a1bee67bfe76f494	k__Bacteria; p__Proteobacteria; c__Alphaproteobacteria	1.0
4646929a36a7dc4c88876c5937f11a5f	k__Bacteria; p__Verrucomicrobia; c__Verrucomicrobiae; o__Verrucomicrobiales; f__Verrucomicrobiaceae; g__Prosthecobacter	1.0
76acfdf28bd2b9407db098ea7a58f69c	k__Bacteria; p__Proteobacteria; c__Alphaproteobacteria; o__Rhizobiales; f__; g__; s__	1.0
189f8739740427e310a9ae28fd29f790	k__Bacteria; p__Bacteroidetes; c__Flavobacteriia; o__Flavobacteriales; f__Cryomorphaceae; g__; s__	1.0
20149df5a8d76acd1db02dacb86ddb1a	k__Bacteria; p__Proteobacteria; c__Betaproteobacteria; o__Burkholderiales; f__Comamonadaceae	1.0
4f2ac357e9782a5070303e7ae2c33dae	k__Bacteria; p__Chlorobi; c__OPB56; o__; f__; g__; s__	1.0
6eeb458d38a65bf7a9004874a0c31b4e	k__Bacteria; p__Bacteroidetes; c__Flavobacteriia; o__Flavobacteriales; f__[Weeksellaceae]; g__Chryseobacterium; s__	1.0
b8c837e99c0ddd87e05df83e9fc11c77	k__Bacteria; p__Proteobacteria; c__Betaproteobacteria; o__; f__; g__; s__	1.0
75b21a51df18cb624aa50b052f9f0eb8	k__Archaea; p__[Parvarchaeota]; c__[Parvarchaea]; o__YLA114; f__; g__; s__	0.9
4c97472e17a41a692a2ed55727787a9c	k__Bacteria; p__Proteobacteria; c__Gammaproteobacteria; o__Legionellales; f__Coxiellaceae; g__Rickettsiella; s__	0.9
94e00dc3a09958ba12a925a52c01a0e0	k__Bacteria; p__Actinobacteria; c__Thermoleophilia; o__Gaiellales; f__; g__; s__	1.0
da0a74cd332944e2b885d8a8164b7f35	k__Bacteria; p__Cyanobacteria; c__Chloroplast; o__Cryptophyta; f__; g__; s__	1.0
19a27494bcea86cd1a5db588480eb70c	k__Bacteria; p__Proteobacteria; c__Gammaproteobacteria; o__Legionellales; f__Coxiellaceae; g__Rickettsiella; s__	1.0
920f420c9c3c3c3c35075d89065ba478	k__Bacteria; p__Proteobacteria; c__Gammaproteobacteria; o__Methylococcales; f__Crenotrichaceae; g__Crenothrix	1.0
df8a1ab68b4d4cae5ac37ecf665afd0b	k__Bacteria; p__Cyanobacteria; c__Synechococcophycideae; o__Pseudanabaenales; f__Pseudanabaenaceae; g__Leptolyngbya	0.6
d4bc427221a9b9dc8eac5eff91d3b45d	k__Bacteria; p__Bacteroidetes; c__Flavobacteriia; o__Flavobacteriales; f__Cryomorphaceae; g__Fluviicola; s__	1.0
0fc25f18a99d3b1e08de9f3bb6dace9d	k__Bacteria; p__Planctomycetes; c__Planctomycetia; o__Gemmatales; f__Isosphaeraceae; g__; s__	1.0
d1efc20befa71f99d2bf5facd45df09b	k__Bacteria; p__Cyanobacteria; c__Chloroplast; o__Stramenopiles; f__; g__; s__	1.0
5709dd499c11701e76f8388f12cc6770	k__Bacteria; p__Bacteroidetes; c__[Saprospirae]; o__[Saprospirales]; f__Chitinophagaceae; g__; s__	1.0
6af20d70ba57b5bb35e9589226485b15	k__Bacteria; p__Actinobacteria; c__Acidimicrobiia; o__Acidimicrobiales; f__JdFBGBact; g__; s__	1.0
13e92e1ba34c3ac4d20c9688f2c3b033	k__Bacteria	1.0
7ea1b70970b27c1f12685991d8c26698	k__Bacteria; p__Bacteroidetes; c__Cytophagia; o__Cytophagales; f__Cytophagaceae; g__Cytophaga; s__	0.7
9ac3d77a11d799942c73864967f3df81	k__Bacteria; p__Verrucomicrobia; c__[Spartobacteria]; o__[Chthoniobacterales]; f__[Chthoniobacteraceae]; g__DA101; s__	1.0
38f2a5b0965ea4486cb1b3cb67d400cc	k__Bacteria; p__Proteobacteria; c__Alphaproteobacteria; o__Rhodobacterales; f__Hyphomonadaceae; g__; s__	0.9
679c078dbbe754edac5eec04fff27aeb	k__Bacteria; p__Cyanobacteria; c__Chloroplast; o__Stramenopiles; f__; g__; s__	1.0
c5201e110e41177c4fbac1a76a0ea33f	k__Bacteria; p__Proteobacteria; c__Alphaproteobacteria; o__Rhodobacterales; f__Rhodobacteraceae; g__; s__	0.8
36dd50f620259f6673848c1a9b56402e	k__Bacteria; p__Proteobacteria; c__TA18; o__PHOS-HD29; f__; g__; s__	1.0
ad05848bee56dc226b94f17ea2cde841	k__Bacteria; p__Proteobacteria; c__Gammaproteobacteria; o__Xanthomonadales; f__Sinobacteraceae; g__; s__	1.0
9dd6607e09a4310a5be5ab2e4ffa14c5	k__Bacteria; p__WS3; c__PRR-12; o__GN03; f__; g__; s__	0.6
47a4f3269ba8fd5fdb53fa0720eb51b9	k__Bacteria; p__Proteobacteria; c__Betaproteobacteria; o__Burkholderiales; f__Comamonadaceae; g__Polaromonas; s__	0.8
7a997590a3e4a3ee1eb5784762bc84fd	k__Bacteria; p__Proteobacteria; c__Gammaproteobacteria; o__Methylococcales; f__Methylococcaceae	1.0
728d9b628a7b99fe3935fb3e65a04ec9	Unassigned	0.0
17d0015f86f695b0265ac00815a6f79c	k__Bacteria; p__Proteobacteria; c__Betaproteobacteria; o__Burkholderiales; f__Comamonadaceae; g__; s__	0.8
e92dc115c6c03631a867b4aea9f11ed9	k__Bacteria; p__Proteobacteria; c__Betaproteobacteria; o__Burkholderiales; f__Comamonadaceae; g__Hydrogenophaga; s__	0.8
d320603c09188f4fdc3d4e1b5648e51e	k__Bacteria; p__Bacteroidetes; c__[Saprospirae]; o__[Saprospirales]; f__Chitinophagaceae; g__; s__	1.0
593e7fe29ccc023e919dc7b1d9e5921c	k__Bacteria; p__Cyanobacteria; c__Chloroplast; o__Streptophyta; f__; g__; s__	1.0
ca5e0755c73d634b2da640f2705596e1	k__Bacteria; p__Proteobacteria; c__Gammaproteobacteria; o__Legionellales; f__Coxiellaceae; g__; s__	0.7
dc2976a8b7241e993e98edee4d0cb571	k__Bacteria; p__Proteobacteria; c__Deltaproteobacteria; o__Myxococcales; f__; g__; s__	1.0
9954b14125738118aecf6fa095a19548	k__Bacteria; p__Proteobacteria; c__TA18; o__CV90; f__; g__; s__	1.0
48cdec31d69a7176e2dedf218f262cdb	k__Bacteria; p__Proteobacteria; c__Alphaproteobacteria; o__Rickettsiales; f__; g__; s__	0.8
96a18af0952646fdaab863611548b23e	k__Bacteria; p__Proteobacteria	1.0
9f5cdc93786d3a41ac61a543ed7959b0	k__Bacteria; p__Proteobacteria; c__Deltaproteobacteria; o__Spirobacillales; f__; g__; s__	1.0
5bd52e8d090172cd715d5a08ff3fa4f2	Unassigned	0.0
e32b10f4ff351c78cefa63eddd5d4374	k__Bacteria; p__OD1; c__ZB2; o__; f__; g__; s__	1.0
3c2539350c6fd92440496740089159e8	k__Bacteria; p__Spirochaetes; c__Spirochaetes; o__Spirochaetales; f__Spirochaetaceae; g__Treponema; s__	1.0
a7ac586a16334c6c017e1191578b163a	k__Bacteria; p__Planctomycetes; c__Planctomycetia; o__Planctomycetales; f__Planctomycetaceae; g__Planctomyces; s__	1.0
15fa22195b37f2d05035714c4cbe66d5	k__Bacteria; p__Cyanobacteria	1.0
b7be57b7efb0ce6d08e00e286e96fb95	k__Bacteria; p__Cyanobacteria; c__Chloroplast; o__Chlorophyta; f__; g__; s__	1.0
990522551dc56b6f67a77ff56cc3fe19	k__Bacteria; p__Firmicutes; c__Clostridia; o__Clostridiales; f__Clostridiaceae; g__Clostridium; s__	1.0
f0430d57633f700ed9e252c190b66b4b	k__Bacteria; p__Bacteroidetes; c__[Saprospirae]; o__[Saprospirales]; f__Chitinophagaceae; g__Sediminibacterium; s__	1.0
11b857a25d418fecccb57be239335498	k__Bacteria; p__Chlorobi; c__Ignavibacteria; o__Ignavibacteriales; f__Ignavibacteriaceae; g__; s__	0.6
1926d17eb8da1518819fee14c0e0e4ea	k__Bacteria; p__Proteobacteria; c__Alphaproteobacteria	1.0
a720faf61b994014fa8505a7bb8af640	k__Bacteria; p__Planctomycetes; c__Planctomycetia; o__Gemmatales; f__Gemmataceae; g__Gemmata; s__	1.0
b80408bd204d322379c4269e9673a017	k__Bacteria; p__Proteobacteria; c__Alphaproteobacteria; o__Sphingomonadales; f__Erythrobacteraceae; g__; s__	0.6
bf8a10a0399a4a22be189076952f7877	k__Bacteria; p__Actinobacteria; c__Acidimicrobiia; o__Acidimicrobiales; f__; g__; s__	1.0
533f2c49713c434220a5e648a86a2fa0	k__Bacteria; p__Proteobacteria; c__Deltaproteobacteria; o__Myxococcales; f__Haliangiaceae; g__; s__	1.0
8c427f2181540422dc265f4f2d7e90db	k__Bacteria; p__Planctomycetes; c__Planctomycetia; o__Pirellulales; f__Pirellulaceae; g__; s__	1.0
c681b369269710c0a476ca55fdf50e6f	k__Bacteria; p__Bacteroidetes; c__Bacteroidia; o__Bacteroidales	0.75
0c647b72419563ad87b508f35b8359b6	k__Bacteria; p__Verrucomicrobia; c__[Spartobacteria]; o__[Chthoniobacterales]; f__[Chthoniobacteraceae]; g__Candidatus Xiphinematobacter; s__	1.0
e387a05e1ffd95fa1b09dfa00a4509f2	k__Bacteria; p__Cyanobacteria; c__Chloroplast; o__Streptophyta; f__; g__; s__	1.0
fb6422a6817b8f3f3251809562c818a6	k__Bacteria; p__Firmicutes; c__Bacilli; o__Bacillales; f__Planococcaceae; g__Lysinibacillus; s__boronitolerans	1.0
e7ae4b64a2e8c1a5b07e61cc4a567cc7	k__Bacteria; p__Proteobacteria; c__Alphaproteobacteria; o__Caulobacterales; f__Caulobacteraceae	0.6
81cbb681a0e091d0e501fbf20b33e7bb	k__Bacteria; p__Proteobacteria; c__Gammaproteobacteria	0.7
660b2c3a4fc9a7c368bf702014fc26a6	k__Bacteria; p__OD1; c__ZB2; o__; f__; g__; s__	1.0
a90b9d91f4406fc15acb3d7035c828de	k__Bacteria; p__Proteobacteria; c__Betaproteobacteria; o__Burkholderiales; f__Comamonadaceae; g__; s__	0.9
746a656e4ea79d804878274718242ef4	k__Bacteria; p__Cyanobacteria; c__Chloroplast; o__Stramenopiles; f__; g__; s__	1.0
921433f49c7d241175573705c38bc11a	Unassigned	0.0
2b5891b329bef7ff5b15a2a48f6f0d65	k__Bacteria; p__Proteobacteria; c__Alphaproteobacteria; o__; f__; g__; s__	1.0
654c07fc7fccf5649d50d0d60b925969	k__Bacteria; p__Proteobacteria; c__Betaproteobacteria; o__Rhodocyclales; f__Rhodocyclaceae; g__Dechloromonas; s__	0.8
2cfbc6f6ce99019b8a2e94a9ff1ebe81	k__Bacteria; p__Verrucomicrobia; c__Opitutae; o__Opitutales; f__Opitutaceae; g__; s__	0.7
d851d2f5f861c9818c75375d4059ac14	k__Bacteria; p__Bacteroidetes; c__Cytophagia; o__Cytophagales; f__Cytophagaceae; g__Leadbetterella; s__	1.0
c4b8470ed6772d96745d4cf891b9c70c	k__Bacteria; p__Proteobacteria; c__Alphaproteobacteria; o__Rhodospirillales; f__Rhodospirillaceae; g__; s__	0.8
c3148beab995b7dcee21527527428259	k__Bacteria; p__Proteobacteria; c__Betaproteobacteria	1.0
cb77e4c6396c63599635624889f260f8	k__Bacteria; p__Bacteroidetes; c__[Saprospirae]; o__[Saprospirales]; f__Saprospiraceae; g__; s__	1.0
01de6303da993018ce0917499b574b55	k__Bacteria; p__Bacteroidetes; c__Flavobacteriia; o__Flavobacteriales; f__Flavobacteriaceae; g__Flavobacterium; s__	1.0
10ab68dcd0514a7c7a6b33ecb5d0ca05	k__Bacteria; p__Proteobacteria; c__Alphaproteobacteria; o__Sphingomonadales; f__; g__; s__	0.8
f878ee4a6469d5f1fd575be3524fd4ca	k__Bacteria; p__Proteobacteria; c__Betaproteobacteria; o__Burkholderiales; f__Comamonadaceae; g__Leptothrix; s__	0.6
4dca354924f5364f86519243cef73fb6	k__Bacteria; p__Proteobacteria	1.0
99e367ec1ec2c78ae3a9a023938742ae	k__Bacteria; p__Bacteroidetes; c__Cytophagia; o__Cytophagales; f__Cyclobacteriaceae; g__; s__	0.9
e2161dd91321c4b550e905a44d951f65	k__Bacteria; p__Armatimonadetes; c__[Fimbriimonadia]; o__[Fimbriimonadales]; f__[Fimbriimonadaceae]; g__; s__	0.7
2256c7658a6f7b288742a88a761c6dc5	k__Bacteria; p__Bacteroidetes; c__[Saprospirae]; o__[Saprospirales]; f__Chitinophagaceae; g__; s__	1.0
1641d9da4f3fa7237f73686c2cc761cf	k__Bacteria; p__Proteobacteria; c__Deltaproteobacteria; o__Myxococcales; f__OM27; g__; s__	1.0
c015028cd0167b2024e37c4c8f20162f	k__Bacteria; p__Proteobacteria; c__Alphaproteobacteria	1.0
eb18bd21b60a067610d711535dfb2836	k__Bacteria; p__Proteobacteria; c__Alphaproteobacteria; o__Rhizobiales; f__Hyphomicrobiaceae; g__Hyphomicrobium; s__	1.0
4b2844f531f877b4576cfebc137d21f7	k__Bacteria; p__Verrucomicrobia; c__Verrucomicrobiae; o__Verrucomicrobiales; f__Verrucomicrobiaceae; g__Verrucomicrobium; s__	1.0
64ff98a2238282067e573d7f2bffbb66	k__Bacteria; p__Proteobacteria; c__Gammaproteobacteria; o__Pseudomonadales; f__Pseudomonadaceae; g__Pseudomonas; s__	1.0
e2b72b971e0057c06a5b8f128c2dbc82	k__Bacteria	1.0
1aa56cb3289bd6444ff89ad609397a38	k__Bacteria; p__Bacteroidetes; c__[Saprospirae]; o__[Saprospirales]; f__Chitinophagaceae; g__; s__	0.6
05b7129f9df0a4789cb3b586db47ea66	k__Bacteria; p__GN02; c__BD1-5; o__; f__; g__; s__	0.6
31d9297b83acc3714a15801eed395665	k__Bacteria; p__Bacteroidetes; c__Sphingobacteriia; o__Sphingobacteriales; f__; g__; s__	0.9
e129a249129e72faaea454743f844eb4	k__Bacteria; p__Chloroflexi; c__Anaerolineae; o__SBR1031; f__A4b; g__; s__	1.0
7868e1aefbb2c55efd387902108c642b	k__Bacteria; p__Proteobacteria; c__Deltaproteobacteria; o__; f__; g__; s__	0.9
21540968d78f1ed207243017863c3737	k__Bacteria; p__Cyanobacteria; c__Chloroplast; o__Streptophyta; f__; g__; s__	1.0
afae8f29f76ee2e0786e4766acdee896	k__Bacteria; p__Proteobacteria; c__Alphaproteobacteria; o__Sphingomonadales; f__Sphingomonadaceae; g__Novosphingobium; s__	0.9
94832301fd8b30666cf3615d57cd3811	k__Bacteria; p__Chlamydiae; c__Chlamydiia; o__Chlamydiales	0.8
be6cba73820e27cd157b9099dfd22d75	k__Bacteria; p__Proteobacteria; c__Alphaproteobacteria; o__; f__; g__; s__	0.6
dc7cf68804eac87cfb93361a41541311	k__Bacteria; p__Chlorobi; c__OPB56; o__; f__; g__; s__	1.0
a8a8a5ad40229534f5965d859dedcc57	k__Bacteria; p__Verrucomicrobia; c__Verrucomicrobiae; o__Verrucomicrobiales; f__Verrucomicrobiaceae; g__Prosthecobacter; s__	0.9
d9a4be022662f00689f2d5dce6ea815c	k__Bacteria; p__Firmicutes; c__Clostridia; o__Clostridiales; f__Clostridiaceae; g__Clostridium; s__	0.9
91f8f7ad409d398dae6ad6b9ae02a734	k__Bacteria; p__Proteobacteria; c__Deltaproteobacteria; o__MIZ46; f__; g__; s__	1.0
46054563f8fa4b99538b8d047b7f0de0	k__Bacteria; p__Cyanobacteria; c__Chloroplast	1.0
50fdc1a4d9395844c5aa4d57236979d0	k__Bacteria; p__Bacteroidetes; c__Flavobacteriia; o__Flavobacteriales; f__Flavobacteriaceae; g__Flavobacterium; s__	1.0
5fb5e485916d32e61659ef3fbbbbef4f	k__Bacteria; p__Planctomycetes; c__Planctomycetia; o__Pirellulales; f__Pirellulaceae; g__; s__	1.0
3bf0ba4c27c10e5b6b52681d63cb4fbb	k__Bacteria; p__Proteobacteria; c__Betaproteobacteria; o__Burkholderiales; f__Comamonadaceae; g__Hydrogenophaga; s__	0.7
c45ef99b17591a8dfc4acdf1250e04fb	k__Bacteria; p__Cyanobacteria; c__4C0d-2; o__YS2; f__; g__; s__	0.7
8a88e4e987a0f93784b5071c3a1cf6c9	k__Bacteria; p__Proteobacteria; c__Gammaproteobacteria; o__Legionellales; f__Legionellaceae; g__; s__	1.0
a497dcb6bb17b9531289c77b1e979c45	k__Bacteria; p__Verrucomicrobia; c__Opitutae; o__[Cerasicoccales]; f__[Cerasicoccaceae]; g__; s__	1.0
e5eb451ee2e26a782e08c0cb767876ee	k__Bacteria; p__Proteobacteria; c__Deltaproteobacteria; o__Spirobacillales; f__; g__; s__	1.0
12023c99f6023849ece9cef340ee9dbd	k__Bacteria; p__Proteobacteria; c__Alphaproteobacteria; o__Sphingomonadales; f__Sphingomonadaceae; g__; s__	0.9
9a5b27ebfdac5fe0422de07762b808dc	Unassigned	0.0
3d6d296218275774f42b5b3af56cdcc7	k__Bacteria; p__GN02; c__BD1-5; o__; f__; g__; s__	1.0
c3791cd5c319f521ef476c50a0e01a08	k__Bacteria; p__Bacteroidetes; c__Cytophagia; o__Cytophagales; f__Cytophagaceae; g__Cytophaga; s__	0.7
c780185aabbc10467f83000a2763db75	k__Bacteria; p__Proteobacteria; c__Deltaproteobacteria	1.0
cfe30d7ba324eda62f656600115d05dc	k__Bacteria; p__Proteobacteria; c__Deltaproteobacteria; o__Myxococcales; f__; g__; s__	1.0
afb29caf5c59531bbfc4e3607f698b71	k__Bacteria; p__Proteobacteria; c__Gammaproteobacteria	0.9
0bbf10d2da472dee3987e63e3fa25503	k__Bacteria; p__Bacteroidetes; c__Sphingobacteriia; o__Sphingobacteriales; f__; g__; s__	1.0
a7f608a5f41051fcd9b59e4b2462e027	k__Bacteria; p__Verrucomicrobia; c__Opitutae; o__[Cerasicoccales]; f__[Cerasicoccaceae]; g__; s__	1.0
185339655f390f62f71bda667627d562	k__Archaea; p__Euryarchaeota; c__Methanobacteria; o__Methanobacteriales	0.6
231c511082db86b877d6749ed79ebf94	k__Bacteria; p__Proteobacteria	0.8
ebf97848c66a1ad72ae9145157fe2a87	k__Bacteria; p__Cyanobacteria; c__Synechococcophycideae; o__Pseudanabaenales; f__Pseudanabaenaceae; g__Pseudanabaena; s__	1.0
550966cbf1f71494429cdd7c3e0ed04e	k__Bacteria; p__Proteobacteria; c__Betaproteobacteria; o__Burkholderiales; f__; g__; s__	0.7
62ca924f0d173b7ee38d5a05f2e826fe	k__Bacteria; p__Cyanobacteria; c__Synechococcophycideae; o__Pseudanabaenales; f__Pseudanabaenaceae; g__Pseudanabaena; s__	1.0
c61f69cb643765d9ba44856e28af07dd	k__Bacteria; p__Proteobacteria; c__Deltaproteobacteria; o__Bdellovibrionales; f__Bacteriovoracaceae; g__; s__	1.0
7d57546d771eaad5df053b3998f4871a	k__Bacteria; p__Proteobacteria; c__Alphaproteobacteria; o__Rhodobacterales; f__Hyphomonadaceae; g__; s__	0.9
c46aa4a3f0be27c8642a2d7a43848cc1	k__Bacteria; p__Proteobacteria; c__Deltaproteobacteria; o__Syntrophobacterales; f__Syntrophorhabdaceae; g__; s__	1.0
72226e382d8627c12e23e02b6b3d6977	k__Bacteria; p__Cyanobacteria; c__Chloroplast; o__Cryptophyta; f__; g__; s__	1.0
a3022ae90bb32f5f57653928bb7a3aeb	k__Bacteria; p__Cyanobacteria	1.0
b99f1fe119759ba924ae12699e56b1fc	k__Bacteria; p__Actinobacteria; c__Acidimicrobiia; o__Acidimicrobiales; f__; g__; s__	1.0
6a24e8d01e93f4d1b76e79e019ba4135	k__Bacteria; p__Cyanobacteria; c__Chloroplast; o__Stramenopiles; f__; g__; s__	1.0
9f7c576268f0048433b2e14295c10b16	k__Bacteria; p__Proteobacteria; c__Deltaproteobacteria; o__Myxococcales; f__; g__; s__	1.0
30c2beccfd794cc0b6561c0ccbbf56a4	k__Bacteria; p__Proteobacteria; c__Alphaproteobacteria; o__; f__; g__; s__	0.7
9e92362ae2575e9a2115d7dbf4ad1d1f	k__Bacteria; p__Bacteroidetes; c__Bacteroidia; o__Bacteroidales	1.0
6ebbedd25b6f4a884e93c00cdf723123	k__Bacteria; p__Bacteroidetes; c__Bacteroidia; o__Bacteroidales; f__; g__; s__	0.9
cd831a696c0532843b839ac08b2343d3	k__Bacteria; p__Proteobacteria; c__Betaproteobacteria; o__Methylophilales; f__Methylophilaceae; g__; s__	1.0
5d451f0a0314af03787f72fbbab34e2f	k__Bacteria; p__Firmicutes; c__Clostridia; o__Clostridiales; f__Ruminococcaceae; g__; s__	1.0
1dfd90d1a9772f4d2936e66f569be6df	k__Bacteria; p__Actinobacteria; c__Acidimicrobiia; o__Acidimicrobiales; f__JdFBGBact; g__; s__	1.0
e2671089ca76ecaddbadd4a9ea36599d	Unassigned	0.0
3ec053a404789e7bee4128cdc837cd3a	k__Bacteria; p__Bacteroidetes; c__Bacteroidia; o__Bacteroidales; f__; g__; s__	1.0
09b908ad02bd787c8faa8f22ce190f39	k__Bacteria; p__Proteobacteria; c__Deltaproteobacteria; o__Spirobacillales; f__; g__; s__	1.0
c2150258fcf0f83f6721608abcadd7ea	k__Bacteria; p__Proteobacteria; c__Gammaproteobacteria; o__Xanthomonadales; f__Sinobacteraceae; g__; s__	1.0
ddd8bf1d8206c03d7f2c630a9cb5fbb9	k__Bacteria; p__Proteobacteria; c__Deltaproteobacteria; o__Desulfuromonadales; f__Geobacteraceae; g__Geobacter; s__	1.0
3bc6cf8655e66baa848f46b7f862e318	k__Bacteria; p__Proteobacteria; c__Alphaproteobacteria; o__Rickettsiales; f__Rickettsiaceae; g__; s__	1.0
ccf2827bbbe8aea9ef218ac911c05905	k__Bacteria; p__Proteobacteria; c__Gammaproteobacteria; o__HOC36; f__; g__; s__	1.0
4f785e6f172e03c1e9873b761744df08	k__Bacteria; p__Proteobacteria; c__Betaproteobacteria	1.0
61c24b6e9a8e7133c913d9ea817adf98	k__Bacteria; p__Actinobacteria; c__Actinobacteria; o__Actinomycetales; f__Microbacteriaceae; g__; s__	0.6
3424b2ce211686b7ebd28a21e98971f4	k__Bacteria; p__Cyanobacteria; c__Chloroplast; o__Stramenopiles; f__; g__; s__	1.0
69f6f4f566fd9dcdb811c2f3095beb34	k__Bacteria; p__Proteobacteria; c__Deltaproteobacteria; o__Myxococcales; f__OM27; g__; s__	1.0
80d790a5178e13c1581c92d5e9c17ca8	k__Bacteria; p__Proteobacteria; c__Alphaproteobacteria; o__Rickettsiales; f__; g__; s__	1.0
997e65202fb60febb8d398396fda58b8	k__Bacteria; p__Proteobacteria; c__Alphaproteobacteria; o__Rickettsiales; f__mitochondria; g__; s__	1.0
b87f1955dd003c893ca7adef9b38eeba	k__Bacteria; p__Cyanobacteria; c__Chloroplast; o__Streptophyta; f__; g__; s__	0.8
65a2f1834c191f70c98c3d3f7fdab1a8	k__Bacteria; p__Bacteroidetes; c__Sphingobacteriia; o__Sphingobacteriales; f__; g__; s__	1.0
862f741a8e7a3a16bf9ce4d0326479e5	k__Bacteria; p__Actinobacteria; c__Actinobacteria; o__Actinomycetales; f__Mycobacteriaceae; g__Mycobacterium; s__	1.0
0152c7fa821ee9331b198a4f6123e43c	k__Bacteria; p__Actinobacteria; c__Actinobacteria; o__Actinomycetales; f__Mycobacteriaceae; g__Mycobacterium; s__	1.0
66d73b0795da2653d5d1accf472f5831	k__Bacteria; p__Planctomycetes; c__Planctomycetia; o__Gemmatales; f__Gemmataceae; g__; s__	1.0
cf3f1a7ebc5b044a384712cca49c4677	k__Bacteria; p__Proteobacteria; c__Alphaproteobacteria; o__Rickettsiales; f__Rickettsiaceae; g__; s__	0.9
8ae5f5723d7e4e9b5d7ea0c8253595cf	k__Bacteria; p__Bacteroidetes; c__Cytophagia; o__Cytophagales; f__Cytophagaceae; g__; s__	1.0
65d5ef27ec63904908d2d7c28a9a48b6	k__Bacteria; p__Bacteroidetes; c__[Saprospirae]; o__[Saprospirales]; f__Chitinophagaceae; g__Sediminibacterium; s__	1.0
540221205f4a256e722656e681af91c5	k__Bacteria; p__Cyanobacteria; c__4C0d-2; o__SM1D11; f__; g__; s__	1.0
16cc9b6036026c244d48787000602aa5	k__Bacteria; p__Planctomycetes; c__Planctomycetia; o__Pirellulales; f__Pirellulaceae; g__; s__	1.0
a7cf968f5452a3e2173914dce2afcae2	k__Bacteria; p__Proteobacteria; c__Epsilonproteobacteria; o__Campylobacterales; f__Helicobacteraceae; g__Sulfurimonas; s__	1.0
17a7e957e9d74b117ef58350e6038a84	k__Bacteria; p__Bacteroidetes; c__Flavobacteriia; o__Flavobacteriales; f__Cryomorphaceae; g__Fluviicola; s__	1.0
77abc47b6613fa55050b5f584e0735c8	k__Bacteria; p__Proteobacteria; c__Betaproteobacteria; o__Burkholderiales; f__Comamonadaceae; g__Hydrogenophaga; s__	1.0
c4302f0d2f745e7ab28f2f438cd6deb2	k__Bacteria; p__Planctomycetes; c__Planctomycetia; o__Gemmatales; f__Gemmataceae; g__; s__	0.7
ca4ae1b1ba1f9abd8d0098842a479ecb	k__Bacteria; p__Chlorobi; c__OPB56; o__; f__; g__; s__	1.0
39720a479133c07ccce111781bb43f50	k__Bacteria; p__Proteobacteria; c__Deltaproteobacteria; o__Bdellovibrionales; f__Bdellovibrionaceae; g__Bdellovibrio; s__	1.0
f1ef296c49f9cac8716db8178d9daafb	k__Bacteria; p__Proteobacteria; c__Deltaproteobacteria; o__Myxococcales; f__; g__; s__	1.0
697f360f3e6bb57c72ad335cba5955d5	k__Bacteria; p__Proteobacteria; c__Betaproteobacteria; o__Burkholderiales; f__Oxalobacteraceae; g__Polynucleobacter; s__cosmopolitanus	0.6
a5c01309f464d0de3a84ebe4de4227f6	k__Bacteria; p__Bacteroidetes; c__Sphingobacteriia; o__Sphingobacteriales; f__; g__; s__	1.0
9cd2c00a0d3690cfae53ff687b4300ff	k__Bacteria; p__Proteobacteria; c__Alphaproteobacteria	1.0
d2e0b6fa2d8af70c85842dd442a026f6	k__Bacteria; p__Proteobacteria; c__Alphaproteobacteria; o__Rickettsiales; f__; g__; s__	0.9
add96cf4897d21676104aec6e132c57d	k__Bacteria; p__Firmicutes; c__Clostridia; o__Clostridiales; f__Clostridiaceae; g__; s__	0.9
784b2b9e9a2a33d5c685a29e901e65aa	k__Bacteria; p__Proteobacteria; c__Betaproteobacteria; o__Burkholderiales; f__Comamonadaceae; g__; s__	0.9
ca41f33830e29c3e9c0ccf15161dde7f	k__Bacteria; p__OD1; c__ZB2; o__; f__; g__; s__	1.0
25cec05eb3cce3b75f57bd4c505a97b8	k__Bacteria; p__Proteobacteria; c__Gammaproteobacteria; o__Thiotrichales; f__Piscirickettsiaceae; g__; s__	0.6
f8ffc31c5f606e837db330bac6e9fc35	k__Bacteria; p__Proteobacteria; c__Gammaproteobacteria; o__Alteromonadales; f__OM60; g__; s__	0.7
ebb66220f85933d44f90116cba4a9ea7	k__Bacteria; p__Proteobacteria; c__Deltaproteobacteria; o__Spirobacillales; f__; g__; s__	1.0
0330f3375a0f66eff721ccaa45a55b16	k__Bacteria; p__Bacteroidetes; c__Flavobacteriia; o__Flavobacteriales; f__Flavobacteriaceae; g__Flavobacterium; s__	0.6
7c0b64c31ab6928b67c724f550ba9aca	k__Bacteria; p__Proteobacteria; c__Betaproteobacteria; o__Burkholderiales; f__Oxalobacteraceae; g__Polynucleobacter; s__	0.6
ad4e8030e08729b1c85817ef9534a852	k__Bacteria; p__Proteobacteria; c__Deltaproteobacteria; o__Myxococcales; f__OM27; g__; s__	1.0
00e6946a94d0ab950439e112618524f2	k__Bacteria	1.0
ea157ec4f08aa206ebf7f74a7833dc3e	Unassigned	0.0
7b638d6871f652ae6571570780456379	k__Bacteria; p__Proteobacteria; c__Alphaproteobacteria; o__Rhizobiales; f__Rhizobiaceae; g__Agrobacterium; s__	1.0
e5d3d35689879e3704be6a2c6a9193db	k__Bacteria; p__Proteobacteria; c__Deltaproteobacteria; o__; f__; g__; s__	0.7
d4bafe0d01c8b6ef8358575824978c06	k__Bacteria; p__Proteobacteria; c__Deltaproteobacteria; o__Bdellovibrionales; f__Bdellovibrionaceae; g__Bdellovibrio; s__bacteriovorus	0.8
10a688e35f267ad1b7b1a53d1e54ae15	k__Bacteria; p__Planctomycetes; c__Planctomycetia; o__Pirellulales; f__Pirellulaceae; g__; s__	0.6
edfa7a5be32ac5f8245a94928eb96ec3	k__Bacteria; p__Proteobacteria; c__Alphaproteobacteria; o__Rickettsiales; f__; g__; s__	0.6
f7f23b809dde2376604ba99a6de51e79	k__Bacteria; p__Proteobacteria; c__Deltaproteobacteria; o__; f__; g__; s__	0.7
59b8b257bfc957e48b0d6e2268c8f1db	k__Bacteria; p__Proteobacteria; c__Alphaproteobacteria; o__Rickettsiales; f__; g__; s__	0.6
3aaec964c817b7495b7f186e06a298d5	k__Bacteria; p__Chlamydiae; c__Chlamydiia; o__Chlamydiales	1.0
c2e2e99bd5307b3e5d264ae7c60be0a3	k__Bacteria; p__Planctomycetes; c__Planctomycetia; o__Pirellulales; f__Pirellulaceae; g__; s__	1.0
1fae42e9c70dd42fd53c13d71adacf92	k__Bacteria; p__Actinobacteria; c__Thermoleophilia; o__Gaiellales; f__; g__; s__	1.0
b52546ef0ea50374068077621dbf303f	k__Bacteria; p__Proteobacteria; c__Epsilonproteobacteria; o__Campylobacterales; f__Helicobacteraceae; g__Sulfuricurvum; s__kujiense	1.0
1279c8f75b19eb7c177af269afcfad0e	k__Bacteria; p__Bacteroidetes; c__Sphingobacteriia; o__Sphingobacteriales; f__Sphingobacteriaceae; g__Pedobacter; s__	1.0
4df05400945f15bced97ae6f1c9e32f0	k__Bacteria; p__Proteobacteria; c__Deltaproteobacteria; o__Myxococcales; f__OM27; g__; s__	0.8
ee80677c23b740e6d5db5a9bf79f35eb	k__Bacteria; p__Acidobacteria; c__Acidobacteriia; o__Acidobacteriales; f__Acidobacteriaceae; g__; s__	1.0
0a0a079726e84276f5c06f652028767a	k__Bacteria; p__Verrucomicrobia; c__Opitutae; o__Opitutales; f__Opitutaceae; g__Opitutus; s__	0.8
d60098bc5576f7a117d6513c6b03daed	k__Bacteria	1.0
943db2905c04db42f4ce78014ffe9379	k__Bacteria; p__Proteobacteria; c__Deltaproteobacteria; o__Myxococcales; f__OM27; g__; s__	1.0
c9770def1c098fe3d9e5b0e984742d3b	k__Bacteria; p__Proteobacteria; c__Deltaproteobacteria; o__Desulfobacterales; f__Desulfobacteraceae	0.7
92d68dc5316fa4920f234156e21d8f33	k__Bacteria; p__Proteobacteria; c__Gammaproteobacteria; o__Xanthomonadales; f__Xanthomonadaceae; g__; s__	0.8
6f5b81fc677833e3b3b8592fab4f096f	k__Bacteria; p__TM6	1.0
7fe30a7491aefcb66303ad899e1ebb3b	k__Bacteria; p__WPS-2; c__; o__; f__; g__; s__	1.0
f18364e43dfda04d1618749f9fa9bdbf	k__Bacteria; p__Proteobacteria; c__Alphaproteobacteria; o__Rhizobiales; f__; g__; s__	1.0
a603770fdacc590479ee6b618cda59e4	k__Bacteria; p__Firmicutes; c__Clostridia; o__Clostridiales; f__Clostridiaceae; g__; s__	0.9
376c65dbce97887e76e5b9fc5738afc8	k__Bacteria; p__Proteobacteria; c__Gammaproteobacteria; o__Thiotrichales; f__Thiotrichaceae; g__Thiothrix; s__	1.0
e74948dd3aec026ec45407fa9d05ada5	k__Bacteria; p__Proteobacteria; c__Deltaproteobacteria; o__Myxococcales; f__; g__; s__	1.0
610f6b4343bdcbc744bc6a22623a79ed	k__Bacteria; p__Proteobacteria; c__Gammaproteobacteria; o__Xanthomonadales; f__Xanthomonadaceae; g__Aquimonas; s__	0.6
9ad456e1da1c91542e8ae659c01eabf4	k__Bacteria; p__Verrucomicrobia; c__[Pedosphaerae]; o__[Pedosphaerales]; f__Ellin515; g__; s__	1.0
6a20d0aaf563570b4f3c43a5dec47dca	k__Bacteria	1.0
72622e5011e17594ab770d4718e76245	k__Bacteria; p__Planctomycetes; c__OM190; o__agg27; f__; g__; s__	1.0
64c92891141352663270e254ebedf805	k__Bacteria; p__Proteobacteria; c__Alphaproteobacteria; o__Rhizobiales; f__Rhizobiaceae; g__Rhizobium; s__	0.9
8a2113d31e751bdc34bae8cad192e4df	k__Bacteria; p__Bacteroidetes; c__Cytophagia; o__Cytophagales; f__Cytophagaceae; g__Leadbetterella; s__	1.0
0c6cec050f9f56da518a065a95b2f7b7	k__Bacteria; p__Proteobacteria; c__Betaproteobacteria; o__Burkholderiales; f__Comamonadaceae; g__; s__	0.6
741970dcdf7f3f9d51ebccdfae37d88f	k__Bacteria; p__Proteobacteria; c__Betaproteobacteria; o__Burkholderiales; f__Oxalobacteraceae; g__; s__	0.6
6c9d10554635ff5bb9073d7856dae61e	k__Bacteria; p__Proteobacteria; c__Deltaproteobacteria; o__Bdellovibrionales; f__Bacteriovoracaceae; g__; s__	0.8
1a2fc64dd1b9bc895484bf69ec39b1a0	k__Bacteria; p__Proteobacteria; c__Alphaproteobacteria; o__Rhodospirillales; f__Rhodospirillaceae; g__Azospirillum; s__	0.8
a215185a66f242e51a359d67ee987561	k__Bacteria; p__Firmicutes; c__Clostridia; o__Clostridiales; f__Clostridiaceae; g__Clostridium; s__perfringens	1.0
4b562d933fb04c5456b82300cf7281ff	Unassigned	0.0
dcffcf9c2fa656383a421a4183fb9097	k__Bacteria; p__Armatimonadetes; c__[Fimbriimonadia]; o__[Fimbriimonadales]; f__[Fimbriimonadaceae]	0.8
4d8740c577d98ab4ce28d1f5517b0568	k__Bacteria; p__Proteobacteria; c__Deltaproteobacteria; o__MIZ46; f__; g__; s__	1.0
9fb581f9d03cfccf5711d446fcc114d3	k__Bacteria; p__Chloroflexi; c__Anaerolineae; o__SBR1031; f__A4b; g__; s__	1.0
90f830444e24175bbf3f1cb0697a39e3	k__Bacteria; p__Proteobacteria; c__Alphaproteobacteria; o__Sphingomonadales; f__Sphingomonadaceae; g__Novosphingobium; s__	0.6
dad36f68832ace1811245773999ecf3d	k__Bacteria; p__Bacteroidetes; c__[Saprospirae]; o__[Saprospirales]; f__Saprospiraceae; g__; s__	1.0
92d4d9f5cb89049fbc1947b2e172c75f	k__Bacteria; p__Proteobacteria; c__Deltaproteobacteria; o__Desulfuromonadales; f__Geobacteraceae; g__Geobacter; s__	1.0
a98e2142a95dae4c019e3822f9529ce9	k__Bacteria; p__Proteobacteria; c__Gammaproteobacteria; o__Thiotrichales; f__Piscirickettsiaceae; g__; s__	0.7
cf2659e4619eb483322711a3ea9d2f48	k__Bacteria; p__Proteobacteria; c__Alphaproteobacteria; o__Rhodospirillales; f__Acetobacteraceae; g__; s__	0.9
66dc5733e607d75147b0fecbfa8a5565	k__Bacteria; p__Proteobacteria; c__Deltaproteobacteria; o__Myxococcales; f__; g__; s__	0.9
36f33bce9a43a77a5137a7aa319413aa	k__Bacteria; p__Proteobacteria; c__Alphaproteobacteria; o__Rickettsiales; f__mitochondria; g__Phytophthora	0.6
a1b28175d47f597ce4802e97d84e7de1	k__Bacteria; p__Cyanobacteria; c__Chloroplast; o__Stramenopiles; f__; g__; s__	1.0
8bd72ea22d25a2229a886bbff1f90b7e	k__Bacteria; p__Proteobacteria; c__Alphaproteobacteria; o__Rhodospirillales; f__Acetobacteraceae; g__; s__	0.8
bd1ae829dd19460f4241d62488306491	k__Bacteria; p__Bacteroidetes; c__Flavobacteriia; o__Flavobacteriales; f__[Weeksellaceae]; g__Cloacibacterium; s__	1.0
3a52117a63b9739f1a31b58ebf38a611	k__Bacteria; p__Cyanobacteria; c__Chloroplast; o__Streptophyta; f__; g__; s__	1.0
94df6873d1afcc8b48d21c7f8e5569b5	k__Bacteria; p__Proteobacteria; c__Alphaproteobacteria; o__Rickettsiales; f__; g__; s__	1.0
5ba517cefd45eb8ce09588df6df35744	k__Bacteria	1.0
3626dcc2b3c2a2d70478bd4286c0053b	k__Bacteria; p__Bacteroidetes	1.0
78e33c36aa98cf1c5ffb8f8ec78b35f5	k__Bacteria; p__Cyanobacteria; c__Chloroplast; o__Cryptophyta; f__; g__; s__	0.6
d11e28c00435370bfc116d35cb78869e	k__Bacteria; p__Proteobacteria; c__Alphaproteobacteria; o__Rhodospirillales; f__Rhodospirillaceae; g__; s__	1.0
01ac8273d841e5bfc626fc74275f6d09	k__Bacteria; p__Planctomycetes; c__Planctomycetia; o__Pirellulales; f__Pirellulaceae; g__; s__	1.0
c0f9da706aefa45a1d1967efb49c6d89	k__Bacteria; p__Proteobacteria; c__Betaproteobacteria; o__; f__; g__; s__	1.0
c4cad3bccd66911c401cecf88e07a383	k__Bacteria	1.0
bfd6945e25100fae5d4b19ca5bb652e9	k__Bacteria; p__Proteobacteria; c__Alphaproteobacteria; o__; f__; g__; s__	1.0
02956185d21063d979fd98e4213681e9	k__Bacteria; p__Proteobacteria; c__Gammaproteobacteria; o__Alteromonadales; f__HTCC2188; g__HTCC; s__	1.0
c2855b1aff756f3ce060fec33aafe66e	k__Bacteria; p__Proteobacteria; c__Alphaproteobacteria; o__Rickettsiales	0.7
c34eb15dd20ed20644792505966d36fb	k__Bacteria; p__Proteobacteria; c__Alphaproteobacteria; o__Sphingomonadales; f__Sphingomonadaceae; g__; s__	0.7
8bb9afad8fdf20eeae3e55a5084847ee	k__Bacteria; p__Proteobacteria; c__Betaproteobacteria; o__MWH-UniP1; f__; g__; s__	1.0
0e70c35636fb4c8b5f5416b3bd0598cf	k__Bacteria; p__Proteobacteria; c__Gammaproteobacteria; o__Enterobacteriales; f__Enterobacteriaceae	0.7272727272727273
9ffa701c411d54baff7b18ce2c5649a2	k__Bacteria; p__Bacteroidetes; c__[Saprospirae]; o__[Saprospirales]; f__Chitinophagaceae; g__; s__	0.9
95f50cf6974874ad351e024321d9847c	k__Bacteria; p__Bacteroidetes; c__[Saprospirae]; o__[Saprospirales]; f__Saprospiraceae; g__; s__	0.9
be0ab75eab9cbb846b6fa26754111993	k__Bacteria; p__Proteobacteria; c__Gammaproteobacteria; o__Alteromonadales; f__Alteromonadaceae; g__Cellvibrio; s__	1.0
e5e51a6b0c7aa510075e8fc2209caf3e	k__Bacteria; p__Verrucomicrobia; c__[Spartobacteria]; o__[Chthoniobacterales]; f__[Chthoniobacteraceae]; g__; s__	0.9
bfe0d1e985dc27b5b198d8822535d700	k__Bacteria; p__Proteobacteria; c__Alphaproteobacteria; o__Rickettsiales; f__Rickettsiaceae; g__; s__	0.9
d18c9ad5166fa57b980992d5dd6d0646	k__Bacteria; p__Proteobacteria; c__Gammaproteobacteria; o__Methylococcales; f__Methylococcaceae; g__Methylocaldum; s__	1.0
1a6201df025e2aa4c266650d5c3153c6	Unassigned	0.0
577cef360a20eb14f64c886419f0a19f	k__Bacteria; p__Proteobacteria; c__Betaproteobacteria; o__Burkholderiales; f__Comamonadaceae	0.9
c81f295fd9f885e123de6e1cffeeac6c	k__Bacteria; p__Bacteroidetes; c__Bacteroidia; o__Bacteroidales; f__S24-7; g__; s__	1.0
f1014b8c96390eaf4cde7055d25fc338	k__Bacteria; p__Proteobacteria; c__Deltaproteobacteria; o__Myxococcales; f__Myxococcaceae; g__; s__	1.0
8bf0becf2d676cc105ee1345bf9fd45c	k__Bacteria; p__Proteobacteria; c__Alphaproteobacteria; o__Sphingomonadales; f__Sphingomonadaceae; g__Sphingomonas; s__	1.0
f255aa2107ad9cfbbe0f3432ec54fadf	k__Bacteria; p__Proteobacteria	0.8
65e5658015d1cd7c769c88a346ac56d2	k__Bacteria; p__Planctomycetes; c__Planctomycetia; o__Pirellulales; f__Pirellulaceae; g__; s__	1.0
32b48c041eaca9d4d110c24da195c1da	k__Bacteria; p__Proteobacteria; c__Alphaproteobacteria; o__Sphingomonadales; f__Sphingomonadaceae; g__Sphingomonas; s__	0.9
0d447ecc3310a57329c1166f30dcec45	k__Bacteria; p__Proteobacteria; c__Alphaproteobacteria; o__Rhizobiales; f__; g__; s__	0.9
35b87ddccd8c87a1d789942d6b6664c2	Unassigned	0.0
b6a75e2b32f005c74606e7fe68d13a72	k__Bacteria; p__Planctomycetes; c__Planctomycetia; o__Pirellulales; f__Pirellulaceae; g__; s__	1.0
c99b644b1ddb2328514d1b6b589f5db4	k__Bacteria; p__Proteobacteria; c__Gammaproteobacteria; o__Alteromonadales; f__[Chromatiaceae]; g__Rheinheimera; s__	1.0
dd8bfb20f6c248f0d1c5440d816a0096	k__Bacteria; p__Proteobacteria; c__Alphaproteobacteria; o__Rhodobacterales; f__Hyphomonadaceae; g__; s__	0.9
0990eab2574d4a7df8728bf229125d96	k__Bacteria; p__Proteobacteria	0.8
ba179bec133e058510abcad03a3f1d18	Unassigned	0.0
9d004a10f988bf0aa6b269a2ed75a273	k__Bacteria; p__Proteobacteria; c__Gammaproteobacteria; o__Pseudomonadales; f__Moraxellaceae; g__; s__	0.9
3ee85e055810a63c913bd7c2268228bc	k__Bacteria; p__Bacteroidetes; c__[Saprospirae]; o__[Saprospirales]; f__Chitinophagaceae; g__; s__	1.0
0df05ca272e808d37a9b31d67b65fe93	k__Bacteria; p__Proteobacteria; c__Alphaproteobacteria; o__Rhizobiales; f__Rhizobiaceae	1.0
37483a63e9b9bf008478c1eff774fe35	k__Bacteria; p__OD1; c__ZB2; o__; f__; g__; s__	1.0
94645002edb86264c71c19136f2f6f66	k__Bacteria; p__Proteobacteria; c__Alphaproteobacteria; o__Rhizobiales; f__; g__; s__	1.0
76b00a39db0f57a9792da755f3b0cf77	k__Bacteria; p__Proteobacteria; c__Alphaproteobacteria; o__Rhodospirillales; f__Rhodospirillaceae; g__; s__	1.0
2807f57afbaacb5b8848c7c7966869d0	k__Bacteria; p__Bacteroidetes; c__Flavobacteriia; o__Flavobacteriales; f__[Weeksellaceae]; g__Chryseobacterium; s__	1.0
10a95a33be3806030104f967730a0076	k__Bacteria; p__Bacteroidetes; c__[Saprospirae]; o__[Saprospirales]; f__Chitinophagaceae; g__; s__	1.0
ce3f01a749ba6e3234090aaefc997782	k__Bacteria; p__Proteobacteria; c__Alphaproteobacteria; o__Rhizobiales	0.6
3f9faccd35b2f453b776aca40f66fc06	k__Bacteria; p__Proteobacteria; c__Deltaproteobacteria; o__Myxococcales; f__Myxococcaceae; g__Anaeromyxobacter; s__	1.0
29fdd8085d675bfafd1cdb07ea43759e	k__Bacteria; p__Proteobacteria; c__Alphaproteobacteria; o__; f__; g__; s__	1.0
2eafbfc9a0c4273ff74adef6ff3af42f	k__Bacteria; p__Actinobacteria; c__Acidimicrobiia; o__Acidimicrobiales; f__C111; g__; s__	1.0
e6a4573e6f2f6ce9561e91d15d1b9e90	k__Bacteria; p__Proteobacteria; c__Alphaproteobacteria; o__BD7-3; f__; g__; s__	1.0
d749589a1dc79cec2566f331ed07b388	Unassigned	0.0
cd8289a2d7bd86eda5b8044e97f84301	k__Bacteria; p__Cyanobacteria	0.75
346f3517c77f7c8f029885a27a75b383	k__Bacteria; p__Proteobacteria; c__Alphaproteobacteria; o__Rhodobacterales; f__Rhodobacteraceae; g__; s__	0.7
e9615a14cf0093f056f0c133546c4628	k__Bacteria; p__Bacteroidetes; c__Cytophagia; o__Cytophagales; f__Cytophagaceae; g__Runella; s__	1.0
f44639df4b942e23c69f2c9a752f8e82	k__Bacteria; p__Planctomycetes; c__Planctomycetia; o__Pirellulales; f__Pirellulaceae; g__; s__	1.0
fefc673b88e6ac4c1f8757893bc1620c	k__Bacteria; p__Proteobacteria; c__Gammaproteobacteria; o__Alteromonadales; f__Alteromonadaceae; g__Glaciecola; s__	0.6
1232644ec0750cb90c7e9703604662b6	k__Bacteria; p__Proteobacteria; c__Alphaproteobacteria; o__Rhizobiales; f__; g__; s__	1.0
c8064db7b47aa92f2f957fe56df8a053	k__Bacteria; p__Proteobacteria; c__Deltaproteobacteria; o__Myxococcales; f__0319-6G20; g__; s__	1.0
bb34920d98590e07d26936a059ab30bd	k__Bacteria; p__Proteobacteria; c__Betaproteobacteria; o__Burkholderiales; f__Burkholderiaceae; g__; s__	0.7
3651090e4af442dced3c7bc16d31b3d0	k__Bacteria; p__Bacteroidetes; c__[Saprospirae]; o__[Saprospirales]; f__Saprospiraceae; g__Haliscomenobacter; s__	1.0
b52048526e212aaf59bfa71ad48af3d5	k__Bacteria; p__Proteobacteria; c__Alphaproteobacteria; o__Rickettsiales; f__Rickettsiaceae; g__; s__	0.6
63b9ac178316bd03bb8753b6d7c59a16	k__Bacteria; p__Bacteroidetes; c__Flavobacteriia; o__Flavobacteriales; f__Cryomorphaceae; g__; s__	1.0
a467d2949fa186b75e5366aa934e30cd	k__Bacteria; p__Actinobacteria; c__Acidimicrobiia; o__Acidimicrobiales; f__C111; g__; s__	1.0
26ad5d066ad060600abdac3c426f1fb1	Unassigned	0.0
1b36c4d33dab6ae1c5aa194af56489e5	k__Bacteria; p__Proteobacteria; c__Alphaproteobacteria; o__Rhodospirillales; f__Acetobacteraceae; g__; s__	0.8
d6488444a14732da317f4fab96efa436	k__Bacteria; p__Firmicutes; c__Clostridia; o__Clostridiales; f__Ruminococcaceae; g__; s__	0.6
48359ca606720d944404eae0c9949a8e	k__Bacteria; p__Bacteroidetes; c__Cytophagia; o__Cytophagales; f__Cytophagaceae; g__Flectobacillus; s__	1.0
aee2b35e72b1a8c007dd85b73ad6ef7c	k__Bacteria; p__Proteobacteria; c__Alphaproteobacteria; o__Rickettsiales; f__Rickettsiaceae; g__; s__	0.6
b572d38c9883236e65ce6d3bb3adf8a5	k__Bacteria; p__Proteobacteria; c__Alphaproteobacteria; o__Rhizobiales; f__Hyphomicrobiaceae; g__; s__	0.7
bd6e812af0fa55c3311db8cd7e8bc88f	k__Bacteria; p__Proteobacteria	1.0
334e8ad051c30ca77ce763420a1c9f4a	k__Archaea; p__Euryarchaeota; c__Methanomicrobia; o__Methanosarcinales; f__Methanosaetaceae; g__Methanosaeta; s__	1.0
91ede3d1344b08124109736fedf9b912	k__Bacteria; p__Cyanobacteria; c__Chloroplast; o__Chlorophyta; f__Chlamydomonadaceae	0.6
b95c6bb3fbd67117aad71c68a73b1168	Unassigned	0.0
dea989f61f68a19d373447a492c50ece	k__Bacteria; p__Bacteroidetes; c__[Saprospirae]; o__[Saprospirales]; f__Saprospiraceae; g__; s__	1.0
82f90fb7f0c0803dd6bb619d4226d49c	k__Bacteria; p__Firmicutes; c__Clostridia; o__Clostridiales	0.6
f04bce68eaf6bc24e82189a57ed68799	k__Bacteria; p__Cyanobacteria; c__Chloroplast; o__Chlorophyta; f__Chlamydomonadaceae; g__; s__	0.7142857142857143
3f1badee6c55db81e3d164f32215b17d	k__Bacteria; p__Proteobacteria; c__Alphaproteobacteria; o__; f__; g__; s__	0.6
796ae419ad23fa080a568af818591d15	k__Bacteria; p__Firmicutes; c__Clostridia; o__Clostridiales; f__Ruminococcaceae; g__; s__	1.0
6e6020df0552bb104ccdbcb56335f893	k__Bacteria; p__Proteobacteria; c__Alphaproteobacteria; o__Rhizobiales; f__; g__; s__	1.0
8c3573c9fb0b30dcb56489df3d157613	k__Bacteria; p__Proteobacteria; c__Gammaproteobacteria; o__Xanthomonadales; f__Sinobacteraceae; g__; s__	1.0
aae230341507785a6708a8ad2b067ae7	k__Bacteria; p__Proteobacteria; c__Alphaproteobacteria; o__Rhizobiales; f__; g__; s__	0.6
17b30093856236413ecaa68fb59aaf17	k__Bacteria	1.0
105573cfbb0fec135f549d3fc4c7f7b5	k__Bacteria; p__Actinobacteria; c__Thermoleophilia; o__Gaiellales; f__Gaiellaceae; g__; s__	0.7
8fc9ecca43bc9206041ab94967c933b4	k__Bacteria; p__Proteobacteria; c__Alphaproteobacteria; o__Rhodobacterales; f__Rhodobacteraceae; g__Rhodobacter; s__	0.6
4d4e48e9543892d86016f407ff05251c	k__Bacteria; p__Bacteroidetes; c__Flavobacteriia; o__Flavobacteriales; f__Cryomorphaceae; g__Fluviicola; s__	1.0
8b5e822bf5db53200bb467010a5edca0	k__Bacteria; p__Bacteroidetes; c__Flavobacteriia; o__Flavobacteriales; f__Flavobacteriaceae; g__Flavobacterium; s__	0.8
1a2b240533faa255539f97c5e7a772c5	k__Archaea; p__Crenarchaeota	0.6
9b88ab0a1b8b60752dc9e4ea9b4d8e0f	k__Bacteria; p__Proteobacteria; c__Gammaproteobacteria; o__Legionellales; f__Coxiellaceae; g__; s__	0.6
fbba478b4ac06a4facc3ec3d61b44815	k__Bacteria; p__OD1; c__ZB2; o__; f__; g__; s__	1.0
308b016c278ce8529d98dec1b859c43b	k__Bacteria; p__Tenericutes; c__Mollicutes; o__RF39; f__; g__; s__	0.6
c8437d8d562bc0c6046628268c89ac93	k__Bacteria; p__Cyanobacteria; c__Chloroplast; o__Streptophyta; f__; g__; s__	1.0
1ba03c6b0de6b77304fd3eb7f614b079	k__Bacteria; p__Proteobacteria; c__Alphaproteobacteria; o__Rhodobacterales; f__Hyphomonadaceae; g__; s__	0.7
8f115f96830b93ca2e1a77a08aeb17c9	k__Bacteria; p__Proteobacteria; c__TA18; o__CV90; f__; g__; s__	1.0
3c4cb5a32d06e6b5ae24b4fdf1a32b1f	Unassigned	0.0
c1c380014221a59ea77b5f48e83d1f4f	k__Bacteria; p__Tenericutes; c__Mollicutes; o__; f__; g__; s__	1.0
8ea37f2ce203a02e3ed183ce4a3a58d1	k__Bacteria; p__Verrucomicrobia; c__Opitutae; o__Opitutales; f__Opitutaceae; g__Opitutus; s__	1.0
f66f110470589d7d22bb7e7ffc02f61b	k__Bacteria; p__Cyanobacteria; c__Chloroplast; o__Euglenozoa; f__; g__; s__	0.9
6aaf264f0be5694159549abcbb4fb2f3	k__Bacteria; p__Proteobacteria; c__Alphaproteobacteria; o__Rhizobiales; f__Phyllobacteriaceae	0.9
de237277259c0ceae8b43a3466b9030e	k__Bacteria; p__Proteobacteria; c__Deltaproteobacteria; o__Myxococcales; f__OM27; g__; s__	1.0
0dc4dcb0a21c0844afcb00af208b3ae2	k__Bacteria; p__Proteobacteria; c__Alphaproteobacteria; o__Rhizobiales; f__; g__; s__	1.0
6c36b95e61eedda2a7fabbbb0a47e7d3	k__Bacteria; p__Chlamydiae; c__Chlamydiia; o__Chlamydiales	0.7
c07f906b517b9f571d95e41a807c47a3	k__Bacteria; p__Proteobacteria; c__Betaproteobacteria; o__Burkholderiales; f__Comamonadaceae; g__; s__	0.7
4895d9fa6777bc11b1e47e0060f4c315	k__Bacteria; p__Bacteroidetes; c__Cytophagia; o__Cytophagales; f__[Amoebophilaceae]; g__; s__	0.7
9d092925f2b9875c15a9185020515034	k__Bacteria; p__Proteobacteria; c__Deltaproteobacteria; o__Spirobacillales; f__; g__; s__	0.7
a428373c73028202b5658fd5b1865181	k__Bacteria; p__Actinobacteria; c__Actinobacteria; o__Actinomycetales; f__Microbacteriaceae	1.0
6c14bf37e12beb08368d8ef2dc9f623d	k__Bacteria; p__Bacteroidetes; c__Cytophagia; o__Cytophagales	1.0
6837fbd7444bd07aac535085460baf0d	k__Bacteria; p__Proteobacteria; c__Gammaproteobacteria; o__Legionellales; f__Coxiellaceae; g__Aquicella; s__	1.0
c9e6fe175491ef7f6bc54256c6dab8e6	k__Bacteria; p__Proteobacteria; c__Deltaproteobacteria; o__Spirobacillales; f__; g__; s__	0.8
c8bb5e503d5d69e33cd85c8081289d00	k__Bacteria; p__Proteobacteria; c__Alphaproteobacteria; o__Rickettsiales; f__; g__; s__	1.0
e161cde06dcab6718fb7de9a6691d769	k__Bacteria; p__Proteobacteria; c__Alphaproteobacteria; o__Rickettsiales; f__Pelagibacteraceae; g__; s__	1.0
8b66076aff6d0b1e15a2f4d3401bfb4f	k__Bacteria; p__Bacteroidetes; c__Flavobacteriia; o__Flavobacteriales; f__Cryomorphaceae; g__; s__	1.0
f9a78254d66fe9383c758585618e6ba7	k__Bacteria; p__Proteobacteria; c__Alphaproteobacteria; o__; f__; g__; s__	0.8
b422a547eac2e3de82648d879a1ec48a	k__Bacteria; p__Proteobacteria; c__Deltaproteobacteria; o__Bdellovibrionales; f__Bdellovibrionaceae; g__Bdellovibrio; s__	1.0
66684d78d2f335cf2a1debee9c47d52c	k__Bacteria; p__Cyanobacteria; c__Oscillatoriophycideae; o__Oscillatoriales; f__Phormidiaceae	0.6
b50342477b638778ee1bbf06b17215c9	k__Bacteria; p__Bacteroidetes; c__[Saprospirae]; o__[Saprospirales]; f__Saprospiraceae; g__; s__	0.8
6c7db0a6e92696559f676f88357ca4fc	k__Bacteria; p__Proteobacteria; c__Alphaproteobacteria; o__Rhodobacterales; f__Hyphomonadaceae; g__; s__	0.9
6774e4561f844ee081eb5a80154f6fe3	k__Bacteria; p__Actinobacteria; c__Acidimicrobiia; o__Acidimicrobiales; f__Microthrixaceae; g__; s__	1.0
e12c0ed625c8a0ae396a15bc22db6fed	Unassigned	0.0
8936eb74d46834f809748fdc484e73b8	k__Bacteria; p__Bacteroidetes; c__Sphingobacteriia; o__Sphingobacteriales; f__; g__; s__	1.0
87591939c02fc1521c5f9a4976e9b7d6	k__Bacteria; p__Verrucomicrobia; c__Opitutae; o__Opitutales; f__Opitutaceae; g__Opitutus; s__	0.9
32c7a2935ee049d470d9bc81e567baad	k__Bacteria; p__Proteobacteria; c__Alphaproteobacteria; o__Rhodobacterales; f__Rhodobacteraceae; g__Rhodobacter; s__	0.7
2baf5680b1f828d9dca3d051b29ef735	k__Bacteria; p__Proteobacteria; c__Gammaproteobacteria; o__Alteromonadales; f__Alteromonadaceae; g__; s__	0.8
e80aef5ab8a297df955034733773bcab	k__Bacteria; p__Bacteroidetes; c__Cytophagia; o__Cytophagales; f__Cytophagaceae; g__; s__	0.7
6f2deec5fad0d395fef6a29f117e282c	k__Bacteria; p__Proteobacteria; c__Betaproteobacteria; o__Methylophilales; f__Methylophilaceae; g__; s__	0.8
59381e7e3e28f4a7c1c1d80c11f589c0	k__Bacteria; p__Actinobacteria; c__Actinobacteria; o__Actinomycetales; f__; g__; s__	1.0
e40f45bc2a597ec4954d2df32d1c9123	k__Bacteria; p__Proteobacteria; c__Alphaproteobacteria; o__Sphingomonadales; f__Sphingomonadaceae; g__; s__	0.7
07469763b8b1315a97a34c06ace1ee6b	Unassigned	0.0
5aadd9a22e3eecc72645ea965cd420f8	k__Bacteria; p__Proteobacteria; c__Alphaproteobacteria; o__Rhodospirillales; f__Acetobacteraceae; g__Roseococcus; s__	1.0
c53c25ad4ef7c5c10f9dede61ffcd5b6	k__Bacteria; p__Planctomycetes; c__OM190; o__CL500-15; f__; g__; s__	1.0
9b4380fa4939a339120fb21cc9eda4e2	k__Bacteria; p__Proteobacteria; c__Gammaproteobacteria	1.0
3995394a8e136a7c4fd04b76ed97ce16	k__Bacteria; p__Proteobacteria; c__Gammaproteobacteria; o__Alteromonadales; f__Alteromonadaceae; g__Cellvibrio; s__	1.0
f00f4b7b1c5f28253efd0afad9421ec4	k__Bacteria; p__Acidobacteria; c__Acidobacteria-6; o__iii1-15; f__mb2424; g__; s__	1.0
878b81fa241b72beea283f5406b57362	k__Bacteria; p__Proteobacteria; c__Gammaproteobacteria; o__Legionellales; f__Coxiellaceae; g__Aquicella; s__	1.0
95745aa4eaa48e2038a5193e37a3bc47	k__Bacteria; p__Proteobacteria; c__Gammaproteobacteria; o__Chromatiales; f__; g__; s__	0.8
aad0795c3f61cd8145f903639df522fd	k__Bacteria; p__Proteobacteria; c__Alphaproteobacteria; o__Rhizobiales; f__; g__; s__	1.0
01af733a09d7b0fd2c8c784266a3311b	k__Bacteria; p__Firmicutes; c__Bacilli; o__Bacillales; f__Staphylococcaceae; g__Staphylococcus	0.6
d1ed895750c1cd8aa2cb123c2cc537c9	k__Bacteria; p__Firmicutes; c__Clostridia; o__Clostridiales; f__Clostridiaceae; g__; s__	0.9
7071afa54e54dc7df717d4dd33006d7b	k__Bacteria; p__Proteobacteria; c__Alphaproteobacteria; o__Rhodobacterales; f__Rhodobacteraceae; g__Rhodobacter; s__	0.8
9cc2488b9f5ad55fa982b81aa1d56fb3	k__Bacteria; p__Proteobacteria; c__Betaproteobacteria; o__Methylophilales; f__Methylophilaceae; g__; s__	0.9
72ae8874395b341354a12e9dd39d562e	k__Bacteria; p__OD1; c__ZB2; o__; f__; g__; s__	0.6666666666666666
b7732e057b0711a49a6b7af2c5057be3	k__Bacteria; p__Actinobacteria; c__Actinobacteria; o__Actinomycetales; f__; g__; s__	1.0
744cc199b53cb243811612d45f0a395e	Unassigned	0.0
147a96c60c181e948dfd3420c58e30df	k__Bacteria; p__Chloroflexi; c__Anaerolineae; o__WCHB1-50; f__; g__; s__	1.0
6f6dbb5deb7d661ae7b679a946d5d645	k__Bacteria; p__Bacteroidetes; c__Cytophagia; o__Cytophagales; f__Cytophagaceae; g__; s__	0.9
022d1399264559f454276177d9da6aab	k__Bacteria; p__Actinobacteria; c__Actinobacteria; o__Actinomycetales; f__ACK-M1; g__; s__	1.0
fea45f7941d93b8a37624ba04bd6ae2c	k__Bacteria; p__Bacteroidetes; c__VC2_1_Bac22; o__; f__; g__; s__	0.7
e0b404b6873a9f895e88ef22f83c9c18	k__Bacteria; p__Proteobacteria; c__Alphaproteobacteria; o__Caulobacterales; f__Caulobacteraceae; g__Mycoplana; s__	0.6
8167219b20f798ad8af6d3d4da84b99a	k__Bacteria; p__TM6	0.7
1e6fc1d1a25b477ce59ed8988c738b3b	k__Bacteria; p__Proteobacteria; c__Alphaproteobacteria; o__Rhodobacterales; f__Rhodobacteraceae; g__Rhodobacter; s__	0.9
17ddb2249c471928c050c0fd9052c38c	k__Bacteria; p__Proteobacteria; c__Alphaproteobacteria; o__Rickettsiales; f__mitochondria; g__Phytophthora	0.6
119ec608835e983cfba2a7706de3a721	k__Bacteria; p__Proteobacteria; c__Alphaproteobacteria; o__Rhodobacterales; f__Rhodobacteraceae; g__; s__	0.7
8fdec2dc6b8d25267647b24305ad2d47	k__Bacteria; p__Bacteroidetes; c__Flavobacteriia; o__Flavobacteriales; f__Cryomorphaceae; g__; s__	1.0
90633e66afaca5de37231748578dbf1c	k__Bacteria; p__Proteobacteria; c__Gammaproteobacteria; o__Chromatiales; f__Chromatiaceae	1.0
27ee718fa7d6c3c6a5abbffcf425a594	k__Bacteria; p__Bacteroidetes; c__Sphingobacteriia; o__Sphingobacteriales; f__; g__; s__	1.0
b33fe25dc9bfe07fc9d445934a086f8b	k__Bacteria; p__Verrucomicrobia; c__Opitutae; o__Opitutales; f__Opitutaceae; g__Opitutus; s__	0.9
674fc0921d85d15d0ad46a2f0818747e	k__Bacteria; p__Proteobacteria; c__Alphaproteobacteria; o__Rhodobacterales; f__Rhodobacteraceae; g__; s__	0.9
359be09add864aab6e230ef716d21803	k__Bacteria; p__Proteobacteria; c__Deltaproteobacteria; o__Bdellovibrionales; f__Bdellovibrionaceae; g__Bdellovibrio; s__	1.0
527249e4c664cd3d0c57a68dc18b2575	k__Bacteria; p__Proteobacteria	1.0
daf48ed74d96f26323521cf10e46e79e	k__Bacteria; p__Gemmatimonadetes; c__Gemmatimonadetes; o__KD8-87; f__; g__; s__	1.0
18da8b82344db70d15c4a23a164e591e	k__Bacteria; p__Proteobacteria; c__Gammaproteobacteria; o__Legionellales; f__Coxiellaceae; g__Aquicella; s__	1.0
dc4229391d012e65e0ac7f5d263d5cc4	k__Bacteria; p__Proteobacteria; c__Alphaproteobacteria; o__Rickettsiales; f__; g__; s__	0.7
804d8ceece850d23acd225d4b814a2e7	k__Bacteria; p__Proteobacteria; c__Gammaproteobacteria; o__Chromatiales; f__; g__; s__	0.6
eb976a2971e80f4c43a5bddbd3eab492	k__Bacteria; p__Proteobacteria; c__Gammaproteobacteria; o__Methylococcales	1.0
a382d915b688233e34c7ab2ab5648a0c	k__Bacteria; p__Actinobacteria; c__Thermoleophilia; o__Solirubrobacterales; f__Patulibacteraceae; g__; s__	1.0
23d5155deddcc96c43ef2a5f3b55b103	k__Bacteria; p__Firmicutes; c__Bacilli; o__Bacillales; f__; g__; s__	1.0
32f14e5e18281893b2d43571fda7e255	k__Bacteria; p__ZB3; c__BS119; o__; f__; g__; s__	1.0
faf62d80ee9917b0ed5ddd998029c2ca	k__Bacteria; p__Planctomycetes; c__Planctomycetia; o__Pirellulales; f__Pirellulaceae; g__; s__	0.9
ec2f700421204a2812e63df1559a6d0d	k__Bacteria; p__Verrucomicrobia; c__Opitutae; o__Opitutales; f__Opitutaceae; g__Opitutus; s__	0.6
c8a114236d9d58d07ef69645da9f916c	k__Bacteria; p__Planctomycetes; c__Planctomycetia; o__Pirellulales; f__Pirellulaceae; g__; s__	1.0
a07c56016caffb5a437f227b4cfd25ce	k__Bacteria; p__Planctomycetes; c__Planctomycetia; o__Gemmatales; f__Isosphaeraceae; g__; s__	1.0
48a6ecc62a83c0c85ac32c84206ab8ad	k__Bacteria; p__Proteobacteria; c__Alphaproteobacteria; o__Rickettsiales; f__mitochondria	0.6
b74e460897788441c072e1ecd8870e70	Unassigned	0.0
bc9a4b2215083a8e04b8d3c2314a001c	k__Bacteria; p__Proteobacteria; c__Deltaproteobacteria; o__[Entotheonellales]; f__; g__; s__	1.0
521aa7f54e2dff9fed3daed7d0437981	k__Bacteria; p__Planctomycetes; c__Planctomycetia; o__Pirellulales; f__Pirellulaceae; g__; s__	1.0
e828b9005459f997f0a125ad325aa553	k__Bacteria; p__Planctomycetes; c__Planctomycetia; o__Planctomycetales; f__Planctomycetaceae; g__Planctomyces; s__	1.0
856d38c67f4c7628314299803ee52cfb	k__Bacteria; p__Firmicutes; c__Bacilli; o__Bacillales; f__Bacillaceae	1.0
6a633b154562d33ad0bfb01a5e2e1dcd	Unassigned	0.0
eb9b17c6fc2750820f1a1aef8dc24dfc	k__Bacteria; p__Bacteroidetes; c__Sphingobacteriia; o__Sphingobacteriales; f__; g__; s__	1.0
dc1bc728f637580d65f0cc7549ec5f80	k__Bacteria; p__Actinobacteria; c__Acidimicrobiia; o__Acidimicrobiales; f__C111; g__; s__	1.0
32f82c95435f4e398fd69b768541e554	k__Bacteria; p__Proteobacteria; c__Alphaproteobacteria; o__; f__; g__; s__	1.0
9d0119e9b099e79ab9179febd0e6f51d	k__Bacteria; p__Proteobacteria; c__Betaproteobacteria; o__Rhodocyclales; f__Rhodocyclaceae; g__Propionivibrio; s__	0.9
077f9d7b9c08dde81322cb7ce8cf78eb	k__Bacteria; p__Actinobacteria; c__Acidimicrobiia; o__Acidimicrobiales	1.0
46103deabaf70dddd02b3266b8152a0d	k__Bacteria; p__Verrucomicrobia; c__Opitutae; o__[Cerasicoccales]; f__[Cerasicoccaceae]; g__; s__	1.0
9c8ac04e4be2e784f32d30e7d306bf06	Unassigned	0.0
161a045dd45d0cba5f4854b4e6bc40cd	k__Bacteria; p__GN02; c__BD1-5; o__; f__; g__; s__	1.0
c8fe651d3cdac86dbed67787297335ca	k__Bacteria; p__Proteobacteria; c__Deltaproteobacteria; o__Myxococcales; f__; g__; s__	1.0
4e4a37f85b422ffa49385e4828b29906	k__Bacteria; p__Proteobacteria; c__Alphaproteobacteria; o__Rhodospirillales; f__Rhodospirillaceae	0.8
5c2ee0810462d7625ae75be14b0f70e3	k__Bacteria; p__Proteobacteria; c__Deltaproteobacteria; o__Syntrophobacterales; f__Syntrophaceae; g__; s__	1.0
511c7b99b54006e9019f7694c128b786	k__Bacteria; p__Cyanobacteria; c__Chloroplast; o__Stramenopiles; f__; g__; s__	1.0
abf154fe9ed9e7741491f50aa410c925	k__Bacteria; p__Proteobacteria; c__Deltaproteobacteria; o__Syntrophobacterales; f__Syntrophobacteraceae; g__Syntrophobacter; s__	1.0
099e39b1b0cafe1ed77f77d5d1a8f99f	k__Bacteria; p__Bacteroidetes; c__[Saprospirae]; o__[Saprospirales]; f__Chitinophagaceae; g__Sediminibacterium; s__	0.8
dfea6bc8f76dcee502d4089399d897cc	k__Bacteria; p__Bacteroidetes; c__Flavobacteriia; o__Flavobacteriales; f__Cryomorphaceae; g__Fluviicola; s__	1.0
6637017dacd61267086adcea11c3b981	k__Bacteria; p__Proteobacteria; c__Deltaproteobacteria; o__Desulfobacterales; f__Desulfobulbaceae; g__; s__	0.9
704947b4ff2a3ec266d1ddef5c8d42ec	k__Bacteria; p__Proteobacteria; c__Deltaproteobacteria; o__; f__; g__; s__	0.8
b3dd42ac5519d3107c53b553b30df2c8	k__Bacteria; p__Bacteroidetes; c__Cytophagia; o__Cytophagales; f__Cytophagaceae; g__Cytophaga; s__	1.0
88b1f68a69feb7da08a62bc5fd8601f5	k__Bacteria; p__Planctomycetes; c__Planctomycetia; o__Gemmatales; f__Gemmataceae; g__Gemmata; s__	1.0
f5e75c7e6affa944dd4ad751576a03a8	k__Bacteria; p__Verrucomicrobia; c__Verrucomicrobiae; o__Verrucomicrobiales; f__Verrucomicrobiaceae; g__Prosthecobacter; s__	0.6
beadb132a4230a40ef1668f85a437a85	k__Bacteria; p__Proteobacteria; c__Deltaproteobacteria; o__Myxococcales; f__OM27; g__; s__	1.0
c389db3ab3b21c3fcd73b38386c815a8	k__Bacteria; p__Planctomycetes; c__OM190; o__agg27; f__; g__; s__	1.0
09eefd5208c110451daf1006e4599d13	k__Bacteria; p__Verrucomicrobia; c__[Pedosphaerae]; o__[Pedosphaerales]; f__; g__; s__	1.0
1118ec1e2aad93c8b8f084c4dd3c22aa	k__Bacteria; p__Proteobacteria; c__Gammaproteobacteria; o__Methylococcales; f__; g__; s__	0.9
dc54e7e31303b11f4c8b7a00fce1f9a4	k__Bacteria; p__Bacteroidetes; c__Cytophagia; o__Cytophagales; f__Cytophagaceae; g__Rhodocytophaga; s__	0.6
7776a07c5dd85ecc9fd4a92827d5b318	k__Bacteria; p__Cyanobacteria; c__Chloroplast; o__Streptophyta; f__; g__; s__	1.0
4810fa7889693e8d9b64965ee8e1aed6	k__Bacteria; p__Proteobacteria; c__Betaproteobacteria; o__Methylophilales; f__Methylophilaceae	0.7
7fc0c49aa60f58ce430d31a2b06f7ba0	k__Bacteria; p__Proteobacteria; c__Deltaproteobacteria; o__Myxococcales; f__; g__; s__	0.6
28d51d22ded970817ab13191beda1bd3	k__Bacteria; p__Proteobacteria; c__Gammaproteobacteria; o__Alteromonadales; f__[Chromatiaceae]; g__Rheinheimera; s__	1.0
3746a86abdc8045bfaa920e42085c131	k__Bacteria; p__Proteobacteria; c__Betaproteobacteria; o__Burkholderiales; f__Comamonadaceae	0.9
30a016eb27067a09cae074008f6d3f94	k__Bacteria; p__Proteobacteria; c__Alphaproteobacteria; o__; f__; g__; s__	0.8
b3b4112c47fdc768ca6837747840173a	k__Bacteria; p__Proteobacteria; c__Gammaproteobacteria; o__Pseudomonadales; f__Pseudomonadaceae; g__Pseudomonas; s__	0.6
fad2694abf5819b2144e6b0999671e8f	k__Bacteria; p__Proteobacteria; c__Deltaproteobacteria; o__Myxococcales	1.0
a39b26d29a69f0cc726dec4cf21f0bb8	k__Bacteria	1.0
becdbca5bbf1493a309a933da958dc34	k__Bacteria; p__Cyanobacteria; c__Chloroplast; o__Stramenopiles; f__; g__; s__	1.0
89c4f99a1b61c85f0f9a6af5ebd3a9da	k__Bacteria; p__Proteobacteria; c__Betaproteobacteria; o__Burkholderiales; f__Comamonadaceae	1.0
1d0a0a5b928139507f81436990ade432	k__Bacteria; p__Proteobacteria; c__Alphaproteobacteria; o__Caulobacterales; f__Caulobacteraceae; g__; s__	0.8
29a53ee094c776cb74254ef1ce372e37	k__Bacteria; p__GN02; c__GKS2-174; o__; f__; g__; s__	1.0
82b32df3db673bd418d7eec79a757772	k__Bacteria; p__Proteobacteria; c__Betaproteobacteria; o__Burkholderiales; f__Comamonadaceae; g__Comamonas; s__	0.8
ab539057520236bde4d4cc680c6e8c76	k__Bacteria; p__Firmicutes; c__Clostridia; o__Clostridiales; f__Lachnospiraceae; g__; s__	0.9
116f06c50fe578ed389da914fe6f8cbe	k__Bacteria; p__Planctomycetes; c__Planctomycetia; o__Pirellulales; f__Pirellulaceae; g__; s__	0.9
4405ef984ef219b5ddce733a09ceb4b5	k__Bacteria; p__Actinobacteria; c__Actinobacteria; o__Actinomycetales; f__Microbacteriaceae; g__Cryocola; s__	1.0
0b1b055d017c32694138258c5e845429	k__Bacteria; p__Cyanobacteria; c__Chloroplast; o__Chlorophyta; f__; g__; s__	1.0
8a8493e1045bbaef76f46edf8c32c94d	k__Bacteria; p__Proteobacteria; c__Deltaproteobacteria; o__Spirobacillales; f__; g__; s__	1.0
117ccebf5eef86b150c627c5a27e6bf1	k__Bacteria; p__Acidobacteria; c__DA052; o__Ellin6513; f__; g__; s__	0.8
2432881a61ef86689efd17eac3515187	k__Bacteria; p__Chlamydiae; c__Chlamydiia; o__Chlamydiales	1.0
c89a97c149d5e3251e48111383014767	k__Bacteria; p__Actinobacteria; c__Thermoleophilia; o__Solirubrobacterales; f__; g__; s__	1.0
77444230c8f2855f2e4b32a04fe64267	k__Bacteria; p__Proteobacteria; c__Deltaproteobacteria; o__Desulfobacterales; f__Desulfobulbaceae	0.6
6b7d1ba3df2e3391232a310fc3a68569	k__Bacteria; p__OD1; c__; o__; f__; g__; s__	0.8
f1d16fd4420f980485cf021dc0106a20	Unassigned	0.0
3496765f67c31113458db1a56cfaa3dc	k__Bacteria; p__Proteobacteria; c__Alphaproteobacteria; o__Rhizobiales; f__Beijerinckiaceae; g__; s__	1.0
12429ec13b2b9a1cb401e70ac0ec23bc	k__Bacteria; p__OD1; c__; o__; f__; g__; s__	1.0
a406d8817ee24d32c980788b0a05f63e	k__Bacteria; p__Bacteroidetes; c__[Saprospirae]; o__[Saprospirales]; f__Saprospiraceae; g__; s__	1.0
469e5cf2562f25f91726e5cf02f82244	k__Bacteria; p__Bacteroidetes; c__Flavobacteriia; o__Flavobacteriales; f__Flavobacteriaceae; g__Flavobacterium; s__	0.9
08c5a1cad6698b9fe4ad8448e5fd2882	k__Bacteria; p__Proteobacteria; c__Alphaproteobacteria; o__Rhodobacterales; f__Rhodobacteraceae; g__; s__	0.6
346659311b51c56274b85533ade7fe71	Unassigned	0.0
d11e881e163575d9171ea122dc769ec1	k__Bacteria; p__Bacteroidetes; c__[Saprospirae]; o__[Saprospirales]; f__Saprospiraceae; g__Haliscomenobacter; s__	1.0
f36ca594cc1741e89c5af35247937acc	k__Bacteria; p__Verrucomicrobia; c__Verrucomicrobiae; o__Verrucomicrobiales; f__Verrucomicrobiaceae; g__; s__	1.0
c763f83abe69c8c414d8e47bc8aebaf5	k__Bacteria; p__Bacteroidetes; c__Flavobacteriia; o__Flavobacteriales; f__Cryomorphaceae; g__Fluviicola; s__	1.0
14a07a6eaed7224ff3eb732de89d17ba	k__Bacteria; p__Proteobacteria; c__Alphaproteobacteria; o__Sphingomonadales; f__Sphingomonadaceae; g__; s__	0.9
54f9638949a7ccca5993f4e4035567b3	k__Bacteria	1.0
064727b40fb89d69a9f0e97f29a736f8	k__Bacteria; p__Proteobacteria; c__Alphaproteobacteria; o__Sphingomonadales; f__Sphingomonadaceae; g__; s__	0.6
e2ea0deed7b48e087164b7d9faec5208	k__Bacteria; p__Proteobacteria; c__Betaproteobacteria; o__Burkholderiales; f__Comamonadaceae; g__; s__	0.6
29aa423d6d018ca1b6a4007cc730a745	k__Bacteria; p__Spirochaetes; c__[Leptospirae]; o__[Leptospirales]; f__Leptospiraceae; g__Leptospira; s__	1.0
f74c40fbbfc9563f9947212c4c751a91	k__Bacteria; p__OP3; c__BD4-9; o__; f__; g__; s__	1.0
beeb96e54a30c11cc58f72be42ec7a61	k__Bacteria; p__Proteobacteria; c__Deltaproteobacteria; o__Desulfobacterales; f__Desulfobacteraceae; g__; s__	1.0
b6c45e90c8f0f047a1ea40ac9dc62710	k__Bacteria; p__Proteobacteria; c__Gammaproteobacteria; o__Legionellales; f__Coxiellaceae; g__Aquicella; s__	1.0
5b71ececa9206fea4bf406cc91084706	k__Bacteria; p__Bacteroidetes; c__Bacteroidia; o__Bacteroidales; f__[Paraprevotellaceae]	0.8
0278100e64b30cde51e70dd265aa84bd	k__Bacteria; p__Elusimicrobia; c__Elusimicrobia; o__Elusimicrobiales; f__; g__; s__	1.0
329267408bb383f9269c6452ac155fea	k__Bacteria; p__Planctomycetes; c__Planctomycetia; o__Pirellulales; f__Pirellulaceae; g__; s__	1.0
c7c2afcd9943fd1963709b23b1f2e09c	k__Bacteria	1.0
1442cc9dd56c985a322481765cfa53d9	k__Bacteria; p__Proteobacteria; c__Deltaproteobacteria; o__Spirobacillales; f__; g__; s__	1.0
d4e285273eabd120cae70edd8f34ada9	k__Bacteria; p__Proteobacteria; c__Gammaproteobacteria; o__Chromatiales; f__Chromatiaceae; g__; s__	0.8
b820d019e36c59c27a6aafa883aaa99a	k__Bacteria; p__Firmicutes; c__Bacilli; o__Bacillales; f__Bacillaceae; g__Bacillus; s__cereus	0.7
f1dd40e421a6fc393c2cbb56de46b1e9	Unassigned	0.0
e3a14de1dc22ad1e01c548a41edc9f07	k__Bacteria; p__Lentisphaerae; c__[Lentisphaeria]; o__Victivallales; f__Victivallaceae; g__; s__	0.9
9fbf804e27153b0c0ff21490882def37	k__Bacteria; p__Cyanobacteria; c__Chloroplast; o__Stramenopiles; f__; g__; s__	1.0
9a13a9b51ad59be9100d68adc1c68ae4	k__Bacteria; p__Bacteroidetes; c__Cytophagia; o__Cytophagales; f__Cyclobacteriaceae; g__; s__	0.9
399ec07c3b5e348bf915c33d53f2a283	k__Bacteria; p__Actinobacteria; c__Actinobacteria; o__Actinomycetales; f__Corynebacteriaceae; g__Corynebacterium; s__	1.0
37ea57903f24c65a42392abaee1a1af8	k__Bacteria; p__Spirochaetes; c__[Leptospirae]; o__[Leptospirales]; f__Leptospiraceae; g__Leptospira; s__	1.0
f93c6a89db608bd9b39bd4b7bd032ca4	k__Bacteria; p__Proteobacteria; c__Alphaproteobacteria; o__Rickettsiales; f__; g__; s__	0.9
2af3f147f86dde5c35f31497bb5cf169	k__Bacteria; p__Cyanobacteria	1.0
e336112322289dcbf4759ce970603918	k__Bacteria	1.0
e1cff45d7779edf65e82c0234d44a881	k__Bacteria; p__Verrucomicrobia; c__Verrucomicrobiae; o__Verrucomicrobiales; f__Verrucomicrobiaceae; g__Prosthecobacter; s__debontii	0.8
04fb5d49e5b7a366bed9ee03d4ee4585	k__Bacteria; p__Proteobacteria; c__Gammaproteobacteria; o__Methylococcales; f__Methylococcaceae	0.8
be45872db954b4f5ed324118a2ecf931	k__Bacteria; p__Planctomycetes; c__Planctomycetia; o__Pirellulales; f__Pirellulaceae; g__; s__	1.0
e49900aca8946acb8ebbc5486fe2abec	k__Bacteria; p__Proteobacteria; c__Deltaproteobacteria; o__GMD14H09; f__; g__; s__	1.0
88520bd81b99d91d8bf6fc8ac8c9d101	k__Bacteria; p__Proteobacteria; c__Alphaproteobacteria; o__BD7-3; f__; g__; s__	1.0
a07342ace30afc3022337c8f1667e9c9	k__Bacteria; p__Proteobacteria; c__Deltaproteobacteria; o__Myxococcales	0.6
e3920008f84432bf0e9791da50854191	k__Bacteria; p__Cyanobacteria; c__ML635J-21; o__; f__; g__; s__	0.8
49adfecc57eeddb4b80d6e81741d1a82	k__Bacteria; p__Cyanobacteria; c__Chloroplast; o__Streptophyta; f__; g__; s__	1.0
92b5f3f301c7b13258610b4707b084ec	k__Bacteria; p__Bacteroidetes; c__Sphingobacteriia; o__Sphingobacteriales; f__; g__; s__	1.0
781113445265a341920ab35be88d415f	k__Bacteria; p__Cyanobacteria; c__Chloroplast; o__Stramenopiles; f__; g__; s__	1.0
ba4bab5e112f6fd6e1fe292086eed7ec	k__Bacteria; p__Bacteroidetes; c__Bacteroidia; o__Bacteroidales; f__; g__; s__	1.0
350e67f7c9d06750adccb55eadc069ab	k__Bacteria; p__Proteobacteria; c__Deltaproteobacteria; o__Desulfobacterales; f__Desulfobulbaceae; g__; s__	0.9
b22e022a4ed1dbf4088f7520111b56fd	k__Bacteria; p__Acidobacteria; c__Solibacteres; o__Solibacterales; f__; g__; s__	1.0
c11a2d5485d8d857006d261693bc1659	k__Bacteria; p__Bacteroidetes; c__Flavobacteriia; o__Flavobacteriales; f__Cryomorphaceae; g__; s__	1.0
04b5b5493b4e3a48a221b689ce6f68f4	k__Bacteria; p__Proteobacteria; c__Betaproteobacteria; o__Neisseriales; f__Neisseriaceae	0.6
0fa5d4a694d1032cf475861769840770	k__Bacteria; p__Proteobacteria; c__Betaproteobacteria; o__Neisseriales; f__Neisseriaceae; g__Deefgea; s__	0.8
c31b28cf1dec035ebf64462ed2798f90	k__Bacteria; p__Verrucomicrobia; c__[Pedosphaerae]; o__[Pedosphaerales]; f__R4-41B; g__; s__	0.6
b77467c7917f978afee0bab8a8290947	k__Bacteria; p__Proteobacteria; c__Alphaproteobacteria; o__; f__; g__; s__	1.0
0ac7fa598ee90e2b62cac6e28bfc2512	k__Bacteria; p__Proteobacteria; c__Alphaproteobacteria; o__Sphingomonadales; f__Sphingomonadaceae; g__Novosphingobium; s__	0.9
fa5a57571721ebcb21dec3019b676739	k__Bacteria; p__Proteobacteria; c__Gammaproteobacteria; o__Legionellales; f__Legionellaceae	1.0
005a769d067674a52394bd759a27fbca	k__Bacteria; p__Cyanobacteria; c__Chloroplast; o__Cryptophyta; f__; g__; s__	1.0
3693b65731fcb3750d124fbd8bc97ab6	k__Bacteria; p__Proteobacteria; c__Betaproteobacteria; o__Burkholderiales; f__Comamonadaceae; g__; s__	0.6
ca3b9a140e05f0df5171aa4c46e0b938	k__Bacteria; p__Planctomycetes; c__Planctomycetia; o__Pirellulales; f__Pirellulaceae; g__; s__	1.0
468fec366b6985075c7d5fdb89df8412	k__Bacteria; p__Firmicutes; c__Clostridia; o__Clostridiales; f__Veillonellaceae; g__Phascolarctobacterium; s__	1.0
b190258c2b17e2c86a8f6b415d685825	k__Bacteria; p__Chloroflexi; c__Chloroflexi; o__[Roseiflexales]; f__; g__; s__	0.7
d932192a924aece16d207fbedf7d2a91	k__Bacteria; p__Bacteroidetes; c__Flavobacteriia; o__Flavobacteriales; f__Flavobacteriaceae; g__Flavobacterium; s__	0.9
29520a3d85b21a1ea00badd1425e3c63	k__Bacteria; p__Proteobacteria; c__Gammaproteobacteria; o__Legionellales; f__Coxiellaceae; g__; s__	0.9
37652383b42c4bf609a0f2be2a068a3c	k__Bacteria; p__Planctomycetes; c__Planctomycetia; o__Pirellulales; f__Pirellulaceae; g__; s__	1.0
6ae5ce31328d20fd88a18feb5da8a63a	k__Bacteria; p__WPS-2; c__; o__; f__; g__; s__	1.0
113df10f33975b787138001b2141aae0	k__Bacteria; p__Proteobacteria; c__Alphaproteobacteria; o__BD7-3; f__; g__; s__	1.0
b9230d345ad47ebbc701ae7668c8a886	Unassigned	0.0
c5f3445fd1205bf72056e5bd40b19fcc	k__Bacteria; p__Firmicutes; c__Erysipelotrichi; o__Erysipelotrichales; f__Erysipelotrichaceae	0.7
3197a51c394aaef62a4311baeaf3c8cf	k__Bacteria; p__Planctomycetes; c__Planctomycetia; o__Pirellulales; f__Pirellulaceae; g__; s__	1.0
3abf162e3b2f5e275bed61d443c887b0	k__Bacteria; p__OD1; c__; o__; f__; g__; s__	1.0
cb1811746178315d0f8cb50aa0e5252a	k__Bacteria; p__Proteobacteria; c__Alphaproteobacteria	1.0
a9e01496ce6eb6515ab357e15496409e	k__Bacteria; p__Proteobacteria; c__Alphaproteobacteria; o__Rickettsiales; f__Rickettsiaceae; g__; s__	0.6
278c3fb4602f6576af56b44668c5c5a8	k__Bacteria; p__Chlorobi; c__OPB56; o__; f__; g__; s__	1.0
9997058ae90b9abb2ed0bcbdfc29ee75	k__Bacteria; p__Actinobacteria; c__Actinobacteria; o__Actinomycetales; f__Mycobacteriaceae; g__Mycobacterium; s__	1.0
dca1c7be6e629ec29db8caf25651e180	k__Bacteria; p__Proteobacteria; c__TA18; o__CV90; f__; g__; s__	1.0
dc542bafefebcd34a3837357ade89d97	k__Bacteria; p__Proteobacteria; c__Gammaproteobacteria	1.0
d95bc40aa6c29ca03838900ddbbe5d1c	k__Bacteria; p__Proteobacteria; c__Alphaproteobacteria; o__BD7-3; f__; g__; s__	1.0
4733e9cdb653e1e72603a107ccae6de2	k__Bacteria	1.0
f1fde3d35f8157346882e1c5c00efaed	k__Bacteria; p__Proteobacteria; c__Deltaproteobacteria; o__Myxococcales; f__; g__; s__	1.0
bc12f1c31c0d1a02ac6a25e42030d3b2	k__Bacteria; p__Proteobacteria; c__Betaproteobacteria; o__Procabacteriales; f__Procabacteriaceae; g__; s__	1.0
0dfb612325320c05ff79c2d664da6bca	k__Bacteria; p__Planctomycetes; c__Planctomycetia; o__Pirellulales; f__Pirellulaceae; g__; s__	1.0
c7e0707fd646fce40e91ca6af5548fd0	k__Bacteria; p__Proteobacteria; c__Alphaproteobacteria; o__Rickettsiales; f__; g__; s__	0.9
fd5da343b069d61476522ac801697da4	k__Bacteria; p__Proteobacteria; c__Deltaproteobacteria; o__Desulfarculales; f__Desulfarculaceae; g__; s__	0.9
2530214e0439ef67f0e0c1fe829de1be	k__Bacteria; p__Bacteroidetes; c__[Saprospirae]; o__[Saprospirales]; f__Chitinophagaceae; g__; s__	1.0
22416193c6e876c69578dab82805e26d	k__Bacteria; p__Proteobacteria; c__Betaproteobacteria; o__Burkholderiales	0.8
d81c7532c228e7a2ed25ae35c2486093	k__Bacteria; p__Cyanobacteria; c__Chloroplast; o__Stramenopiles; f__; g__; s__	1.0
9e440046d2bb61a46908ec562f054a57	k__Bacteria; p__Proteobacteria; c__Alphaproteobacteria; o__; f__; g__; s__	1.0
b53c66bf38075b09253e7b5eedf4ffaf	Unassigned	0.0
2a809c4d5e6ded6abf3907d77f66c407	k__Bacteria; p__Bacteroidetes; c__Cytophagia; o__Cytophagales; f__Cytophagaceae; g__Leadbetterella; s__	1.0
6f51169532c0b0178b189e884b19cdc2	k__Bacteria; p__Proteobacteria; c__Alphaproteobacteria; o__; f__; g__; s__	1.0
0056c3ccd4ee147fdb32272d44cd31d2	k__Bacteria; p__Firmicutes; c__Clostridia; o__Clostridiales; f__Clostridiaceae; g__Clostridium; s__	0.9
9112d14be774451b5955b97dfb02afa7	k__Bacteria; p__NC10; c__12-24; o__JH-WHS47; f__; g__; s__	0.9
f6fb3e7ed1fcec70f0962eb64be42f1d	k__Bacteria; p__Cyanobacteria	0.6
b831e10052fda3655db2378997f5e6ac	k__Bacteria; p__Proteobacteria; c__Alphaproteobacteria; o__Rickettsiales; f__; g__; s__	0.9
1bd18b09774dd32ba4f12c9e9bc006f8	k__Bacteria; p__Cyanobacteria; c__Chloroplast; o__Stramenopiles; f__; g__; s__	1.0
95a6e31276e8f33babb53b5769409e92	k__Bacteria; p__Bacteroidetes; c__BME43; o__; f__; g__; s__	1.0
95b7cddd150662f513002fd13cae77cc	k__Bacteria; p__OD1; c__ZB2; o__; f__; g__; s__	1.0
c6a64a1477c3f158a104471c3abbf66b	k__Bacteria; p__Proteobacteria; c__Betaproteobacteria; o__Rhodocyclales; f__Rhodocyclaceae; g__Dechloromonas; s__	0.8
b909e522a8ccac32e9b380f520f0d259	k__Bacteria; p__Proteobacteria; c__Alphaproteobacteria; o__Rhizobiales; f__Rhizobiaceae; g__Agrobacterium; s__	0.6
88378232eb97dc7bfa15ed23c4d5e0ce	k__Bacteria; p__Chlamydiae; c__Chlamydiia; o__Chlamydiales	1.0
8da4ca1a57b6bed6820e08dd80228464	k__Bacteria; p__Cyanobacteria; c__Synechococcophycideae; o__Synechococcales; f__Synechococcaceae; g__Synechococcus; s__	1.0
b47fbfc6c84b281150bfb0fc365e7b33	k__Bacteria; p__Bacteroidetes; c__Sphingobacteriia; o__Sphingobacteriales; f__; g__; s__	1.0
589238db018b053476fb6ee92d3684ac	k__Bacteria; p__Bacteroidetes; c__Cytophagia; o__Cytophagales; f__[Amoebophilaceae]; g__SC3-56; s__	0.6
5a5ba755f065a1e9241b6c74f18293d6	k__Bacteria; p__Proteobacteria; c__Alphaproteobacteria; o__Rhizobiales	0.6
96bcbdffe127fa8c4166e51b68f28c5b	k__Bacteria; p__Bacteroidetes; c__[Saprospirae]; o__[Saprospirales]; f__Chitinophagaceae; g__; s__	1.0
86c6b3f3f79090721a396b040a5d15c6	k__Bacteria; p__Proteobacteria; c__Alphaproteobacteria; o__Rickettsiales; f__; g__; s__	0.9
cf5a8133a39b40ad04e1421a2c332446	k__Bacteria; p__OP11; c__OP11-2; o__KD3-145; f__; g__; s__	0.6
50d51d83ebc392bd25f421911957324c	k__Bacteria; p__OD1; c__; o__; f__; g__; s__	0.9
b3ddefc35e277f5cd723232284b00b9f	k__Bacteria; p__Planctomycetes; c__Planctomycetia; o__Pirellulales; f__Pirellulaceae; g__; s__	1.0
a8c2f762ad4424cd9f8df736dad18014	k__Archaea; p__[Parvarchaeota]; c__[Parvarchaea]; o__WCHD3-30; f__; g__; s__	1.0
0437e829aa076fdd4d5e402a21785e79	k__Bacteria; p__Proteobacteria; c__Betaproteobacteria; o__Burkholderiales; f__Comamonadaceae; g__Methylibium; s__	0.6
04a9b16d67c44f11b7a87157a9fea36a	k__Bacteria	1.0
94cf41520aa263f5ea1bc351c6e62fc9	k__Bacteria; p__Bacteroidetes; c__Sphingobacteriia; o__Sphingobacteriales; f__Sphingobacteriaceae; g__Pedobacter; s__	0.6
3e5383c824d3adf128e8c7bffa065f9a	Unassigned	0.0
fe581201195d9ae85ede893d1c00e483	k__Bacteria; p__Proteobacteria; c__Gammaproteobacteria; o__Methylococcales; f__Methylococcaceae; g__Methylocaldum; s__	0.8
3ff504d9df01ad2dc014d5ba6dc60c41	k__Bacteria; p__Proteobacteria; c__Gammaproteobacteria; o__Methylococcales; f__Crenotrichaceae; g__Crenothrix; s__	1.0
21afa5404eac87f0ee0ab73bf98c1005	k__Bacteria; p__Verrucomicrobia; c__[Methylacidiphilae]; o__Methylacidiphilales; f__LD19; g__; s__	1.0
adc9b70454f7f34bc65ccd58009b0ec0	k__Bacteria; p__Proteobacteria; c__Betaproteobacteria; o__Burkholderiales; f__Alcaligenaceae; g__; s__	1.0
34e74f7970deeafc7fe9050652310a13	k__Bacteria; p__Planctomycetes; c__Planctomycetia; o__Gemmatales; f__Gemmataceae; g__Gemmata; s__	1.0
2f494bda137c6f0eb192d391c445d963	k__Bacteria; p__Chlamydiae; c__Chlamydiia; o__Chlamydiales; f__Parachlamydiaceae	0.9
0719f76990639f78862b10affd409c31	k__Bacteria; p__Actinobacteria; c__Acidimicrobiia; o__Acidimicrobiales; f__; g__; s__	0.9
d13f809c6dec42f4132a8ccaec475000	k__Bacteria; p__Proteobacteria; c__Deltaproteobacteria; o__Myxococcales; f__; g__; s__	0.9
0ab64f8f9050677085d0f1ef292740e2	k__Bacteria; p__Proteobacteria; c__Alphaproteobacteria; o__Sphingomonadales; f__Sphingomonadaceae; g__; s__	0.7
336f04cd0683d7e812e869ba4f565c79	k__Bacteria; p__GN02; c__GKS2-174; o__; f__; g__; s__	1.0
e1b66969dfc712e0213ba18accbacd31	k__Bacteria; p__Proteobacteria; c__Alphaproteobacteria; o__Sphingomonadales; f__; g__; s__	0.7
562adc1bd0d7aef1626967f71df492e5	k__Bacteria; p__Proteobacteria; c__Alphaproteobacteria; o__; f__; g__; s__	0.6
f22866ef2f3ddd7f6345013ce3c47a5a	k__Bacteria; p__Chloroflexi; c__Ellin6529; o__; f__; g__; s__	1.0
160d872e74d25e797cbcca5c1a8219fe	k__Bacteria; p__Proteobacteria; c__Betaproteobacteria; o__Ellin6067; f__; g__; s__	0.7
ab6786c9ec09eaf43a0876e24336f567	k__Bacteria; p__Cyanobacteria; c__4C0d-2; o__SM1D11; f__; g__; s__	1.0
8a961bdf1814782523d480fe8c6ce3ce	k__Bacteria; p__Proteobacteria; c__Alphaproteobacteria; o__; f__; g__; s__	0.6
5b2a9601ba749ad3edeb1677b12ad1c5	k__Bacteria; p__Cyanobacteria; c__Chloroplast; o__Stramenopiles; f__; g__; s__	1.0
7c07b628232757f92365da55bd2ba5b6	k__Bacteria; p__Cyanobacteria; c__Chloroplast; o__Chlorophyta; f__; g__; s__	1.0
0804518bedbc941fc46af3342c4c1691	k__Bacteria; p__Planctomycetes; c__Planctomycetia; o__Pirellulales; f__Pirellulaceae; g__; s__	1.0
6efbbf63de50d22804739aae46dff835	k__Bacteria; p__Proteobacteria; c__Alphaproteobacteria; o__Sphingomonadales; f__Sphingomonadaceae; g__Kaistobacter; s__	1.0
45c1165c4d033805429b793b6d34ba36	k__Bacteria; p__Proteobacteria; c__Gammaproteobacteria; o__Legionellales; f__Coxiellaceae; g__Aquicella; s__	1.0
1da421723e8022470ea236db9cad4dd5	Unassigned	0.0
8ec5502d02b8249eb71f0cf9ce24e8e3	k__Bacteria; p__Proteobacteria; c__Alphaproteobacteria; o__Rhodospirillales; f__Rhodospirillaceae; g__Azospirillum; s__	0.6
17d023437407c9d7defb693c9eacc08a	k__Bacteria; p__Bacteroidetes; c__[Saprospirae]; o__[Saprospirales]; f__Chitinophagaceae; g__; s__	1.0
6186707032ac1a4d939447008bbf6cfc	k__Bacteria	1.0
2b1d2ec10328e4215efb7a39da2d8b5f	k__Bacteria; p__Proteobacteria; c__Alphaproteobacteria; o__; f__; g__; s__	1.0
2160ed724c633da0425eb442aa7230f4	k__Bacteria; p__Proteobacteria; c__Alphaproteobacteria; o__Sphingomonadales; f__Sphingomonadaceae; g__; s__	0.7
0ce6174e7a2b9db0f10baec6a89d8640	k__Bacteria; p__Proteobacteria; c__Alphaproteobacteria; o__Rhodospirillales; f__Rhodospirillaceae; g__; s__	1.0
39df929b877145bf63a337eaeb5fe002	Unassigned	0.0
13d7594b687396678bc20eeb39e16b83	k__Bacteria; p__Proteobacteria; c__Deltaproteobacteria; o__Bdellovibrionales; f__Bacteriovoracaceae; g__; s__	0.9
3f1a30e15ed27f9c4850a2d04caa2869	k__Bacteria; p__Proteobacteria; c__Alphaproteobacteria; o__Rickettsiales; f__; g__; s__	0.9
eebc8f54fb97282d6f36ae6ff027d6da	k__Bacteria; p__Bacteroidetes; c__Cytophagia; o__Cytophagales; f__Cytophagaceae; g__; s__	1.0
b973d0186adbe4b317ba15effad126d0	k__Bacteria; p__TM6	1.0
a86fffa4845e1c3deb78906544799799	k__Bacteria; p__Bacteroidetes; c__[Saprospirae]; o__[Saprospirales]; f__Saprospiraceae; g__; s__	1.0
60ff8e9f64fd62190b2455641a4c0b2d	k__Bacteria; p__Cyanobacteria; c__Chloroplast; o__Streptophyta; f__; g__; s__	1.0
ddeca00acaedd217f6b12fbdbe52bf19	k__Bacteria; p__Firmicutes; c__Clostridia; o__Clostridiales; f__; g__; s__	1.0
1927163a7f8d5cd3832247479d366322	k__Bacteria; p__Gemmatimonadetes; c__Gemmatimonadetes	1.0
4bc91bb0ec9ef30dbbc241aa172aae04	k__Archaea; p__Euryarchaeota; c__Methanomicrobia; o__NRA6; f__; g__; s__	0.75
79d6dc43f857d6011f2daf414bd76fd5	k__Bacteria; p__Bacteroidetes; c__[Saprospirae]; o__[Saprospirales]	0.8
d7e3836e304b9063eac6b195e6b37150	k__Bacteria; p__Bacteroidetes; c__Sphingobacteriia; o__Sphingobacteriales; f__Sphingobacteriaceae; g__; s__	0.9
a9827e1c3751adb22745b910cebf5ac7	k__Bacteria; p__Proteobacteria; c__Betaproteobacteria; o__Burkholderiales; f__Comamonadaceae	1.0
09952d648f04fcfff996e730e6f5a33c	k__Bacteria; p__Proteobacteria; c__Alphaproteobacteria; o__Caulobacterales; f__Caulobacteraceae; g__Asticcacaulis	0.9
404b3ad4ae7c4fddb9d2ded858cda2ba	k__Bacteria; p__Bacteroidetes; c__[Saprospirae]; o__[Saprospirales]; f__Chitinophagaceae	1.0
5af80d18d6f2ec24581f6bffde2c251c	k__Bacteria; p__Verrucomicrobia; c__Opitutae; o__Opitutales; f__Opitutaceae	1.0
2d0325c3595bd886d02d42ffd3f8fcba	k__Bacteria; p__Proteobacteria; c__Betaproteobacteria; o__Rhodocyclales; f__Rhodocyclaceae; g__Sulfuritalea; s__	0.9
13bc68e423bf9f2583fa6b35f8082830	k__Bacteria; p__Planctomycetes; c__Planctomycetia; o__Pirellulales; f__Pirellulaceae; g__; s__	0.6
4617c7a4648d666d8be803f3920079a3	k__Bacteria; p__Proteobacteria; c__Alphaproteobacteria; o__Rhizobiales; f__Rhizobiaceae; g__Rhizobium; s__	0.6
f3c430984b4c2cee05f895a693d52b99	k__Bacteria; p__Verrucomicrobia; c__[Pedosphaerae]; o__[Pedosphaerales]; f__; g__; s__	1.0
5c0001570857f7b1ce1d66778af49f6a	k__Bacteria; p__Proteobacteria; c__Gammaproteobacteria; o__Legionellales; f__Legionellaceae; g__; s__	0.6
06dd8f90783862702ab0a405d481de54	k__Bacteria; p__Proteobacteria; c__Alphaproteobacteria; o__Rhodobacterales; f__Hyphomonadaceae; g__; s__	0.8
cb84269273b5afd06869a92340297d71	k__Bacteria; p__Proteobacteria; c__Deltaproteobacteria; o__NB1-j; f__JTB38; g__; s__	0.6
ac1de6eaf91676e4587c918d42ec8e5c	k__Bacteria; p__GN02; c__3BR-5F; o__; f__; g__; s__	0.6666666666666666
4f9f439b2427347c00f1c8f2876b91b0	k__Bacteria; p__Proteobacteria; c__Alphaproteobacteria; o__Ellin329; f__; g__; s__	1.0
9e3bc4d6931ba74ff3fc23034899c172	k__Bacteria; p__Proteobacteria; c__Alphaproteobacteria; o__Rhodobacterales; f__Rhodobacteraceae; g__; s__	1.0
60a120916fa722a84f1a3bda11721f7b	k__Bacteria; p__Cyanobacteria; c__Chloroplast; o__Stramenopiles; f__; g__; s__	1.0
202c79811b18f8285e3c5245e13707e5	k__Bacteria; p__Proteobacteria; c__Deltaproteobacteria; o__; f__; g__; s__	0.7
9075dadfaa08044faa98b148a61a6fea	k__Bacteria; p__Proteobacteria; c__Betaproteobacteria; o__Burkholderiales; f__Oxalobacteraceae; g__Polynucleobacter; s__cosmopolitanus	0.7
85ae455b9091824d9a3e41e00ec13e99	k__Bacteria; p__Planctomycetes; c__Planctomycetia; o__Pirellulales; f__Pirellulaceae; g__; s__	1.0
20332fa864f385a52730fb687027ad83	k__Bacteria; p__Proteobacteria; c__Alphaproteobacteria; o__Caulobacterales; f__Caulobacteraceae; g__Asticcacaulis	0.9
cd7688f1eae0da7135e015693fd684ef	k__Bacteria; p__Proteobacteria; c__Gammaproteobacteria; o__Methylococcales; f__Crenotrichaceae; g__Crenothrix; s__	0.8
4c8bdc695c9115c8ef7aa8f215d3cf05	k__Bacteria; p__Bacteroidetes; c__Flavobacteriia; o__Flavobacteriales; f__Cryomorphaceae; g__; s__	1.0
cac3f94861943685726f8218bf50f6be	k__Bacteria; p__Proteobacteria; c__Gammaproteobacteria; o__Chromatiales; f__Chromatiaceae; g__; s__	0.7
f27b845f6dc6c7c1bdd3e1ef22b065de	k__Bacteria; p__Proteobacteria; c__Deltaproteobacteria; o__NKB15; f__; g__; s__	1.0
23e1caac138ce17dc20129662f0da166	k__Bacteria; p__Verrucomicrobia; c__Verrucomicrobiae; o__Verrucomicrobiales; f__Verrucomicrobiaceae; g__; s__	0.7
3c146da9287b4de58ecda14b46b2db1c	k__Bacteria; p__Proteobacteria; c__Alphaproteobacteria; o__Rhodobacterales; f__Rhodobacteraceae; g__; s__	0.9
1a86e9e79b9ddf809633e794f0f96895	k__Bacteria; p__Proteobacteria; c__Betaproteobacteria; o__Rhodocyclales; f__Rhodocyclaceae	0.7
b5bae2ba5503ad477a609d35128b2adb	k__Bacteria; p__Acidobacteria; c__Acidobacteria-6; o__iii1-15; f__; g__; s__	1.0
8540c9441f02bbbfa50cba8f1f18c38c	k__Bacteria; p__Bacteroidetes; c__Sphingobacteriia; o__Sphingobacteriales; f__; g__; s__	1.0
f565ff9ee5e1601d7818225d1b55cb89	k__Bacteria; p__OD1; c__ABY1; o__; f__; g__; s__	0.7
a7c2970146d3569f8e0d0692db74af03	k__Bacteria; p__Proteobacteria; c__Alphaproteobacteria; o__Rhizobiales	0.6
bde92f434d89617e10b72c636df13948	k__Bacteria; p__Proteobacteria; c__Deltaproteobacteria; o__Desulfobacterales; f__Desulfobulbaceae; g__; s__	0.7
02a951045ce1e69e26fce66001c215ce	k__Bacteria; p__Bacteroidetes; c__Sphingobacteriia; o__Sphingobacteriales; f__; g__; s__	1.0
3fc29d50eed81ccc5b4da0be420ce0de	k__Bacteria; p__Proteobacteria; c__Alphaproteobacteria; o__Rhodospirillales; f__Acetobacteraceae; g__; s__	0.7
bd0efb18cb5823c9b5fd2df21c0de07b	k__Bacteria; p__Planctomycetes; c__Planctomycetia; o__Pirellulales; f__Pirellulaceae; g__; s__	1.0
ed43125b3dfaa5564d4e82a0e84f6766	k__Bacteria; p__Acidobacteria; c__Solibacteres; o__Solibacterales; f__[Bryobacteraceae]; g__; s__	0.7
f4979cbc76650924a348e8caf8d61b1d	k__Bacteria; p__Cyanobacteria; c__4C0d-2; o__SM1D11; f__; g__; s__	0.7
58189e79e2e35eb953b53a4a7db4c9bb	k__Bacteria; p__Proteobacteria; c__Gammaproteobacteria; o__Legionellales; f__Legionellaceae; g__Legionella; s__	0.8
593be6d7eb1decbb29408160c96864c3	k__Bacteria	1.0
29fcba5c2b5217b361e4b4694d9d01de	k__Bacteria; p__Proteobacteria; c__Alphaproteobacteria; o__Rhodobacterales; f__Rhodobacteraceae	1.0
e874bb2637a8bdcf56f9da7462babeda	k__Bacteria; p__Bacteroidetes; c__Cytophagia; o__Cytophagales; f__Cytophagaceae; g__Flectobacillus; s__	0.9
159ce426d309c9388d28552dc2b69ec5	k__Bacteria; p__Proteobacteria; c__Alphaproteobacteria; o__Sphingomonadales; f__Sphingomonadaceae; g__; s__	0.9
f3325055a74db412904f0a6515a8b718	k__Bacteria; p__Cyanobacteria; c__Nostocophycideae; o__Nostocales; f__Nostocaceae	1.0
a394897ab1cf8eda820527c0a41284eb	k__Bacteria; p__OD1; c__; o__; f__; g__; s__	1.0
ec17ea79621605636466d50019409db5	k__Bacteria; p__Proteobacteria; c__Alphaproteobacteria; o__Rhizobiales; f__; g__; s__	0.9
ed1bbf114c015df62b7336ce03a5cb8e	k__Bacteria; p__Proteobacteria; c__Betaproteobacteria; o__Burkholderiales; f__Oxalobacteraceae; g__Ralstonia; s__	1.0
bd6532ffc98b150e8d1f8b199f72c2e9	k__Bacteria; p__Proteobacteria; c__Gammaproteobacteria; o__Methylococcales; f__Crenotrichaceae; g__Crenothrix; s__	0.6
9af2a71c22200f2aef87233f5715392b	k__Bacteria; p__Chloroflexi; c__Anaerolineae; o__SJA-15; f__; g__; s__	1.0
b6d4fab3b101e9e7f917107ecaf42b21	k__Bacteria; p__Proteobacteria; c__Alphaproteobacteria; o__Sphingomonadales; f__; g__; s__	1.0
7d4886a34879003d14484a83cfc496d0	k__Bacteria; p__Acidobacteria; c__[Chloracidobacteria]; o__RB41; f__Ellin6075; g__; s__	1.0
685673c8f775ce6165c9efbdecb363c6	k__Bacteria; p__Cyanobacteria; c__Chloroplast; o__Stramenopiles; f__; g__; s__	1.0
6bea6043295ec272ac0f9fb488bcd17f	k__Bacteria; p__Proteobacteria	0.8
c35cfb70891530efeed601ee0798ccb1	k__Bacteria; p__Proteobacteria; c__Alphaproteobacteria; o__Sphingomonadales; f__Erythrobacteraceae	0.8
43092bdab86b5983f067b50a210cb816	k__Bacteria; p__Gemmatimonadetes; c__Gemmatimonadetes; o__Gemmatimonadales; f__Gemmatimonadaceae; g__Gemmatimonas; s__	1.0
29acc4695e622b21c92390e41649865e	k__Bacteria; p__Acidobacteria; c__Acidobacteriia; o__Acidobacteriales; f__Acidobacteriaceae; g__; s__	1.0
6f485a3e82ee65ba1c98f01dfc6c1a30	k__Bacteria; p__Proteobacteria; c__Deltaproteobacteria; o__Bdellovibrionales; f__Bdellovibrionaceae; g__Bdellovibrio; s__	1.0
efb88c60bce6f4155b33bbaf7b39a93c	k__Bacteria; p__Proteobacteria; c__Deltaproteobacteria; o__Desulfarculales; f__Desulfarculaceae; g__; s__	0.6
4bb010b463f37c3cb8d1fe99766acf68	k__Bacteria; p__TM6; c__SJA-4; o__; f__; g__; s__	1.0
0723182709882c3b59e5f9585f1df24a	k__Bacteria; p__Proteobacteria; c__Gammaproteobacteria; o__Legionellales; f__Coxiellaceae; g__; s__	1.0
1b51732bcaea1808e4129d3891274757	k__Bacteria; p__Bacteroidetes; c__Cytophagia; o__Cytophagales; f__Cytophagaceae	0.7
546396ed16d7d640efaecbf92d35bb4a	k__Bacteria; p__Bacteroidetes; c__Cytophagia; o__Cytophagales; f__Cytophagaceae; g__Emticicia; s__	1.0
7f904453dce704ac971f786c3566b612	k__Bacteria; p__Proteobacteria; c__Gammaproteobacteria; o__Xanthomonadales; f__Xanthomonadaceae; g__Stenotrophomonas; s__	1.0
b5baaaae34fcc44df8afb4063d0fff0c	k__Bacteria; p__Proteobacteria; c__Alphaproteobacteria; o__Caulobacterales; f__Caulobacteraceae; g__; s__	0.9
c9272fb86f0b58e7bb051303c06c2c8d	k__Bacteria; p__Actinobacteria; c__Acidimicrobiia; o__Acidimicrobiales; f__; g__; s__	0.5714285714285714
9620afd7446f1ad6aee8039da215c9c7	k__Bacteria; p__Proteobacteria; c__Gammaproteobacteria; o__Pseudomonadales; f__Moraxellaceae; g__Acinetobacter; s__rhizosphaerae	0.9
d5f5e3304fa93219796efb62f9973957	k__Bacteria; p__Actinobacteria; c__Actinobacteria; o__Actinomycetales; f__Nocardioidaceae; g__Aeromicrobium; s__	1.0
3c25ec4db04c6593cb198603b29096a0	k__Bacteria; p__Proteobacteria; c__Alphaproteobacteria; o__Rhodobacterales; f__Rhodobacteraceae; g__; s__	0.7
a7121df0f2cea5006888ee64d9aa021e	k__Bacteria; p__Cyanobacteria; c__Chloroplast; o__Chlorophyta; f__; g__; s__	0.6666666666666666
f23ae6a4260d5be95c8f251f61f9f0bc	k__Bacteria; p__Proteobacteria; c__Betaproteobacteria; o__Burkholderiales; f__Comamonadaceae	1.0
ceff59c6295ce844a49f626a2c01ab29	k__Bacteria; p__Fusobacteria; c__Fusobacteriia; o__Fusobacteriales; f__Fusobacteriaceae; g__Cetobacterium; s__somerae	1.0
e0248d855879e1811f74a2ff3a112fd1	k__Bacteria; p__Proteobacteria; c__Betaproteobacteria; o__Burkholderiales; f__Oxalobacteraceae; g__; s__	0.9
ac07d1657f9802681b239448c364ac98	k__Bacteria; p__Planctomycetes; c__Planctomycetia; o__Pirellulales; f__Pirellulaceae; g__; s__	1.0
118f6f29ee7f7166562d8fce1573d2ed	k__Bacteria; p__Proteobacteria; c__Alphaproteobacteria; o__Rhizobiales; f__; g__; s__	0.7
8ca225ee2be403e0f892b4ddf6221741	k__Bacteria; p__Proteobacteria; c__Betaproteobacteria; o__Burkholderiales; f__Oxalobacteraceae; g__Polynucleobacter; s__cosmopolitanus	0.7
2ca26904626defadafee1595980dc332	k__Bacteria; p__Proteobacteria; c__Alphaproteobacteria; o__Sphingomonadales; f__Sphingomonadaceae	0.9
66b78357a7ec2f06cb6c7711fdd935d6	k__Archaea; p__[Parvarchaeota]; c__[Parvarchaea]; o__WCHD3-30; f__; g__; s__	1.0
b260ce0e6205a11196f83e06d6893aa8	k__Bacteria; p__Chlorobi; c__Ignavibacteria; o__Ignavibacteriales; f__Ignavibacteriaceae; g__; s__	0.7
e9238c64be641f37cf43ee0764715e1a	k__Bacteria; p__Bacteroidetes; c__Bacteroidia; o__Bacteroidales; f__Porphyromonadaceae; g__Parabacteroides; s__	1.0
2e5907afc5aa872ae166683c503adf15	k__Bacteria; p__Verrucomicrobia; c__[Spartobacteria]; o__[Chthoniobacterales]; f__[Chthoniobacteraceae]; g__Candidatus Xiphinematobacter; s__	0.9
a8b12ca844df17f09da7d00f34daebef	k__Bacteria; p__Proteobacteria; c__Deltaproteobacteria; o__Syntrophobacterales; f__Syntrophaceae; g__Desulfomonile; s__	1.0
e6619451a1daa657e2626f558a21e75e	k__Bacteria; p__Proteobacteria; c__Gammaproteobacteria; o__Xanthomonadales; f__Sinobacteraceae; g__; s__	1.0
242c07ba26edd7a5d8ebbfde7d5e4ba3	k__Bacteria; p__Cyanobacteria; c__Chloroplast; o__Chlorophyta; f__; g__; s__	1.0
65ec4b322ca22ff5f018b382eb33109c	k__Bacteria; p__Actinobacteria; c__Actinobacteria; o__Actinomycetales	0.9
208cc1a2dec6d753c1304c0792340aba	k__Bacteria; p__Proteobacteria; c__Alphaproteobacteria; o__Rhizobiales; f__; g__; s__	1.0
e058939cd404a00c924c33bda5e1f43e	k__Bacteria; p__Firmicutes; c__Bacilli; o__Bacillales; f__[Exiguobacteraceae]; g__Exiguobacterium; s__	1.0
08654ddadff29237ff4dad9d37927bbb	k__Bacteria; p__Planctomycetes; c__Planctomycetia; o__Planctomycetales; f__Planctomycetaceae; g__Planctomyces; s__	1.0
7fac425515f4c9bc509389deba8e80b8	k__Bacteria; p__Proteobacteria; c__Gammaproteobacteria; o__Xanthomonadales; f__Xanthomonadaceae	1.0
fc1759a3dcc8c54bdc9c4a7ac6a39dd0	k__Bacteria; p__Tenericutes; c__Mollicutes; o__RF39; f__; g__; s__	1.0
882f69f921022a8f51e1d8a97f537e7d	k__Bacteria; p__Proteobacteria; c__Betaproteobacteria	1.0
2f369797864b3cfc3039a391717e2a59	k__Bacteria; p__Chloroflexi; c__Anaerolineae; o__; f__; g__; s__	0.6666666666666666
5045c163dd21bccf3af6f88227ac2081	k__Bacteria; p__Bacteroidetes; c__[Saprospirae]; o__[Saprospirales]; f__Chitinophagaceae; g__; s__	1.0
7aa3eea88f2b978d9d140995580cd2bb	k__Bacteria; p__Bacteroidetes; c__Cytophagia; o__Cytophagales; f__Cytophagaceae; g__; s__	1.0
f7520f2cf816490db3ab6c2aa701f8a1	k__Bacteria; p__Proteobacteria; c__Alphaproteobacteria; o__BD7-3; f__; g__; s__	1.0
9fe4df27f5a8f0846ae6ad4b78edd89b	k__Bacteria; p__Proteobacteria; c__TA18; o__PHOS-HD29; f__; g__; s__	1.0
e1d079298d3fcbf8b16e89f6c593bacb	k__Bacteria; p__Acidobacteria; c__Solibacteres; o__Solibacterales; f__[Bryobacteraceae]; g__; s__	0.9
18d71467997c3e3867c4d7501d3b3981	k__Bacteria; p__Proteobacteria; c__Gammaproteobacteria; o__Methylococcales; f__Methylococcaceae	1.0
a635cb9d17ba4940f96d714a2b600dfc	k__Bacteria; p__Planctomycetes; c__Planctomycetia; o__Pirellulales; f__Pirellulaceae; g__; s__	1.0
dec3267680308a385896de80cb56f4ba	k__Bacteria; p__Bacteroidetes; c__[Saprospirae]; o__[Saprospirales]; f__Saprospiraceae; g__; s__	0.9
48439500ab3179feab3d055578034b13	k__Bacteria; p__Proteobacteria; c__Alphaproteobacteria; o__Rickettsiales; f__mitochondria; g__Phytophthora	0.6
e98455ea8f0ec4adddb08b5848528720	k__Bacteria; p__Bacteroidetes	0.6666666666666666
8273f2bd2570e484daf143badd6ab239	k__Bacteria; p__Bacteroidetes; c__Cytophagia; o__Cytophagales; f__Cytophagaceae; g__; s__	0.6
84a53aaa37c5a7611370a08658df5b71	k__Bacteria; p__Proteobacteria; c__Alphaproteobacteria; o__Rhizobiales; f__; g__; s__	1.0
91a6d5bf53a8afa63f74ae94b1c7c0da	k__Bacteria; p__Firmicutes; c__Clostridia; o__MBA08; f__; g__; s__	0.8
ccf38b30601bcd58604ca4ba4e4d0779	k__Bacteria; p__Bacteroidetes; c__Sphingobacteriia; o__Sphingobacteriales; f__; g__; s__	0.6
7f571b072dc7bf338fff2b097833d2a5	k__Bacteria; p__Bacteroidetes; c__[Saprospirae]; o__[Saprospirales]; f__Chitinophagaceae; g__; s__	1.0
549fd25a3b2b9c431bf36adb376ea911	k__Bacteria	1.0
cfed070e0d3158fa1b7db746c1b7aedf	k__Bacteria; p__Proteobacteria; c__Gammaproteobacteria; o__Chromatiales; f__; g__; s__	0.6
be6d2ac8f0cd670aa4f9d48a74271178	k__Bacteria; p__Planctomycetes; c__Planctomycetia; o__Pirellulales; f__Pirellulaceae; g__; s__	1.0
530a658bb62ef3745cc8d3ae404e4303	k__Bacteria; p__Proteobacteria; c__Deltaproteobacteria; o__NKB15; f__; g__; s__	1.0
3eef91fc4be600439c3f3fd71f794aee	k__Bacteria; p__Proteobacteria; c__Alphaproteobacteria; o__Rickettsiales; f__; g__; s__	1.0
c8bad15a3dd3cc1a4522bf4c33618e20	k__Bacteria; p__Proteobacteria; c__Betaproteobacteria; o__Neisseriales; f__Neisseriaceae; g__Chromobacterium; s__	0.6
888baf56c1417e0626bd1c3a0a3235d7	k__Bacteria; p__Bacteroidetes; c__[Saprospirae]; o__[Saprospirales]; f__Saprospiraceae; g__; s__	1.0
bfcf414d654035e3031afb5d2c80fa69	k__Bacteria; p__Proteobacteria; c__TA18; o__PHOS-HD29; f__; g__; s__	1.0
c0f020d9224b8e941c369c75ed4e03a1	k__Bacteria; p__Actinobacteria; c__Actinobacteria; o__Actinomycetales; f__Microbacteriaceae	0.6
f357d84bc55a73529fff84c71f60e395	k__Bacteria; p__Firmicutes; c__Clostridia; o__Clostridiales; f__Ruminococcaceae	1.0
621b69f941a850ef6c42d021976617d1	k__Bacteria; p__Proteobacteria; c__Gammaproteobacteria	0.9
cdf0ebe2eabefbfd57977558d53677a3	k__Bacteria; p__Bacteroidetes; c__Bacteroidia; o__Bacteroidales; f__Bacteroidaceae; g__Bacteroides; s__fragilis	0.9
97611babc814df92d1a8e69e6301c60c	k__Bacteria; p__Chlorobi; c__OPB56; o__; f__; g__; s__	1.0
0c350456b8eb9ba8a04b3c0e0e4ea510	k__Bacteria; p__Proteobacteria; c__Alphaproteobacteria; o__Rhodospirillales; f__Rhodospirillaceae; g__Phaeospirillum; s__fulvum	0.9
0e5f3197883e61939069d488222992a8	k__Bacteria; p__Actinobacteria; c__Actinobacteria; o__Actinomycetales; f__Nocardioidaceae; g__; s__	0.8
6ab543895a27a10d6f3f7b44801dc78c	k__Bacteria; p__Proteobacteria; c__Alphaproteobacteria; o__Rhizobiales; f__; g__; s__	0.6
d5d6e815e450f3c3691808a0f6f785cf	k__Bacteria; p__Firmicutes; c__Clostridia; o__Clostridiales; f__Ruminococcaceae; g__Oscillospira; s__	1.0
03249fab13aead27688ba94e267e1213	k__Bacteria; p__Cyanobacteria; c__Chloroplast; o__Cryptophyta; f__; g__; s__	1.0
88cd742be6e797524a3d5688e14571e1	k__Bacteria; p__Proteobacteria; c__Alphaproteobacteria; o__Rhizobiales; f__Rhizobiaceae	0.7
949dcaf73cf57707ffaa64d4dfa5fd55	k__Bacteria; p__Planctomycetes; c__Phycisphaerae; o__WD2101; f__; g__; s__	1.0
2c8f0cc3e82e13e5455deb89abf41c7a	k__Bacteria; p__Proteobacteria; c__Alphaproteobacteria; o__Rhodobacterales; f__Hyphomonadaceae; g__Hyphomonas; s__	1.0
4b6b353b14613a4da3f11a59533cd553	k__Bacteria; p__Proteobacteria; c__Betaproteobacteria; o__Rhodocyclales; f__Rhodocyclaceae; g__; s__	0.6
7343e3615d1f47cee867e82cef77d26e	k__Bacteria; p__Armatimonadetes; c__[Fimbriimonadia]; o__[Fimbriimonadales]; f__[Fimbriimonadaceae]; g__; s__	0.6
f90e938a2745665034ae10b4479c7cb2	k__Bacteria; p__Proteobacteria; c__Deltaproteobacteria; o__Spirobacillales; f__; g__; s__	0.8
f644dae8b6100dea2efa6e4331c6c3b2	k__Bacteria; p__Bacteroidetes; c__[Saprospirae]; o__[Saprospirales]; f__Chitinophagaceae; g__; s__	0.8
e53facc2261306269d82ae6c38bf461f	k__Bacteria; p__Proteobacteria; c__Alphaproteobacteria; o__Rhizobiales; f__; g__; s__	1.0
387ce34998f1e076478f8b06aea81cde	k__Bacteria; p__Proteobacteria; c__Betaproteobacteria; o__Burkholderiales; f__Comamonadaceae	1.0
42790b438e8fffff3df0e92b18e96f1d	k__Bacteria; p__Bacteroidetes; c__[Saprospirae]; o__[Saprospirales]; f__Saprospiraceae; g__; s__	0.9
60467df1db3f1ec824a55e5c7ace75db	k__Bacteria; p__Proteobacteria; c__Alphaproteobacteria; o__Ellin329; f__; g__; s__	1.0
704b29dac11bb69d8c6e384e0c7f7685	k__Bacteria; p__Proteobacteria; c__Alphaproteobacteria	0.9
c9bb33fb358ad55f20d5682dd4b6a933	k__Bacteria; p__Firmicutes; c__Clostridia; o__Clostridiales; f__Ruminococcaceae; g__; s__	0.7
44685caa0e4e78027792625ea82b79ed	k__Bacteria; p__Actinobacteria; c__Acidimicrobiia; o__Acidimicrobiales; f__Microthrixaceae; g__; s__	1.0
b6de0f3b7930e57b6bd3c613719c2377	k__Bacteria; p__Proteobacteria; c__Alphaproteobacteria; o__; f__; g__; s__	1.0
de7462d27b41ea7b0f1a91f6939bd61e	k__Bacteria; p__Actinobacteria; c__Thermoleophilia; o__Solirubrobacterales; f__; g__; s__	1.0
dfc82f67f4e8032e45a8b1250c65e27a	k__Bacteria; p__Proteobacteria; c__Alphaproteobacteria; o__Rhizobiales; f__; g__; s__	1.0
0544ae2d0c6eb01779c07416daeb5f25	k__Bacteria; p__Verrucomicrobia; c__[Spartobacteria]; o__[Chthoniobacterales]; f__[Chthoniobacteraceae]; g__Candidatus Xiphinematobacter; s__	1.0
c2bf2227baeb87e7f969a89616a9dc93	k__Bacteria; p__Firmicutes; c__Clostridia; o__Clostridiales; f__Ruminococcaceae; g__; s__	1.0
2de1dfdb605ff52c346ea549dafc30e2	k__Bacteria; p__Chlamydiae; c__Chlamydiia; o__Chlamydiales	0.9
cdb917027fa17187bd79400f098d3242	k__Bacteria; p__Armatimonadetes; c__[Fimbriimonadia]; o__[Fimbriimonadales]	1.0
256657efaa1a7d9c659c55f1dd71d991	k__Bacteria; p__Chloroflexi; c__SL56; o__; f__; g__; s__	0.8
f1b8095a7e7f2d520159d56200017b54	k__Bacteria; p__Proteobacteria; c__Deltaproteobacteria; o__Myxococcales; f__; g__; s__	1.0
19f73cc83a35aa0eb6cecbb0a2cb6711	k__Bacteria; p__Chlorobi; c__Ignavibacteria; o__Ignavibacteriales; f__Ignavibacteriaceae; g__; s__	0.9
6896a4dc0f964a807dceebee8243e052	k__Bacteria; p__Actinobacteria; c__Acidimicrobiia; o__Acidimicrobiales; f__C111; g__; s__	1.0
bddaff876e635501b1d422a128517f8a	k__Bacteria; p__GN02; c__3BR-5F; o__; f__; g__; s__	0.9
d445403e53f131a1ffabfa22a116cea6	k__Bacteria; p__Firmicutes; c__Erysipelotrichi; o__Erysipelotrichales; f__Erysipelotrichaceae	0.6
e76c86921f5c7be0016095b72cb26954	k__Bacteria; p__Bacteroidetes; c__Flavobacteriia; o__Flavobacteriales; f__Cryomorphaceae; g__Fluviicola; s__	1.0
3f14dbff98f4c1200ebb6fdbb3b824cd	k__Bacteria; p__Verrucomicrobia; c__Verruco-5; o__WCHB1-41; f__RFP12; g__; s__	1.0
420ffdd8ae828d5bccb0ba294abe124d	k__Bacteria; p__Proteobacteria; c__Alphaproteobacteria; o__Rickettsiales; f__; g__; s__	1.0
c4d8c97b561e678ce51580488271a468	k__Bacteria; p__Planctomycetes; c__Planctomycetia; o__Pirellulales; f__Pirellulaceae; g__Pirellula; s__	0.7
2a05c23cf3fa7102102ad229286fb4ec	k__Bacteria; p__Planctomycetes; c__Planctomycetia; o__Pirellulales; f__Pirellulaceae; g__; s__	1.0
104a92fd97ba8683d005c7065d29040f	k__Bacteria; p__Proteobacteria; c__Deltaproteobacteria; o__Bdellovibrionales; f__Bacteriovoracaceae; g__; s__	0.9
387503155b4f0153e9a3d98cc6dc9ac9	k__Bacteria; p__Proteobacteria; c__Alphaproteobacteria; o__Rhodobacterales; f__Rhodobacteraceae	1.0
4cccb92d06ffc67a32f5ce2fd3b12cd6	k__Bacteria; p__Firmicutes	0.6
b38f986f6bad5b8efce4231080f853a6	k__Bacteria; p__OD1; c__ABY1; o__; f__; g__; s__	1.0
94d6b5adbcd3c173d3ad62340e5b4b09	k__Bacteria; p__Proteobacteria; c__Deltaproteobacteria; o__; f__; g__; s__	1.0
6593b15e52ff54b4434bf7cad5d22907	k__Bacteria; p__Proteobacteria; c__Alphaproteobacteria; o__Rhodospirillales; f__Rhodospirillaceae; g__Azospirillum	1.0
2aeaa1e1b2ff9979a04b50558b2da3c6	k__Bacteria; p__Proteobacteria; c__Gammaproteobacteria; o__Chromatiales; f__; g__; s__	0.6
d9d45819dfa5e8fb110674d70c4b6ac2	k__Bacteria; p__Proteobacteria; c__Alphaproteobacteria; o__Rickettsiales; f__mitochondria; g__Phytophthora	0.6
eacf55d1e37e460ab19dcb3feed9b1ae	k__Bacteria; p__Chloroflexi; c__Anaerolineae; o__WCHB1-50; f__; g__; s__	1.0
b1753ab3502c82e20e2b92f2166ea221	k__Bacteria; p__Proteobacteria; c__Alphaproteobacteria; o__; f__; g__; s__	1.0
22dfc7d0d32f351600711c717ae7a2b7	k__Bacteria; p__Proteobacteria; c__Betaproteobacteria; o__Procabacteriales; f__Procabacteriaceae; g__; s__	0.9
4583fea7f16589bf01bed0f848c719ab	k__Bacteria; p__Planctomycetes; c__Planctomycetia; o__Pirellulales; f__Pirellulaceae; g__; s__	0.9
ced590f166378a805809f12854db69cb	k__Bacteria; p__Proteobacteria; c__Deltaproteobacteria; o__Spirobacillales; f__; g__; s__	0.9
900ec2fadab25680d5936ee27f1b2b6d	k__Bacteria; p__OD1; c__Mb-NB09; o__; f__; g__; s__	0.8
7b84e34952eb63ce2c74942486b3d031	k__Bacteria; p__Proteobacteria; c__Gammaproteobacteria; o__Alteromonadales; f__Alteromonadaceae; g__Cellvibrio; s__	1.0
6d4138ed4dc1e985d9a360e8b1ee69ec	k__Bacteria; p__Chlamydiae; c__Chlamydiia; o__Chlamydiales; f__; g__; s__	0.6
7625d359d81fa02312ad6d9da2c87233	k__Bacteria; p__OD1	0.7
9ff8d95c81332dcdb5aec9591eb2eb19	k__Bacteria; p__Proteobacteria; c__Gammaproteobacteria; o__Xanthomonadales; f__Xanthomonadaceae; g__; s__	0.6
9b5563ddb20e6933beba7ae9f82e5ea5	k__Bacteria; p__Cyanobacteria	1.0
e662a35705206cee8c9d26d54a1cd212	k__Bacteria; p__Proteobacteria; c__Betaproteobacteria; o__Burkholderiales; f__Comamonadaceae; g__; s__	0.6
31c0256b94fd8d809f94e81d4c8912eb	k__Bacteria; p__Proteobacteria; c__Alphaproteobacteria; o__Rickettsiales; f__; g__; s__	0.8
fc019a8ac822a61616eb683f8c818ce2	k__Bacteria; p__GN02; c__BD1-5; o__; f__; g__; s__	0.7
f823a776fa037c576b4784e0a3f3a9b6	k__Bacteria; p__Actinobacteria; c__Actinobacteria; o__Actinomycetales; f__; g__; s__	0.8
496f68e387553dd7de6bb93bf95fcf34	k__Bacteria; p__Proteobacteria; c__Alphaproteobacteria; o__; f__; g__; s__	0.7
88d79c04b115d3ce105c254d8ccb11c1	k__Bacteria; p__Proteobacteria; c__Gammaproteobacteria; o__Pseudomonadales; f__Moraxellaceae; g__Perlucidibaca; s__	0.9
f98311e3124c29176e0524c558425db1	k__Bacteria; p__Bacteroidetes; c__Bacteroidia; o__Bacteroidales; f__; g__; s__	1.0
b8c4d888746f7d9a6251b03b0c55d1e5	k__Bacteria; p__Proteobacteria; c__Gammaproteobacteria; o__Legionellales; f__Coxiellaceae; g__; s__	1.0
b6f96f3a0d8081bf98998deb05a351c0	k__Bacteria; p__Actinobacteria; c__Actinobacteria; o__Actinomycetales; f__; g__; s__	1.0
c11925ec898679c270f0a92b5bd61853	k__Bacteria; p__Proteobacteria; c__Alphaproteobacteria; o__Rickettsiales; f__Rickettsiaceae; g__; s__	0.9
5af9383b496958f443e48d2b96c7f3d9	k__Bacteria; p__Proteobacteria; c__Gammaproteobacteria; o__Xanthomonadales; f__Sinobacteraceae; g__Steroidobacter; s__	0.6
80f8fe1934e41be2b26de505d4979a42	k__Bacteria; p__Proteobacteria; c__Alphaproteobacteria; o__; f__; g__; s__	1.0
a58bc52df3524fa1a5d2546e033f2024	k__Bacteria; p__Chlorobi; c__OPB56; o__; f__; g__; s__	1.0
610a1ddb3892c84ea7e79a8c4cc62717	k__Bacteria; p__Planctomycetes; c__Planctomycetia; o__Gemmatales; f__Gemmataceae; g__Gemmata; s__	1.0
249691fc6f1ee4f9a0b1fa39109fd67a	k__Bacteria; p__Proteobacteria; c__Alphaproteobacteria; o__Rhizobiales; f__Rhizobiaceae; g__Agrobacterium; s__	0.8
ad661239c7e35eaff5b882dc1395541b	k__Bacteria; p__Proteobacteria; c__Deltaproteobacteria; o__Bdellovibrionales; f__Bdellovibrionaceae; g__Bdellovibrio; s__	0.9
336bdef55f24f206207dd70646ae2129	k__Bacteria; p__Proteobacteria; c__Gammaproteobacteria; o__Enterobacteriales; f__Enterobacteriaceae	1.0
1dc32141e1e2613d7e14583e0e8d995b	k__Bacteria; p__Bacteroidetes; c__Bacteroidia; o__Bacteroidales; f__Rikenellaceae; g__Blvii28; s__	1.0
49c36620bbcdb1778158ecbe1fc2c6fd	k__Bacteria; p__Spirochaetes; c__[Leptospirae]; o__[Leptospirales]; f__Leptospiraceae; g__Leptospira; s__	1.0
946ca38edecbd5ccf431c7ce27abc483	k__Bacteria; p__Proteobacteria; c__Gammaproteobacteria; o__Alteromonadales; f__Alteromonadaceae; g__Cellvibrio; s__	1.0
c8f82cd07bab9150252971dc60a4b6ab	k__Bacteria; p__Proteobacteria; c__Alphaproteobacteria; o__Rhodobacterales; f__Rhodobacteraceae; g__Rhodobacter; s__	1.0
9d4df6d00f7cdf6c31d7abf30a642cb1	k__Bacteria; p__Proteobacteria; c__Gammaproteobacteria; o__HTCC2188; f__HTCC2089; g__; s__	1.0
73077910fb255f193888a4c4c39e53c3	k__Bacteria; p__Chloroflexi; c__Anaerolineae; o__Caldilineales; f__Caldilineaceae; g__; s__	1.0
2a8f8350cd623a4634a3c3f1b5d2cfc8	k__Bacteria; p__Bacteroidetes; c__Cytophagia; o__Cytophagales; f__Cytophagaceae; g__Leadbetterella; s__	1.0
0c06ef1714e44dd5b0d705ed7097f7ad	k__Bacteria; p__Actinobacteria; c__Actinobacteria; o__Actinomycetales; f__; g__; s__	1.0
69da45e4fb0c7744c703884e49ee7087	k__Bacteria; p__Bacteroidetes; c__Cytophagia; o__Cytophagales; f__Cytophagaceae; g__; s__	1.0
2a35ac943ee26da2bbf08a26868ca785	k__Archaea; p__Euryarchaeota; c__Methanomicrobia; o__Methanocellales; f__Methanocellaceae; g__Methanocella; s__	1.0
ce654e3a18c0f0f35a2ff0dd2f8bbe4c	k__Bacteria; p__Firmicutes; c__Clostridia; o__Clostridiales; f__Lachnospiraceae; g__Coprococcus; s__	1.0
b45bf5ed3e3408709660cb2feb108387	k__Bacteria; p__Proteobacteria; c__Betaproteobacteria; o__Burkholderiales; f__Comamonadaceae	1.0
70592e6cec3fb1e7200c0c28e6d84ce7	k__Bacteria; p__Proteobacteria; c__Deltaproteobacteria; o__MIZ46; f__; g__; s__	1.0
e1e43afd3ff77245e3db77851111c97a	k__Bacteria; p__Proteobacteria; c__Alphaproteobacteria; o__Rickettsiales; f__; g__; s__	1.0
d8ea6bd109f0cb4d1fa6d7c5dd39f97c	k__Bacteria; p__Verrucomicrobia; c__[Spartobacteria]; o__[Chthoniobacterales]; f__[Chthoniobacteraceae]; g__Candidatus Xiphinematobacter; s__	0.9
1448c91a27a29681b55790e6fa19bd09	k__Bacteria; p__Bacteroidetes; c__Flavobacteriia; o__Flavobacteriales; f__Flavobacteriaceae; g__Flavobacterium; s__	0.6
47b5b16b9ff81ed5c3c7d7f8b99d78a3	k__Bacteria; p__Verrucomicrobia; c__[Pedosphaerae]; o__[Pedosphaerales]; f__Ellin515; g__; s__	1.0
133a8636289109c47f7c1fae4ef347be	k__Bacteria; p__Verrucomicrobia; c__[Spartobacteria]; o__[Chthoniobacterales]; f__[Chthoniobacteraceae]	1.0
17b32a5d1ff720d13b386c2ab78894eb	k__Bacteria; p__Bacteroidetes; c__[Saprospirae]; o__[Saprospirales]; f__Saprospiraceae; g__; s__	1.0
a2b988224f1d6b36f613d0f661866037	k__Bacteria; p__Firmicutes; c__Erysipelotrichi; o__Erysipelotrichales; f__Erysipelotrichaceae	1.0
b4f26fd56f29e9602b57adee3712ca1c	k__Bacteria; p__Acidobacteria; c__Solibacteres; o__Solibacterales; f__; g__; s__	0.7
1ebdb938080542d0ba4085dd2fae1ef1	k__Bacteria; p__Cyanobacteria; c__Chloroplast; o__Stramenopiles; f__; g__; s__	1.0
8c148eb7b9a4ae77e82612eb4dbd45b5	k__Bacteria; p__Planctomycetes; c__Planctomycetia; o__Pirellulales; f__Pirellulaceae; g__; s__	1.0
9c9efa3428ea0b411fbcfc52eceaa7f4	k__Bacteria; p__Cyanobacteria; c__Synechococcophycideae; o__Synechococcales; f__Acaryochloridaceae	0.8
cf18b3f556a6f0f3b54c2f58a2e8c3e8	k__Bacteria; p__Proteobacteria; c__Gammaproteobacteria; o__Oceanospirillales; f__Halomonadaceae	1.0
c784549357c3c6623433a150b8183991	k__Bacteria; p__Proteobacteria; c__TA18; o__PHOS-HD29; f__; g__; s__	1.0
3233f6d0bab8ec9461d5a8f92289a5a9	k__Bacteria; p__Cyanobacteria; c__Nostocophycideae; o__Nostocales; f__Nostocaceae; g__Anabaena	0.6
7d76a37c44f03d1591dad709d8571df8	k__Bacteria; p__Proteobacteria; c__TA18; o__CV90; f__; g__; s__	1.0
5e359dc7046aa4c0d7af9733b7f726c4	k__Bacteria; p__Cyanobacteria; c__Chloroplast; o__Chlorophyta; f__; g__; s__	0.7
d7cb5d4c11649959216ac69cc18f5876	k__Bacteria; p__Bacteroidetes; c__[Saprospirae]; o__[Saprospirales]; f__Chitinophagaceae; g__Sediminibacterium; s__	1.0
7b0afd195a80db1d35ec5c48bd0360b9	k__Bacteria; p__Proteobacteria; c__Gammaproteobacteria; o__Alteromonadales; f__Shewanellaceae; g__Shewanella; s__	1.0
2423f2fe8ad32b669f9747ab3e883610	k__Bacteria; p__Proteobacteria; c__Alphaproteobacteria; o__Rickettsiales; f__Rickettsiaceae; g__; s__	0.7
1ff3c2b96ba2c20d910209b58f0a641e	Unassigned	0.0
8953d5f6b154acea1116b85576a41bb7	k__Bacteria; p__Cyanobacteria; c__Chloroplast; o__Streptophyta; f__; g__; s__	1.0
ae4c2e0bf6b7596952bef48aeb8b3e03	k__Bacteria; p__Bacteroidetes; c__[Saprospirae]; o__[Saprospirales]; f__Saprospiraceae; g__; s__	0.8
d5a20ab7b6597c8f426ef9c7be7d348b	k__Archaea; p__Euryarchaeota	0.8
e906e7288e5c2468bfcba0f9c2ab2995	k__Bacteria; p__Bacteroidetes; c__Sphingobacteriia; o__Sphingobacteriales; f__; g__; s__	0.7
ac08dac8c335990b2c616ef5a9c7024b	k__Bacteria; p__Proteobacteria; c__Gammaproteobacteria; o__Pseudomonadales; f__Pseudomonadaceae; g__Pseudomonas; s__	0.6
7860f411b31bc65ca29e425da89e2578	k__Bacteria; p__Actinobacteria; c__Actinobacteria; o__Actinomycetales; f__Mycobacteriaceae; g__Mycobacterium; s__	1.0
641750023e3963f7afae7d3b2eb04165	k__Bacteria; p__Bacteroidetes; c__[Saprospirae]; o__[Saprospirales]; f__Chitinophagaceae; g__; s__	1.0
08ee2182c64087be3c24f5319a5fadd4	k__Bacteria; p__Verrucomicrobia; c__[Spartobacteria]; o__[Chthoniobacterales]; f__[Chthoniobacteraceae]; g__; s__	0.6
5f0c16e7ccef199d6481940b18ce8394	k__Bacteria; p__Proteobacteria; c__Alphaproteobacteria; o__Rhizobiales; f__Methylobacteriaceae; g__; s__	1.0
bbc5278e3c4417114002490ee5e9d3e5	Unassigned	0.0
1a3d4d41c3d1f8bd8d369abfab7a58a2	k__Bacteria; p__Firmicutes; c__Clostridia; o__Clostridiales; f__Clostridiaceae; g__Clostridium; s__	0.6
8a221894f4be1be2fc57b77f64750a2a	k__Bacteria; p__Chlorobi; c__OPB56; o__; f__; g__; s__	1.0
9f39a5c5953900d8fb455f5bb9741fe7	k__Bacteria; p__Cyanobacteria; c__Nostocophycideae; o__Nostocales; f__Nostocaceae; g__Dolichospermum; s__	0.6
daed9456afda7ceeed50218e676e8b20	k__Bacteria; p__Planctomycetes; c__Planctomycetia; o__B97; f__; g__; s__	0.6
23cc31efc080e863d521b423232becda	k__Bacteria; p__Planctomycetes; c__Planctomycetia; o__Gemmatales; f__Gemmataceae; g__Gemmata; s__	1.0
609efda5af71872c74a2029dbefd5fd2	k__Bacteria; p__Cyanobacteria; c__Synechococcophycideae; o__Pseudanabaenales; f__Pseudanabaenaceae; g__Leptolyngbya; s__	1.0
4232b2cfeb1f2273d229cc4eee69d0ef	k__Bacteria; p__Bacteroidetes; c__Bacteroidia; o__Bacteroidales; f__S24-7; g__; s__	1.0
c2e66f5992e00f8ae1ade383cafe1a9c	k__Bacteria; p__Proteobacteria; c__Betaproteobacteria; o__Burkholderiales; f__Comamonadaceae	1.0
8b1a66f4113fd1e0c12e5f085dd955e8	k__Bacteria; p__Chlorobi; c__OPB56; o__; f__; g__; s__	1.0
14f0209c8b0277382100dfb41bd75a7f	k__Bacteria; p__Verrucomicrobia; c__Verruco-5; o__WCHB1-41; f__; g__; s__	0.7
eceb84e7fa83bda9911530b8753a0b69	k__Bacteria; p__Proteobacteria; c__Deltaproteobacteria; o__Myxococcales; f__; g__; s__	0.9
ec7a8629a7b8a95612b4ac3940a7bcdd	k__Bacteria; p__Actinobacteria; c__Actinobacteria; o__Actinomycetales; f__Microbacteriaceae; g__; s__	0.6
09244dffdeb6892952db58beb247b944	k__Bacteria; p__Cyanobacteria; c__Chloroplast; o__Stramenopiles; f__; g__; s__	1.0
beb7dc750924c32794f0379ab8b52928	k__Bacteria; p__Proteobacteria; c__Gammaproteobacteria; o__Alteromonadales	0.8
f59bd0fd34f51d3e2a48bb8db1ef02db	k__Bacteria; p__Bacteroidetes; c__[Saprospirae]; o__[Saprospirales]; f__Chitinophagaceae; g__; s__	1.0
3b7becee8580ffa9caaf4050b37dfcee	k__Bacteria; p__Proteobacteria; c__Alphaproteobacteria; o__Rhodobacterales; f__Hyphomonadaceae; g__; s__	0.9
7d755a07198cb51a1c4dd6364eebe359	k__Bacteria; p__Proteobacteria; c__Gammaproteobacteria; o__Xanthomonadales; f__Sinobacteraceae; g__; s__	1.0
f698ad351234c95c32a8eaa7a6301a54	k__Bacteria; p__Proteobacteria; c__TA18; o__PHOS-HD29; f__; g__; s__	1.0
e0ce1436bc1ce39e3069d99ef37038dd	k__Bacteria; p__Bacteroidetes; c__Bacteroidia; o__Bacteroidales; f__S24-7; g__; s__	1.0
771be4877d4b50a572505b60d7c16047	k__Bacteria; p__Proteobacteria; c__Alphaproteobacteria; o__Rickettsiales; f__; g__; s__	1.0
7296c4f49f5859f3031aacf3b8991914	k__Bacteria; p__Actinobacteria; c__Actinobacteria; o__Actinomycetales; f__Microbacteriaceae	1.0
cd4a756b98e8a682f01881a0806b1043	k__Bacteria; p__Bacteroidetes; c__[Saprospirae]; o__[Saprospirales]; f__Saprospiraceae; g__; s__	0.9
0f35ae1262564b7c6a1610ab2c0c4129	k__Bacteria; p__Proteobacteria; c__Alphaproteobacteria; o__; f__; g__; s__	0.6
89cf4ebdcaee880407ae2186fa273857	Unassigned	0.0
f2c403beaa7cd9d7b7406ae09c4c7667	k__Bacteria; p__Proteobacteria; c__Alphaproteobacteria; o__Rickettsiales; f__Rickettsiaceae; g__Wolbachia; s__	0.8
9869987c62aa42b1659092baf279c8fd	k__Bacteria; p__Proteobacteria; c__Gammaproteobacteria; o__Xanthomonadales; f__Sinobacteraceae; g__Steroidobacter; s__	0.9
b182ae45e95043a8077e76ed3abc5fc7	k__Bacteria; p__Proteobacteria; c__Alphaproteobacteria; o__Rhizobiales; f__; g__; s__	1.0
d2fb0cb288998fd29c8464c1a643a834	k__Bacteria; p__Bacteroidetes; c__[Saprospirae]; o__[Saprospirales]; f__Chitinophagaceae; g__; s__	1.0
df30dd6e00c2778fbb32e92a4d49172f	k__Bacteria; p__Proteobacteria; c__Deltaproteobacteria; o__Spirobacillales; f__; g__; s__	1.0
24895d7fb38118d01179aabed176f511	k__Bacteria; p__Verrucomicrobia; c__[Spartobacteria]; o__[Chthoniobacterales]; f__[Chthoniobacteraceae]	1.0
571a78bf311069195a9ec29c29b3d117	k__Bacteria; p__Chlamydiae; c__Chlamydiia; o__Chlamydiales; f__Parachlamydiaceae	0.9
18e8a5fe9d709d001dcf80c54773ebf5	k__Bacteria; p__Proteobacteria; c__Alphaproteobacteria; o__Rhizobiales; f__; g__; s__	1.0
27a853bc36cdf171b05bdbe9dd8b1fb3	k__Bacteria; p__Proteobacteria; c__Deltaproteobacteria; o__Myxococcales; f__; g__; s__	0.9
cd3a5941833974c0e7ad4911abf34121	k__Bacteria; p__Proteobacteria; c__Gammaproteobacteria; o__Legionellales; f__Coxiellaceae; g__; s__	1.0
d88a90f90b4c1318e9d299049cdcfb8d	k__Bacteria; p__Proteobacteria; c__Deltaproteobacteria; o__Syntrophobacterales; f__Syntrophobacteraceae; g__; s__	0.8
8a40cde343f891b207bc3e8f92540007	k__Bacteria; p__Proteobacteria; c__Gammaproteobacteria; o__Alteromonadales; f__Alteromonadaceae; g__Cellvibrio; s__	1.0
b62af7611731e901270d8f40c75c0e0c	k__Bacteria; p__Proteobacteria; c__TA18; o__CV90; f__; g__; s__	1.0
c225ff808363124e9d38845957c8b594	k__Bacteria; p__Verrucomicrobia; c__Verrucomicrobiae; o__Verrucomicrobiales; f__Verrucomicrobiaceae; g__; s__	0.7
86c1cf459ac675dbea537fc15788f701	Unassigned	0.0
8f31b04c474a1038322a2beb478cb29a	k__Bacteria; p__Proteobacteria; c__Alphaproteobacteria; o__Sphingomonadales; f__Erythrobacteraceae	0.8
644548c0f6d52beab825eeed38946e0b	k__Bacteria; p__Proteobacteria; c__Alphaproteobacteria; o__Rickettsiales; f__; g__; s__	1.0
be43cca25a7aaa8d562ff1c94eacc701	k__Bacteria; p__Proteobacteria; c__Deltaproteobacteria; o__Bdellovibrionales; f__Bdellovibrionaceae; g__Bdellovibrio; s__	0.8
0e47b51268e8b287839d2bbd87255128	k__Bacteria; p__Proteobacteria; c__Betaproteobacteria; o__Burkholderiales	1.0
ea454dc28051c1fcd3b0a15ff1c5e905	k__Bacteria; p__Proteobacteria; c__Alphaproteobacteria; o__Rhodospirillales; f__Rhodospirillaceae; g__; s__	0.6
470b962d5d3c5f5d8312e35d2aa48c59	k__Bacteria; p__Chloroflexi; c__Chloroflexi; o__[Roseiflexales]; f__[Kouleothrixaceae]; g__; s__	0.8
a7dfa582b1509149b9d2c46c4290f95c	k__Bacteria	1.0
668130f5351c151a32e864dde96daf28	k__Bacteria; p__Actinobacteria; c__Actinobacteria; o__Actinomycetales; f__; g__; s__	0.8
85ad6b1147d7a2c3611a89d293d21f4c	k__Bacteria; p__Actinobacteria; c__Actinobacteria; o__Actinomycetales; f__; g__; s__	1.0
7b7fe15ccffda7e13e691d1c26c46e89	k__Bacteria; p__Proteobacteria; c__Alphaproteobacteria; o__Sphingomonadales; f__Sphingomonadaceae; g__Blastomonas; s__	0.6
a92811c5c3e90845cce772e8f326e323	k__Bacteria; p__Actinobacteria; c__Thermoleophilia; o__Solirubrobacterales; f__; g__; s__	0.6
b4153c59cab166ec9b63c5ca4f1483ab	k__Bacteria; p__Firmicutes; c__Clostridia; o__Clostridiales; f__Peptostreptococcaceae; g__; s__	0.9
5368d1f7b4993c910ef931cd230b3c7c	k__Bacteria; p__Proteobacteria; c__Alphaproteobacteria; o__Rhizobiales; f__Hyphomicrobiaceae; g__Hyphomicrobium; s__	0.9
e19a68f79e9828070e62188787a4ea64	k__Bacteria; p__Firmicutes; c__Clostridia; o__OPB54; f__; g__; s__	1.0
bd0c04b78729053c4becef2bc6c0ff11	k__Bacteria; p__Firmicutes; c__Clostridia; o__Clostridiales; f__Veillonellaceae; g__; s__	0.7
57935fa920d80ccdd5dcabdc8dfeaa43	k__Bacteria; p__Verrucomicrobia; c__[Pedosphaerae]; o__[Pedosphaerales]	1.0
2556fc20798a74f2616b95b3c2d00c29	k__Bacteria; p__Bacteroidetes; c__[Saprospirae]; o__[Saprospirales]; f__Saprospiraceae; g__; s__	1.0
8797e0f49dfae60bf158173c0b3196b1	k__Bacteria; p__SR1; c__; o__; f__; g__; s__	1.0
8e055b40f8b562616a11e27801881591	k__Bacteria; p__OD1	0.8
f499932218f288d5b95d01a4ef90432f	k__Bacteria; p__Proteobacteria; c__Alphaproteobacteria; o__; f__; g__; s__	0.8
405bdc5073807fa29f159618c1d3c7ac	k__Bacteria; p__Cyanobacteria; c__Chloroplast; o__Stramenopiles; f__; g__; s__	1.0
076f57ebc8e50044b50b42c1efe2b8fd	k__Bacteria; p__Proteobacteria; c__Gammaproteobacteria; o__Legionellales; f__Coxiellaceae; g__Aquicella; s__	1.0
4652d082bf31ab6852deff6e99fce662	k__Bacteria; p__Proteobacteria; c__Alphaproteobacteria; o__Sphingomonadales; f__Sphingomonadaceae; g__Novosphingobium; s__	0.6
3081a5c13686bbe1919b977710c8aa44	k__Bacteria; p__Proteobacteria; c__Gammaproteobacteria; o__Pseudomonadales; f__Moraxellaceae; g__Acinetobacter; s__rhizosphaerae	0.9
a9906d66fb8577c596bbe34e0726e91e	k__Bacteria; p__Chlamydiae; c__Chlamydiia; o__Chlamydiales	1.0
4a4c25c7950ae3303400e2686afb2804	k__Bacteria; p__Bacteroidetes; c__Bacteroidia; o__Bacteroidales; f__Porphyromonadaceae; g__Paludibacter; s__	1.0
9ae8910cab077340e9387d85a200c090	k__Bacteria; p__Proteobacteria; c__Betaproteobacteria	1.0
9a4cc0b7309e8551b72afef8f73cdfc3	k__Bacteria; p__Proteobacteria; c__Alphaproteobacteria	1.0
d30e26e671efde66e08edef094d6657e	k__Bacteria; p__Cyanobacteria; c__Chloroplast; o__Stramenopiles; f__; g__; s__	1.0
afba198e9dc18ad03392a4d22cc2a883	k__Bacteria; p__Actinobacteria; c__Actinobacteria; o__Actinomycetales; f__; g__; s__	0.6
bfbdb3a85bd6fdd29cb641daa0dcb134	k__Bacteria; p__Verrucomicrobia; c__Verrucomicrobiae; o__Verrucomicrobiales; f__Verrucomicrobiaceae; g__; s__	1.0
260fc90b0cddbfb112a727d1c70f5fdd	k__Bacteria; p__Verrucomicrobia; c__Verrucomicrobiae; o__Verrucomicrobiales; f__Verrucomicrobiaceae; g__; s__	1.0
a0db759ea1b12f9f721f1540090e9646	Unassigned	0.0
5923cc5392ea1941fbc205f9de3e1a77	k__Bacteria; p__Proteobacteria; c__Gammaproteobacteria; o__Pseudomonadales; f__Pseudomonadaceae; g__Pseudomonas; s__	0.9
859fbd58debeaa940c8fe46700e48ec9	k__Bacteria; p__Proteobacteria	1.0
11b216b182c674b0d08202df07f097fe	k__Bacteria; p__Proteobacteria; c__Gammaproteobacteria	0.6
d30f04e49ce0e1f6be901e65befe4611	k__Bacteria; p__Bacteroidetes; c__[Saprospirae]; o__[Saprospirales]; f__Chitinophagaceae; g__; s__	1.0
3dc8c6a9ed029b5d580e1a1d38ebb139	k__Bacteria; p__Cyanobacteria; c__Chloroplast; o__Cryptophyta; f__; g__; s__	1.0
f1d62b68adcf3c869de084b7c8888253	k__Bacteria; p__Proteobacteria; c__TA18; o__PHOS-HD29; f__; g__; s__	0.6
596f7716d3a6c48afd25b4b546d1430d	k__Bacteria; p__Proteobacteria; c__Gammaproteobacteria; o__Xanthomonadales; f__Xanthomonadaceae	1.0
d1e0cf66b8e63f1e29cd528ff23cf658	k__Bacteria; p__Actinobacteria; c__Thermoleophilia; o__Gaiellales; f__; g__; s__	1.0
b86f539a4e231202d02243c983567a52	k__Bacteria; p__TM6; c__SJA-4; o__; f__; g__; s__	1.0
8aeec324bf14e590dac420d5a99cc58a	k__Bacteria; p__Proteobacteria; c__Gammaproteobacteria; o__Methylococcales; f__Methylococcaceae; g__Methylomonas; s__	0.9
c4314a077b30bb4d08daaa7a2be5f24b	k__Bacteria; p__Gemmatimonadetes; c__Gemmatimonadetes; o__Gemmatimonadales; f__A1-B1; g__; s__	0.8
294d0b2de7aa7b5e831dd205daff4000	k__Bacteria; p__Bacteroidetes; c__Flavobacteriia; o__Flavobacteriales; f__Cryomorphaceae; g__; s__	1.0
d1e326b5e7e80444bf119e498bfe2273	k__Bacteria; p__Proteobacteria; c__Betaproteobacteria; o__; f__; g__; s__	0.7
fef2dd18a57063f0c95110a618dd5943	k__Bacteria; p__Proteobacteria; c__Alphaproteobacteria; o__Rhizobiales; f__; g__; s__	1.0
d76598ae81f25ad706aff95309efd6f3	k__Bacteria; p__Proteobacteria; c__Alphaproteobacteria; o__Rhodospirillales; f__Rhodospirillaceae; g__; s__	0.7
d9aecb1e74fd6e2b228eb49691da9c10	k__Bacteria; p__Cyanobacteria; c__Chloroplast; o__Euglenozoa; f__; g__; s__	1.0
bcfca76ec62f257a19a17ae356304623	k__Bacteria; p__Proteobacteria; c__Betaproteobacteria; o__; f__; g__; s__	0.7
457cd2f1bb0ceb3d8695384813115584	k__Bacteria; p__Acidobacteria; c__Solibacteres; o__Solibacterales; f__Solibacteraceae; g__Candidatus Solibacter; s__	1.0
a945c76980c63ddee3415fc73676492c	k__Bacteria; p__Planctomycetes; c__Planctomycetia; o__Planctomycetales; f__Planctomycetaceae; g__Planctomyces; s__	1.0
ac0f049a4a8fc097d19ea6db71eff16b	k__Bacteria; p__Proteobacteria; c__Deltaproteobacteria; o__Syntrophobacterales; f__Syntrophobacteraceae; g__Syntrophobacter; s__	1.0
3248398e42afd5562377a32a72feca27	k__Bacteria; p__OP11; c__OP11-2	1.0
f133eeb31a0f7b334ce5a1b875991c75	k__Bacteria; p__Cyanobacteria; c__Chloroplast; o__Stramenopiles; f__; g__; s__	1.0
942f34283bbf8d255ad08f5f9774622b	k__Bacteria; p__Bacteroidetes; c__Bacteroidia; o__Bacteroidales; f__SB-1; g__; s__	0.9
2fcfedb89b0bd7d75dbf955c8a9a460b	k__Bacteria; p__Proteobacteria; c__Alphaproteobacteria; o__Rickettsiales; f__Pelagibacteraceae; g__; s__	0.9
2510652647e4764d2007d1d293db240f	k__Bacteria; p__Chlorobi; c__OPB56; o__; f__; g__; s__	1.0
46f46a46c880743455d63d42d8f1244e	k__Bacteria; p__Proteobacteria; c__Gammaproteobacteria; o__Xanthomonadales; f__Xanthomonadaceae; g__; s__	0.7
1e36101bcd844aa5e23d2c437e9df23b	k__Bacteria; p__Bacteroidetes; c__Bacteroidia; o__Bacteroidales; f__; g__; s__	0.7
e25849ff3c6b6fced2fe613e2d3093d8	k__Bacteria; p__Proteobacteria	1.0
c79f9fa746832f79bc45bd0b2ef23c09	k__Bacteria; p__Bacteroidetes; c__[Saprospirae]; o__[Saprospirales]; f__Saprospiraceae; g__; s__	1.0
f024822da076fdcc23a8720b62cc68d4	k__Bacteria; p__Actinobacteria; c__Acidimicrobiia; o__Acidimicrobiales; f__C111; g__; s__	1.0
30ef53c9d6a7c731fe0796c14ee4619c	k__Bacteria; p__Verrucomicrobia; c__[Pedosphaerae]; o__[Pedosphaerales]; f__R4-41B; g__; s__	0.7
e9a9d842b8a5477d0e6a24ca161eaad8	k__Bacteria; p__Chloroflexi; c__Anaerolineae; o__SBR1031; f__A4b; g__; s__	1.0
2248848217e2b2b7356325cb43476348	k__Bacteria; p__Proteobacteria; c__Betaproteobacteria; o__Burkholderiales; f__Comamonadaceae; g__Limnobacter; s__	0.9
3f62039303b7a36a6030b759e8603946	Unassigned	0.0
61c4350afe76204d483c92ada19f1a74	k__Bacteria; p__Proteobacteria; c__Alphaproteobacteria; o__Rhodospirillales; f__Rhodospirillaceae; g__; s__	1.0
4920ee4e5012002c10f762aeab7b2f14	k__Bacteria; p__Proteobacteria; c__Alphaproteobacteria; o__Rhodobacterales; f__Rhodobacteraceae; g__Rhodobacter; s__	1.0
21ae17a794baf9a673b277a37ff16faf	k__Bacteria; p__Proteobacteria; c__Alphaproteobacteria; o__Sphingomonadales; f__Sphingomonadaceae	1.0
c5693a351fce9bf8d0281c808a2ccc7c	k__Bacteria; p__Proteobacteria; c__Deltaproteobacteria; o__NKB15; f__; g__; s__	0.6
d20715d64995400a4f8ccb3a8e97d9cf	k__Bacteria; p__Proteobacteria; c__Gammaproteobacteria; o__Legionellales; f__Legionellaceae; g__Legionella; s__	0.6
24d56c924761c17fd685611f8e0600b6	k__Bacteria; p__Proteobacteria; c__Alphaproteobacteria; o__Rhizobiales; f__; g__; s__	0.9
ac3d220194de563e851fc7c9744e876f	k__Bacteria; p__Proteobacteria; c__Alphaproteobacteria; o__Rhodobacterales; f__Rhodobacteraceae; g__; s__	0.8
832bb5efb7393365ab9406d1757294f6	k__Bacteria; p__Verrucomicrobia; c__[Pedosphaerae]; o__[Pedosphaerales]; f__R4-41B; g__; s__	0.7
af3e81de3c99a8406f26ffddc3d0f4a2	k__Bacteria; p__Proteobacteria; c__Alphaproteobacteria; o__Rhizobiales; f__Rhizobiaceae; g__; s__	0.6
5e22ca5d08679c882a1428353e295e1d	k__Bacteria; p__Planctomycetes; c__Planctomycetia; o__Pirellulales; f__Pirellulaceae; g__; s__	1.0
13469e75d01a3adae45138d7cebed20a	k__Bacteria; p__Proteobacteria; c__Alphaproteobacteria; o__Rhizobiales	1.0
600c95c395b9bfae8e1905231bfc9523	k__Bacteria; p__Proteobacteria; c__TA18; o__PHOS-HD29; f__; g__; s__	1.0
b5a6369a1276a5c67f5c69bbc9769371	k__Bacteria; p__Bacteroidetes; c__[Saprospirae]; o__[Saprospirales]; f__Chitinophagaceae; g__; s__	1.0
c6094f0ed187afacba078a0eb86ec839	k__Bacteria; p__Planctomycetes; c__vadinHA49; o__DH61; f__; g__; s__	1.0
96077f6d30b7902d7d610a3f2070fd8b	k__Bacteria; p__Acidobacteria; c__[Chloracidobacteria]; o__RB41; f__Ellin6075; g__; s__	1.0
c1d1ae10d9314c7d247424afa54ad380	k__Bacteria; p__Proteobacteria; c__Gammaproteobacteria; o__Xanthomonadales; f__Sinobacteraceae; g__; s__	1.0
fbd9236cc0dc54385ce0622ac148cfcb	k__Bacteria; p__Spirochaetes; c__Spirochaetes; o__Spirochaetales; f__Spirochaetaceae; g__; s__	0.8
4357882ede50680060e14a66cf0f08a2	k__Bacteria; p__Proteobacteria; c__Gammaproteobacteria; o__Pseudomonadales; f__Moraxellaceae; g__Perlucidibaca; s__	1.0
dd7ed9a609a38a608582cf2b8057265c	k__Bacteria; p__Firmicutes; c__Clostridia; o__Clostridiales; f__[Acidaminobacteraceae]; g__Fusibacter; s__	1.0
2cf6cdbbec84668ebc3426348a92aec5	k__Bacteria; p__Bacteroidetes; c__Sphingobacteriia; o__Sphingobacteriales; f__; g__; s__	1.0
e58d32d67380715c7857a6caf87df6a8	k__Bacteria; p__Cyanobacteria; c__Chloroplast; o__Streptophyta; f__; g__; s__	1.0
81791cd526c5634337214849523687ed	k__Bacteria; p__Proteobacteria; c__Betaproteobacteria; o__Burkholderiales; f__Comamonadaceae	1.0
13ac17403553f935cf69f853d9a915a8	k__Bacteria; p__Proteobacteria; c__Gammaproteobacteria; o__Chromatiales; f__; g__; s__	0.9
e87dc2573d709b64990c40cd21800428	k__Bacteria; p__Proteobacteria; c__Alphaproteobacteria; o__; f__; g__; s__	1.0
83549a2d2999d0f90fa68d8603e4f836	k__Bacteria; p__Proteobacteria; c__Alphaproteobacteria; o__Rhodospirillales; f__Acetobacteraceae; g__; s__	0.9
7d34c2410cd8c0b63fd44a70899e6a9b	k__Bacteria; p__Bacteroidetes; c__[Saprospirae]; o__[Saprospirales]; f__Saprospiraceae; g__; s__	0.9
e718ce13513c31c2f5d0571646ae9b70	k__Bacteria; p__Bacteroidetes; c__Sphingobacteriia; o__Sphingobacteriales; f__Sphingobacteriaceae; g__Pedobacter; s__	0.9
840b093779a4c81bc44a49d4525a1db6	k__Bacteria; p__Bacteroidetes; c__[Saprospirae]; o__[Saprospirales]; f__Chitinophagaceae; g__; s__	1.0
b93fe12fd88ae5a0a86a19f8803804da	k__Bacteria; p__Cyanobacteria; c__Chloroplast; o__Stramenopiles; f__; g__; s__	1.0
addb9806eb39b56e0f412962886d04f1	k__Bacteria; p__Proteobacteria; c__Alphaproteobacteria; o__Rhodospirillales; f__Acetobacteraceae; g__; s__	0.9
ca719bcec5d8a5999700331089560f8a	k__Bacteria; p__Proteobacteria; c__Gammaproteobacteria; o__Legionellales; f__Legionellaceae	0.9
3d9051cca881c783b875067cf20a52bb	k__Bacteria; p__Proteobacteria; c__Deltaproteobacteria; o__Spirobacillales; f__; g__; s__	1.0
bc3f4229ec86f7a785cc796975759950	k__Bacteria; p__Bacteroidetes; c__Sphingobacteriia; o__Sphingobacteriales; f__Sphingobacteriaceae; g__Pedobacter; s__	1.0
c2011443d21906aa4a3b926e27a97cfe	k__Bacteria; p__Proteobacteria; c__Betaproteobacteria; o__Rhodocyclales; f__Rhodocyclaceae	1.0
ede7d019609ec8229630cfa5a5ae7233	k__Bacteria; p__Proteobacteria	0.6
b65d4cefb0fd8b505fe0b086e2dfc3be	k__Bacteria; p__Proteobacteria; c__Gammaproteobacteria; o__Xanthomonadales; f__Sinobacteraceae; g__; s__	1.0
6a840fabb7cc619789b542f3b715f255	k__Bacteria; p__Chlorobi; c__SJA-28; o__; f__; g__; s__	0.9
8a6493376666fdaa5b3586d31d97823a	k__Bacteria; p__Proteobacteria; c__Betaproteobacteria; o__Rhodocyclales; f__Rhodocyclaceae; g__Sulfuritalea; s__	0.6
79b36c7bf546fb9419fa8eff616d81ee	k__Bacteria; p__Proteobacteria; c__Deltaproteobacteria; o__Spirobacillales; f__; g__; s__	1.0
95e86bc22a2c828d3e7881a5987e1a8b	k__Bacteria; p__Cyanobacteria; c__Chloroplast; o__Stramenopiles; f__; g__; s__	1.0
5e16f8b8fa083c1862081bbfb9df7321	k__Bacteria; p__Proteobacteria; c__Alphaproteobacteria; o__Rickettsiales; f__; g__; s__	1.0
1d93cf8cd2b3a653480d1e419da69db4	k__Bacteria; p__Proteobacteria; c__Alphaproteobacteria; o__Sphingomonadales; f__Sphingomonadaceae; g__; s__	0.6
23820b1d73b0f3ce2651a3ced865cc7f	k__Bacteria; p__Bacteroidetes; c__[Saprospirae]; o__[Saprospirales]; f__Chitinophagaceae; g__; s__	1.0
9a8cd2f8c7eca46a30dfe9a0f06b38fe	k__Bacteria; p__Bacteroidetes; c__[Saprospirae]; o__[Saprospirales]; f__Chitinophagaceae; g__; s__	1.0
26f2755caed4fe42e31a345b5f0c0d76	k__Bacteria; p__OD1; c__ZB2; o__; f__; g__; s__	0.9
177e9530ebfe4d56b6e3ca7b33424294	k__Bacteria; p__Proteobacteria; c__Gammaproteobacteria; o__Xanthomonadales; f__Xanthomonadaceae; g__; s__	0.8
dcf8ecb529c6a3828a5756d6e3ccf620	k__Bacteria; p__Bacteroidetes; c__Flavobacteriia; o__Flavobacteriales; f__[Weeksellaceae]; g__Chryseobacterium; s__	0.7
83be6624b14a1482081ca4461db63483	k__Bacteria; p__Proteobacteria; c__Betaproteobacteria; o__Rhodocyclales; f__Rhodocyclaceae; g__Dechloromonas; s__	0.6
ba4e42a1ea3664277aabd252c35d2a34	k__Bacteria; p__Firmicutes; c__Clostridia; o__Clostridiales	0.8
6cdcc9f8422cbfdda2a44efbec15d2c0	k__Bacteria; p__Planctomycetes; c__Planctomycetia; o__Pirellulales; f__Pirellulaceae; g__; s__	1.0
d7613cef89d3de2e4571923d19011887	k__Bacteria; p__Proteobacteria; c__Deltaproteobacteria; o__Myxococcales; f__; g__; s__	0.8
07d2e627c1491f5cfd3076d7a98d72de	k__Bacteria; p__Proteobacteria; c__Alphaproteobacteria; o__Rickettsiales; f__; g__; s__	0.9
3a3b201e7d375337cc029520f9481c5a	k__Bacteria; p__Proteobacteria; c__Deltaproteobacteria; o__NKB15; f__; g__; s__	1.0
2942fa238bcd4fd13b33a5d723db7c4d	k__Bacteria; p__Planctomycetes; c__Planctomycetia; o__Pirellulales; f__Pirellulaceae; g__; s__	1.0
f79c70921a571eb99bd412bfc140b402	k__Bacteria; p__Proteobacteria; c__Alphaproteobacteria; o__Rickettsiales; f__mitochondria	1.0
04dd4b097a1bd937fd2e72cce260f6f5	k__Bacteria; p__Proteobacteria; c__Betaproteobacteria; o__Burkholderiales; f__Alcaligenaceae; g__; s__	1.0
e1fcd5b4e320aa052ceb39fc1b2ade58	k__Bacteria; p__Chlorobi; c__OPB56; o__; f__; g__; s__	1.0
80c81e596081a4a522e0e42ef673bac2	k__Bacteria; p__Bacteroidetes; c__Sphingobacteriia; o__Sphingobacteriales; f__; g__; s__	0.7
4663cf3ae474a83a8a56a443f91959a4	k__Bacteria; p__Proteobacteria; c__Deltaproteobacteria; o__Myxococcales; f__; g__; s__	0.6
11e4da4e85f219f3cac20e1dddd8a1b7	Unassigned	0.0
edb8ee66a7a6bc92570a161ee517f2fe	k__Bacteria; p__WPS-2; c__; o__; f__; g__; s__	1.0
e14fa9df8e4061159a6bdb247b620964	k__Bacteria; p__Chloroflexi; c__Ellin6529; o__; f__; g__; s__	1.0
d34d6fc8f2d8ac3f6947269e5387baec	k__Bacteria; p__Proteobacteria; c__Deltaproteobacteria; o__Myxococcales; f__Myxococcaceae; g__; s__	1.0
316c268d01dc20f93f1a5b9be7a7f719	k__Bacteria; p__Proteobacteria; c__Betaproteobacteria; o__Burkholderiales; f__Comamonadaceae; g__Hydrogenophaga; s__	0.8
fd36b5c69aaa369d0c3693736b5e1ae8	k__Bacteria; p__Proteobacteria; c__Betaproteobacteria	1.0
42938325aa810ecc50774de73a5f9df8	k__Bacteria; p__Proteobacteria; c__Betaproteobacteria; o__Neisseriales; f__Neisseriaceae	0.8181818181818182
24402ba204b642869f00db33669893c0	k__Bacteria; p__TM7; c__TM7-1; o__; f__; g__; s__	1.0
d69d164658d5f5bdbfc5a15e1f78d0c7	k__Bacteria; p__Bacteroidetes	1.0
da59654fb450260513c0e7c2901d330d	k__Bacteria; p__Proteobacteria; c__Betaproteobacteria; o__Burkholderiales; f__; g__; s__	0.6
d3cca274959c6a09da257b3da365ad64	k__Bacteria; p__Proteobacteria; c__Gammaproteobacteria; o__Methylococcales; f__Crenotrichaceae; g__Crenothrix; s__	0.9
fc5c85d6403242b5ee21507f47c97899	k__Bacteria	1.0
2f69eac1d2be4f3d16a2e6463de3f15f	k__Bacteria; p__Proteobacteria; c__Alphaproteobacteria; o__Rhodobacterales; f__Rhodobacteraceae; g__; s__	0.7
ec497f543904e46fcf74180f9b0db302	k__Bacteria; p__Proteobacteria; c__Deltaproteobacteria; o__Desulfarculales; f__Desulfarculaceae; g__; s__	1.0
044463c2f16fb64e4272c7e5c4869842	k__Bacteria; p__Bacteroidetes; c__BME43; o__; f__; g__; s__	1.0
bdb135a84fa105581c9adb88b73f36ab	k__Bacteria; p__Proteobacteria; c__Betaproteobacteria; o__Burkholderiales; f__Oxalobacteraceae; g__; s__	0.9
8a204db8427d937bd121bdf6542427eb	k__Bacteria; p__Proteobacteria; c__Deltaproteobacteria; o__Bdellovibrionales; f__Bdellovibrionaceae; g__Bdellovibrio; s__	0.9
eeb8fb1e5f8c6860218b995cb366b56d	k__Bacteria; p__Firmicutes; c__Bacilli; o__Bacillales; f__[Exiguobacteraceae]; g__Exiguobacterium; s__	1.0
930856be6eadc7116e64c555e6904e85	k__Bacteria; p__Planctomycetes; c__Planctomycetia; o__Pirellulales; f__Pirellulaceae; g__; s__	0.9
36cb786064f92241e943bc597f32c640	k__Bacteria; p__Proteobacteria; c__Deltaproteobacteria; o__Myxococcales; f__; g__; s__	1.0
61a3fd0cf7875bc03cfa28d9347eee3e	k__Bacteria; p__Firmicutes; c__Bacilli; o__Turicibacterales; f__Turicibacteraceae; g__Turicibacter; s__	1.0
f5d4cba9b65a952916ad0562b08f8969	k__Bacteria; p__TM6; c__SJA-4; o__; f__; g__; s__	0.9
c02dccfcac29cc690484d594ac2e00e5	k__Bacteria; p__Proteobacteria; c__Gammaproteobacteria; o__Legionellales; f__Coxiellaceae; g__; s__	0.7
efda2580e9271f3e1d3fccb7b12c07a4	k__Bacteria; p__Actinobacteria; c__Thermoleophilia; o__Gaiellales; f__; g__; s__	1.0
38b2f0ddadd1548346bf31269894bd08	k__Bacteria; p__Cyanobacteria; c__Chloroplast; o__Stramenopiles; f__; g__; s__	1.0
58c837bbe832900795a68c110786000e	k__Bacteria; p__Proteobacteria; c__Alphaproteobacteria; o__Rickettsiales; f__; g__; s__	1.0
b94315785ef49d6e98f0286b0f56ed05	k__Bacteria; p__Proteobacteria	0.7
52a8bb63927980ecd4acb5aa4db810ba	k__Bacteria; p__Planctomycetes; c__Planctomycetia; o__Planctomycetales; f__Planctomycetaceae; g__Planctomyces; s__	1.0
64eede440ad150108579acb9aaa7d7aa	k__Bacteria; p__Proteobacteria; c__Alphaproteobacteria; o__Rickettsiales; f__mitochondria; g__; s__	1.0
2f37e8fece494818f2d5ffa79cf96388	k__Bacteria; p__Proteobacteria; c__Gammaproteobacteria	0.7
785d10cc2d565e9414c8f744658228f0	k__Bacteria; p__Proteobacteria; c__Alphaproteobacteria; o__; f__; g__; s__	1.0
05145d8c9cbaa7c64d98f08651a2da22	k__Bacteria; p__Cyanobacteria; c__Chloroplast; o__Chlorophyta	0.7
7915aaf33a362a26f37044874fd4bd4e	k__Bacteria; p__Cyanobacteria; c__Synechococcophycideae; o__Pseudanabaenales; f__Pseudanabaenaceae; g__Pseudanabaena; s__	1.0
4cbd4e4d7cd17bd52413390892445a07	k__Bacteria; p__Bacteroidetes; c__[Saprospirae]; o__[Saprospirales]; f__Chitinophagaceae; g__; s__	1.0
166d13544ae891a2be41748909ccb702	k__Bacteria; p__Proteobacteria; c__Alphaproteobacteria; o__Rickettsiales; f__Rickettsiaceae; g__; s__	1.0
92172394ba29e2650c59f24dac4b5c42	k__Bacteria; p__GN02; c__BD1-5; o__; f__; g__; s__	1.0
1942d1f4f23e625a8a5c38c4f410cecd	k__Bacteria; p__Bacteroidetes; c__[Saprospirae]; o__[Saprospirales]; f__Chitinophagaceae; g__Sediminibacterium; s__	1.0
c00ca80c72cf337d163cd5893673e458	k__Bacteria; p__Firmicutes; c__Bacilli; o__Bacillales; f__Bacillaceae; g__Bacillus; s__	1.0
f5993d3f775b94f620cd79b0e875df88	k__Bacteria; p__Bacteroidetes; c__Sphingobacteriia; o__Sphingobacteriales; f__; g__; s__	1.0
c8f7e6807bd57233aea303277fbd07ad	k__Bacteria; p__OD1; c__ZB2; o__; f__; g__; s__	1.0
9563e9f3c29d68f14fb9eff15f9b5e42	k__Bacteria; p__Proteobacteria; c__Deltaproteobacteria; o__Bdellovibrionales; f__Bdellovibrionaceae; g__Bdellovibrio; s__	1.0
e4f57ec6ce0236c9d8271e9f135bf587	k__Bacteria; p__Proteobacteria; c__Betaproteobacteria; o__Rhodocyclales; f__Rhodocyclaceae; g__; s__	1.0
b0463211539091b7a69c45b8179d24d6	k__Bacteria; p__Planctomycetes; c__Planctomycetia; o__Pirellulales; f__Pirellulaceae; g__Pirellula; s__	0.8
768aba4ea23fd40e7759b42d21f40140	k__Bacteria; p__Chlorobi; c__OPB56; o__; f__; g__; s__	1.0
b1ff1803e73c5adbcfe9f3197b489d41	k__Bacteria; p__Proteobacteria	0.9
5a39d8b15d8f4f64b816e4bc5ecdcc8a	k__Bacteria; p__Verrucomicrobia; c__Opitutae; o__Opitutales; f__Opitutaceae; g__Opitutus; s__	0.9
0f8876afdfc84ae0e73f28b46178cb36	k__Bacteria; p__Proteobacteria; c__Betaproteobacteria; o__Burkholderiales; f__Comamonadaceae; g__; s__	0.6
8726e10794885a9f17a9cb3ba3555ebb	k__Bacteria; p__Bacteroidetes; c__Cytophagia; o__Cytophagales; f__Cytophagaceae; g__; s__	1.0
454a657476e3af2a2720efbaaf8927cf	k__Bacteria; p__Proteobacteria; c__Deltaproteobacteria; o__Desulfobacterales; f__Desulfobacteraceae	0.7
391cb204a2d83fcdcb75f3b840e7d999	k__Bacteria; p__Proteobacteria; c__Alphaproteobacteria; o__Rhizobiales; f__; g__; s__	0.8
fcc09a70cbb634207ccf17dc6c933c67	k__Bacteria; p__Proteobacteria; c__Gammaproteobacteria	0.7
50d6d2b7d9f9ab3109ca39a48e5b9446	k__Bacteria; p__Chlorobi; c__OPB56; o__; f__; g__; s__	1.0
6982142a815d54e8e4971bc7f6220133	k__Bacteria; p__Proteobacteria; c__Alphaproteobacteria; o__Rickettsiales; f__mitochondria; g__Synedra; s__acus	1.0
5bc698f23ae4368eba058ced3ca9021d	k__Bacteria; p__Proteobacteria; c__Alphaproteobacteria; o__Sphingomonadales; f__Sphingomonadaceae; g__; s__	0.9
61b2c5714b5daed0a115a9a703b3e1ec	k__Bacteria; p__Proteobacteria; c__Gammaproteobacteria; o__Chromatiales	0.9
214b902479104d92b04b40d22f284745	k__Bacteria; p__Proteobacteria; c__TA18; o__PHOS-HD29; f__; g__; s__	1.0
a19efdb860ccdf727b136d97e53025fb	k__Bacteria; p__Proteobacteria; c__Alphaproteobacteria; o__Rhizobiales; f__Beijerinckiaceae; g__; s__	1.0
6725c910ff7668adf82692891a3c32d3	k__Bacteria; p__Proteobacteria; c__Gammaproteobacteria; o__Xanthomonadales; f__Sinobacteraceae; g__; s__	1.0
6186a2e60011c95d21f833ce21e1641d	k__Bacteria; p__TM7; c__SC3; o__; f__; g__; s__	1.0
f7d2113eaf91951470bc24b837c6183e	k__Bacteria; p__Proteobacteria; c__Alphaproteobacteria; o__Rhizobiales; f__Rhizobiaceae; g__Agrobacterium; s__	0.9
662985f00009a8873a48625c9b37cba0	k__Bacteria; p__Proteobacteria; c__Alphaproteobacteria; o__Rhizobiales; f__; g__; s__	0.7
cb31d6b28ac425e942e8bc8983b03968	k__Bacteria; p__OP3	1.0
51b72d6be049d00aafcf5fe8f46a6378	k__Bacteria; p__Proteobacteria; c__Deltaproteobacteria; o__Desulfuromonadales; f__Geobacteraceae; g__Geobacter; s__	0.9
771cd60afd2109ba86350ff7c13132ba	Unassigned	0.0
333bedeba403450b840c13c4a49c9267	k__Bacteria; p__Bacteroidetes; c__[Saprospirae]; o__[Saprospirales]; f__Chitinophagaceae; g__; s__	0.9
55c5b0fff60509eeba66dfcc6a169f1f	k__Bacteria; p__Proteobacteria; c__Betaproteobacteria; o__Burkholderiales; f__Comamonadaceae; g__; s__	0.8
6c1707720bc0b504559c14ced3db914b	k__Bacteria; p__Actinobacteria; c__Actinobacteria; o__Actinomycetales; f__ACK-M1; g__; s__	1.0
65d42e1175c99f82d3d91820a7a2e190	k__Bacteria; p__Bacteroidetes; c__Flavobacteriia; o__Flavobacteriales; f__Flavobacteriaceae; g__Flavobacterium; s__	1.0
3c3f817e1b056103d827020a1c0a22b9	k__Bacteria; p__Proteobacteria; c__Alphaproteobacteria; o__Rhodospirillales; f__Acetobacteraceae; g__; s__	0.9
55ddb281b786e653a37f7fdf08ae1e9a	k__Bacteria; p__TM6; c__SBRH58; o__; f__; g__; s__	0.9
9026996e64cb7ddc7339d228b6ac93f0	k__Bacteria; p__Proteobacteria; c__Gammaproteobacteria; o__Thiotrichales; f__Thiotrichaceae; g__Thiothrix; s__	1.0
fa05d16c5532694d87a588b25678cd6a	k__Archaea; p__[Parvarchaeota]; c__[Parvarchaea]; o__YLA114; f__; g__; s__	1.0
ac09a8ab61a19c8d2abe14200064ae71	k__Bacteria; p__Proteobacteria	1.0
20004708de664994fb4597c035c17a2e	Unassigned	0.0
237b8cab6168e463f803a18e52bd914f	k__Bacteria; p__Proteobacteria; c__Alphaproteobacteria; o__; f__; g__; s__	1.0
1c44ab420fb346d6c22e0ac5f33ee1fc	k__Bacteria; p__Bacteroidetes; c__Sphingobacteriia; o__Sphingobacteriales; f__; g__; s__	1.0
179b5764b5dc47b69d26134c49b3b98f	k__Bacteria; p__Proteobacteria; c__Deltaproteobacteria; o__Bdellovibrionales; f__Bacteriovoracaceae; g__; s__	0.9
093032261600ded3462d52213093795c	k__Bacteria; p__Proteobacteria; c__Alphaproteobacteria; o__BD7-3; f__; g__; s__	1.0
971e5954809c8c0173d9f54936dad13f	k__Bacteria; p__Cyanobacteria; c__Chloroplast; o__Chlorophyta; f__Trebouxiophyceae; g__; s__	0.6
7665dc6a31f7dc0e7901dbdba916468b	k__Bacteria; p__Verrucomicrobia; c__Opitutae; o__[Cerasicoccales]; f__[Cerasicoccaceae]; g__; s__	1.0
cb486e36515faa0d323e6bceb1a33f94	k__Bacteria; p__Proteobacteria; c__Deltaproteobacteria; o__Myxococcales; f__; g__; s__	1.0
1e8bce16b92c69470fd726736635b296	k__Bacteria; p__Verrucomicrobia; c__[Spartobacteria]; o__[Chthoniobacterales]; f__[Chthoniobacteraceae]; g__Candidatus Xiphinematobacter; s__	1.0
ae5d94e83e1c75bfbf7f6a89efc846d8	k__Bacteria; p__Cyanobacteria; c__Chloroplast; o__Stramenopiles; f__; g__; s__	1.0
8140c3050a0bc51319453ab33d4ed4d7	k__Bacteria; p__Proteobacteria; c__Deltaproteobacteria; o__Myxococcales; f__; g__; s__	0.8
ab1761e680ecd9ea503dd9184376ddaf	k__Bacteria; p__Bacteroidetes; c__[Saprospirae]; o__[Saprospirales]; f__Saprospiraceae; g__; s__	0.7
9f710737dbea9bd29be66e235d924a52	k__Bacteria; p__Proteobacteria; c__Betaproteobacteria; o__Ellin6067; f__; g__; s__	1.0
b89e7faae51c62759eb49c39fb16cace	k__Bacteria; p__Proteobacteria; c__Alphaproteobacteria; o__Rhizobiales; f__; g__; s__	0.9
6f50cce5abef30ddb77859f9b32727ce	k__Bacteria; p__Verrucomicrobia; c__Verrucomicrobiae; o__Verrucomicrobiales; f__Verrucomicrobiaceae; g__; s__	1.0
50bb75f98bb360ec5b37edf8ca305878	k__Bacteria; p__Bacteroidetes; c__Cytophagia; o__Cytophagales; f__Cytophagaceae	0.7
50d500564df4b167ad26f770fd41a67a	k__Bacteria; p__Proteobacteria; c__Alphaproteobacteria; o__Rhodobacterales; f__Rhodobacteraceae; g__Rhodobacter; s__	1.0
e1aa91be09b1348dd0036d515f96f07d	k__Bacteria; p__Bacteroidetes; c__Sphingobacteriia; o__Sphingobacteriales; f__Sphingobacteriaceae; g__; s__	0.9
6930330fe09df714abe1fb3f1bbac766	k__Archaea; p__Euryarchaeota; c__Methanomicrobia; o__Methanosarcinales; f__Methanosaetaceae; g__Methanosaeta; s__	1.0
44e179428dc74d18e2f0cde54127af0b	k__Bacteria; p__Proteobacteria; c__Alphaproteobacteria; o__Rhizobiales; f__; g__; s__	1.0
96d9eb3845977bf63fe0ed01356a5ccc	Unassigned	0.0
034bffd550d1feaf9dcc1cce62343839	k__Bacteria; p__Cyanobacteria; c__Chloroplast; o__Stramenopiles; f__; g__; s__	1.0
f6696803d34f69ef210f01b8ce79fdf9	k__Bacteria; p__Firmicutes; c__Clostridia; o__Clostridiales; f__Clostridiaceae; g__Clostridium; s__	0.7
5a53bf88e442b21a1292dd56b91fa41c	k__Bacteria; p__Proteobacteria; c__Deltaproteobacteria; o__Spirobacillales; f__; g__; s__	1.0
ff2ec4f17d26abe2691e540c3e34389b	k__Bacteria; p__Proteobacteria; c__Betaproteobacteria; o__Rhodocyclales; f__Rhodocyclaceae; g__Propionivibrio; s__	0.9
30ec83d09d47b7b13a99a697d3e2ce7f	k__Archaea; p__[Parvarchaeota]; c__[Parvarchaea]; o__WCHD3-30; f__; g__; s__	1.0
64d49346bfea9a7159178e4b6ef4480d	k__Bacteria; p__Cyanobacteria; c__; o__; f__; g__; s__	0.7
e17c99cb71237948baa3076e3ab90705	k__Bacteria; p__Proteobacteria; c__Deltaproteobacteria; o__Desulfuromonadales; f__Geobacteraceae; g__Geobacter; s__	0.9
c1a93f10ebaa8926a733374d80dbfbbb	k__Bacteria; p__Planctomycetes; c__Planctomycetia; o__Pirellulales; f__Pirellulaceae; g__; s__	1.0
fa411f132933f27b69d1c66e159190c7	k__Bacteria; p__Chloroflexi; c__Chloroflexi; o__[Roseiflexales]; f__; g__; s__	0.8
12c66565dfa2d4b562e5ee19295bd09b	k__Bacteria; p__Bacteroidetes; c__Bacteroidia; o__Bacteroidales; f__; g__; s__	0.6
3e7a77b3bbea9b0458da9e7e050ac339	Unassigned	0.0
27232024b8453caa288fa278c577e69c	k__Bacteria; p__Proteobacteria; c__Alphaproteobacteria; o__BD7-3; f__; g__; s__	1.0
b01931b8af16bee793b6d634794f18ac	k__Bacteria; p__Bacteroidetes; c__[Saprospirae]; o__[Saprospirales]; f__Saprospiraceae; g__; s__	1.0
b9a6b8a1d8bf6bf5990c7a66d634130e	k__Bacteria; p__Cyanobacteria; c__Nostocophycideae; o__Stigonematales; f__Rivulariaceae; g__; s__	0.6
fa1c7b3f87e3fda76a4a9b7715498770	k__Bacteria; p__Proteobacteria; c__Deltaproteobacteria; o__Myxococcales; f__OM27; g__; s__	1.0
135155d681c8a29a328b0dbd86c0f956	k__Bacteria; p__Chloroflexi; c__Anaerolineae; o__SJA-15; f__; g__; s__	1.0
23f3bc330f220bd3f4b8820eba6ee8ae	k__Bacteria; p__Proteobacteria; c__Alphaproteobacteria; o__Rickettsiales; f__; g__; s__	0.6
3000bc760912aff3ea2eb87192c89db2	k__Bacteria; p__Planctomycetes; c__Planctomycetia; o__Pirellulales; f__Pirellulaceae; g__; s__	1.0
a622cc913fa06b2415e7dcbc9c68861b	k__Bacteria; p__Proteobacteria; c__Alphaproteobacteria; o__; f__; g__; s__	1.0
2547b1ffdef22d499a7946552cb1ea3a	Unassigned	0.0
346d68345bbcc0face1d733049005457	k__Bacteria; p__OD1; c__ZB2; o__; f__; g__; s__	0.9
d29754126fd051ed79e30c09807107bf	k__Bacteria; p__Proteobacteria; c__Gammaproteobacteria; o__Pseudomonadales; f__Moraxellaceae; g__Perlucidibaca; s__	1.0
1ecdbdd048a8149c8fc7ea49cf0c1b0c	k__Bacteria; p__Proteobacteria; c__Alphaproteobacteria	0.8
88959d32b8a14884f4c9b23c0ea23f0a	k__Bacteria; p__Planctomycetes; c__Phycisphaerae; o__Phycisphaerales; f__; g__; s__	1.0
d2e353a46304c9ed4f24888fe3e256ff	k__Bacteria; p__Bacteroidetes; c__[Saprospirae]; o__[Saprospirales]; f__; g__; s__	0.9
5653b379e03e56b046d3e3be57a18955	k__Bacteria; p__Proteobacteria; c__Alphaproteobacteria; o__Rhizobiales; f__; g__; s__	1.0
50688ac8cdcbc239bc3d448df59648a0	k__Bacteria; p__Planctomycetes; c__Planctomycetia; o__Pirellulales; f__Pirellulaceae; g__; s__	1.0
3fddebcd5c69432d56072db9fec90402	k__Bacteria; p__Bacteroidetes; c__[Saprospirae]; o__[Saprospirales]; f__Saprospiraceae; g__; s__	1.0
ac4fa132490e1b5433370c65251d7aca	k__Bacteria; p__Proteobacteria; c__Alphaproteobacteria; o__Rhizobiales; f__; g__; s__	1.0
e9d0ceddd47ceebcf5b1ede6ed9433d6	k__Bacteria; p__Proteobacteria; c__Betaproteobacteria; o__Rhodocyclales; f__Rhodocyclaceae; g__Dechloromonas; s__	0.9
ba860f08a15f988f2b1140eb372615c8	k__Bacteria; p__Proteobacteria; c__Alphaproteobacteria; o__Rhizobiales; f__Hyphomicrobiaceae; g__Hyphomicrobium; s__	0.9
d162243a9d03308846a0c6d724a6e7ee	k__Bacteria; p__TM6; c__SJA-4; o__; f__; g__; s__	1.0
031c849d112a7f3ee333f1a78b62730c	k__Bacteria; p__Proteobacteria; c__Gammaproteobacteria; o__Methylococcales; f__; g__; s__	0.9
6ba6430e3db2762064d84c518de76dc6	k__Bacteria; p__Spirochaetes; c__Spirochaetes; o__Spirochaetales; f__Spirochaetaceae; g__Treponema; s__	0.7
afe8259124b0fe3e6e29a82f1ccf6469	k__Bacteria; p__Proteobacteria; c__Deltaproteobacteria; o__BPC076; f__; g__; s__	1.0
3e49a9aa4ea7c02be75478f422a21528	k__Bacteria; p__Planctomycetes; c__vadinHA49; o__DH61; f__; g__; s__	1.0
9524ac39a147387fae9fee49cd4261db	k__Bacteria; p__Proteobacteria; c__Alphaproteobacteria	0.6
ede3082340e85805f373f96d9e2b498a	k__Bacteria; p__Proteobacteria; c__TA18; o__PHOS-HD29; f__; g__; s__	0.7
7c1b8dc6564596c721035c31d46e6274	k__Bacteria; p__Proteobacteria; c__Gammaproteobacteria; o__Methylococcales; f__Crenotrichaceae; g__Crenothrix; s__	1.0
e518221d220f956ddcc349c2be9cdc5c	k__Bacteria; p__Proteobacteria; c__Alphaproteobacteria; o__Ellin329; f__; g__; s__	0.7
f1e156d0d578478044cec330b9f794ec	k__Bacteria; p__Planctomycetes; c__Planctomycetia; o__Pirellulales; f__Pirellulaceae; g__; s__	0.9
e31e4993b668be47ca7379c8ee10cac2	k__Bacteria; p__Firmicutes; c__Clostridia; o__Clostridiales; f__Ruminococcaceae; g__; s__	1.0
4b82b326ddd5d478cd4fcfb209b7b231	k__Bacteria; p__Firmicutes; c__Bacilli; o__Bacillales; f__Staphylococcaceae; g__Staphylococcus; s__	0.6
a46fa79ec465a5b4b8fdd8ad7157fca6	k__Bacteria; p__Proteobacteria; c__Gammaproteobacteria; o__Xanthomonadales; f__Xanthomonadaceae; g__; s__	1.0
619756a46cc517bb6d8ca5aaba9b9911	k__Bacteria; p__Bacteroidetes; c__[Saprospirae]; o__[Saprospirales]; f__Chitinophagaceae; g__; s__	1.0
b0e8d30432e18bc13c0faf7fe7bc7379	k__Bacteria; p__Bacteroidetes; c__Bacteroidia; o__Bacteroidales; f__Rikenellaceae; g__Blvii28; s__	1.0
7b64abfdf7a13fc606a2c68af7ef3e2a	k__Bacteria; p__Actinobacteria; c__Actinobacteria; o__Actinomycetales; f__Nocardiaceae; g__Rhodococcus; s__	1.0
7c7aa33b74b5f5cb115753ea2f85c632	k__Bacteria; p__Proteobacteria; c__Gammaproteobacteria; o__Xanthomonadales; f__Xanthomonadaceae	1.0
cbbd2f47951e4e4a9cfbc2f548b99dea	k__Bacteria; p__Verrucomicrobia; c__Verrucomicrobiae; o__Verrucomicrobiales; f__Verrucomicrobiaceae; g__Verrucomicrobium; s__	1.0
3b580f768883eb0b1b9ef5cb554d7bbe	k__Bacteria; p__GN02; c__BD1-5; o__; f__; g__; s__	0.75
da6c8e4d90c34bf7a5427eafaeac2d80	k__Bacteria; p__Bacteroidetes; c__Bacteroidia; o__Bacteroidales; f__; g__; s__	1.0
e2c978ea944e3c17a9aca1c4f8d1e813	k__Bacteria; p__Proteobacteria; c__Alphaproteobacteria; o__Rhizobiales; f__Hyphomicrobiaceae; g__Rhodoplanes; s__	0.9
09e816a2e9b86df9a17501125f6872de	k__Bacteria; p__Actinobacteria; c__Actinobacteria; o__Actinomycetales; f__; g__; s__	1.0
3cbf3878cf98fe7b41683540ee9e43ef	k__Bacteria; p__Proteobacteria; c__Betaproteobacteria; o__Thiobacterales; f__; g__; s__	0.6
6f4617e60daa1d1b6ea79bd586fc1ea5	k__Bacteria; p__Proteobacteria; c__Deltaproteobacteria	0.7
7e98046f73a54b6fc0b8420fcf2ce502	k__Bacteria; p__Proteobacteria; c__Alphaproteobacteria; o__Rickettsiales; f__mitochondria; g__Phytophthora	0.75
0e27b469c64891297c7a65c37a3d79ab	k__Bacteria; p__Bacteroidetes; c__Flavobacteriia; o__Flavobacteriales; f__Flavobacteriaceae; g__Flavobacterium; s__	1.0
0a5665991d541abd6d98b60059cb683b	k__Bacteria; p__Bacteroidetes; c__Flavobacteriia; o__Flavobacteriales; f__Flavobacteriaceae; g__Flavobacterium; s__	0.8
ec5d22b9d65c660e58231579882f6de1	k__Bacteria; p__Proteobacteria; c__Epsilonproteobacteria; o__Campylobacterales; f__Helicobacteraceae; g__; s__	1.0
939fa7d00a0e75e2b3e890cca19b509a	k__Bacteria; p__Proteobacteria; c__Alphaproteobacteria; o__Rhizobiales; f__; g__; s__	0.7
df59b843eec42b5ed33b3d5ec1bbfa55	k__Bacteria; p__Chloroflexi; c__Anaerolineae; o__Anaerolineales; f__Anaerolinaceae; g__; s__	0.9
41da99cea40b1d0b23acc3b9aa88e201	k__Bacteria; p__Proteobacteria; c__Betaproteobacteria; o__Burkholderiales; f__Comamonadaceae; g__Hydrogenophaga; s__	0.7
b18b8ee306ed9c7ba195a6f84d75fb25	k__Bacteria; p__Firmicutes; c__Bacilli; o__Bacillales; f__[Exiguobacteraceae]	0.8
e0c74821d7377fc397bf0c8eaa71ee82	k__Bacteria; p__Proteobacteria; c__Alphaproteobacteria; o__Rhizobiales; f__; g__; s__	0.9
aa5fc271e9136bfc3473874d1d24b828	k__Bacteria; p__Proteobacteria; c__Alphaproteobacteria; o__Sphingomonadales; f__Sphingomonadaceae; g__Sphingomonas	0.7
30e631fea73817c37d5d665756e83697	k__Bacteria; p__OD1; c__ZB2; o__; f__; g__; s__	1.0
fd779da15989980cbaa484237e2f4ccf	k__Bacteria; p__Proteobacteria; c__Alphaproteobacteria; o__Rhizobiales; f__Rhizobiaceae	1.0
841add4ff7e728f4507c7f6a8cff4a8a	k__Bacteria; p__Planctomycetes; c__Planctomycetia; o__Pirellulales; f__Pirellulaceae; g__; s__	1.0
2f0652fb0d1831fa222a49a754b75b26	k__Bacteria; p__Firmicutes; c__Erysipelotrichi; o__Erysipelotrichales; f__Erysipelotrichaceae; g__RFN20; s__	0.8
4b28bc1640f3ba12ebea0de4dda97e7b	k__Bacteria; p__Proteobacteria; c__Epsilonproteobacteria; o__Campylobacterales; f__Helicobacteraceae	0.9
630c2193a9ce38c16c4da5c095d66f3d	Unassigned	0.0
ae79a349b3a849e1ceebebedab91fdcf	k__Bacteria; p__Verrucomicrobia; c__Opitutae; o__[Cerasicoccales]; f__[Cerasicoccaceae]; g__; s__	1.0
fd7da3dfc572a65c06b27337075b0cc8	k__Bacteria; p__Actinobacteria; c__Acidimicrobiia; o__Acidimicrobiales; f__C111; g__; s__	1.0
5a1bac6e09fc4960deeba92c96a8df32	k__Bacteria; p__Proteobacteria; c__Deltaproteobacteria; o__Syntrophobacterales; f__Syntrophobacteraceae; g__; s__	1.0
9b2ee7752933e31b62cdc60431417107	k__Bacteria; p__Proteobacteria; c__Gammaproteobacteria; o__Methylococcales; f__Crenotrichaceae; g__Crenothrix; s__	0.8
dfc0a9a787816d08c3bdd1c3a0c269e5	Unassigned	0.0
4fc98fc87ee98740de9c7746aebd79da	k__Bacteria; p__Chloroflexi; c__Anaerolineae; o__SJA-15; f__; g__; s__	1.0
74bb9fc35055eb1fcf484183fc4d0c86	k__Bacteria; p__Proteobacteria; c__Alphaproteobacteria; o__Rhodospirillales; f__Acetobacteraceae; g__; s__	0.9
bf59763a7950f8cf55dc904f4dc008cf	Unassigned	0.0
5bdaca8edd8bb1985ce145504fc020dc	k__Bacteria; p__Armatimonadetes; c__Armatimonadia; o__Armatimonadales; f__Armatimonadaceae; g__; s__	0.6
9b215bd7b0f5f1e43a425ac8d74a2964	k__Bacteria; p__Proteobacteria; c__Alphaproteobacteria; o__Rhodobacterales; f__Hyphomonadaceae; g__; s__	1.0
f734eb52cc4b9d50d9e9427c50661ea3	k__Bacteria; p__OP3; c__BD4-9; o__; f__; g__; s__	0.6
feb04c5d58e9afafed4c8f62bbdbb654	Unassigned	0.0
ae650ee18f21bd20102eb58c058aabaa	k__Bacteria; p__Proteobacteria; c__Alphaproteobacteria; o__Rhizobiales; f__Xanthobacteraceae; g__; s__	0.8
ecdd24754cd7e44f0079a05ca2788ab7	Unassigned	0.0
2b11c6680ee015afdb75fc941843e4be	k__Bacteria; p__Proteobacteria; c__Alphaproteobacteria; o__Rickettsiales; f__Holosporaceae; g__; s__	0.7
6b053ed2e64acd24de7c9502e9af98e7	k__Bacteria; p__Verrucomicrobia; c__Verrucomicrobiae; o__Verrucomicrobiales; f__Verrucomicrobiaceae; g__; s__	1.0
2125c63faf434798f750b71e8b367cee	k__Bacteria; p__Proteobacteria	0.6
756c9ecaa1de7ff34f012abbb7fc35ad	k__Bacteria; p__Armatimonadetes; c__[Fimbriimonadia]; o__[Fimbriimonadales]; f__; g__; s__	0.9
8d1c53361df57d3152d5f2f4aca735d2	k__Archaea; p__[Parvarchaeota]; c__[Parvarchaea]; o__YLA114; f__; g__; s__	1.0
bb5da1e4726e6712b0521f0856fd462c	k__Bacteria; p__Proteobacteria; c__Betaproteobacteria; o__Procabacteriales; f__Procabacteriaceae; g__; s__	0.9
5966039ff2959421a3daa17e0e53d213	k__Bacteria; p__Bacteroidetes	1.0
77c45dc2cabedbae93a8eeb5d615ca4d	k__Bacteria; p__OD1; c__; o__; f__; g__; s__	0.6
420cc60e8632b20b40710637e34d1ff0	k__Bacteria; p__Verrucomicrobia; c__Opitutae; o__[Cerasicoccales]; f__[Cerasicoccaceae]; g__; s__	1.0
a7f4e924910145c2314abcda971d204c	k__Bacteria; p__Spirochaetes; c__Spirochaetes; o__Spirochaetales; f__Spirochaetaceae; g__; s__	0.6
8aca0d7b5cc8febe664c434e06d9bfda	k__Bacteria; p__Acidobacteria; c__DA052; o__Ellin6513; f__; g__; s__	0.6
5c0c37f65ce30c221e5da09454e4b97a	k__Bacteria; p__Acidobacteria; c__Holophagae; o__Holophagales; f__Holophagaceae; g__; s__	0.9
4813bdf8cbcd2f8217a9b3807bc3d348	k__Bacteria; p__Cyanobacteria; c__Chloroplast	0.9
67758ac2e49539fa51b13ab961f3e51b	k__Bacteria; p__Gemmatimonadetes; c__Gemmatimonadetes; o__Gemmatimonadales; f__Gemmatimonadaceae; g__Gemmatimonas; s__	0.9
f0a473c71291a11f4d8670953c8e8df3	k__Bacteria; p__Bacteroidetes; c__Flavobacteriia; o__Flavobacteriales; f__Cryomorphaceae; g__; s__	1.0
8a8dc49298edf34770bab9482cddd913	k__Bacteria; p__Firmicutes; c__Clostridia; o__Clostridiales; f__Peptostreptococcaceae; g__; s__	1.0
ea8f3fe4e2174c93db910c9bce70bc5e	k__Bacteria; p__Bacteroidetes; c__Flavobacteriia; o__Flavobacteriales; f__Flavobacteriaceae; g__Flavobacterium; s__	1.0
74c50c55e71802160da9372c9bac6003	k__Bacteria; p__Proteobacteria; c__Alphaproteobacteria; o__Rickettsiales; f__; g__; s__	1.0
f16ff51df4497c2d085c523e52178455	k__Bacteria	1.0
4b4aae12239eb3ccadc22b3226a21d7b	k__Bacteria; p__Verrucomicrobia; c__Verrucomicrobiae; o__Verrucomicrobiales; f__Verrucomicrobiaceae	1.0
c0414f1edf446ce7a5e81dcea1a91000	k__Bacteria; p__Cyanobacteria; c__; o__; f__; g__; s__	0.6
d751fee9597deaf144effc33680387bc	k__Bacteria; p__Cyanobacteria; c__4C0d-2	1.0
0cee2167f9a26882060e380ccab88000	k__Bacteria; p__Proteobacteria; c__Deltaproteobacteria; o__; f__; g__; s__	1.0
607e37139a8e0b5049470ed8a2324e2a	k__Bacteria; p__Proteobacteria; c__Deltaproteobacteria; o__Bdellovibrionales; f__Bacteriovoracaceae; g__; s__	0.9
42489802f45d595a00813399e28f9888	k__Bacteria; p__Proteobacteria	0.6
7dd705c5d91fa303bf0f4d996b832e91	k__Bacteria; p__Bacteroidetes; c__VC2_1_Bac22; o__; f__; g__; s__	0.6
5e97c919acd3507baceba66aef22b6b8	Unassigned	0.0
0fe29506684587a461c02278762a3f98	k__Bacteria; p__SR1; c__; o__; f__; g__; s__	0.5555555555555556
b0725257b548e537372393842c0b6978	k__Bacteria; p__Proteobacteria; c__Deltaproteobacteria; o__Myxococcales; f__; g__; s__	1.0
0fd411ac8fa7945ec5e701e953ad8e43	k__Bacteria; p__Proteobacteria; c__Alphaproteobacteria; o__Rickettsiales; f__mitochondria	1.0
b57bedefac3d7d74b42798e1272fcfc2	k__Archaea; p__Euryarchaeota	0.8
1819d710221b05e0120eab12021c4810	k__Bacteria; p__Cyanobacteria; c__Chloroplast; o__Streptophyta; f__; g__; s__	1.0
91bdd3e56aee0735cf27ba593da52561	k__Bacteria; p__Bacteroidetes; c__Bacteroidia; o__Bacteroidales; f__Bacteroidaceae; g__Bacteroides; s__	1.0
b7e020580c6ecf03bbec338eb51979f4	k__Bacteria; p__GN02; c__BD1-5; o__; f__; g__; s__	1.0
abf5085c024b17381cdea8b4f1c1fdd2	k__Bacteria	1.0
930e1616aed4949ed3abac6b62c7a3cb	k__Bacteria; p__Verrucomicrobia; c__Verrucomicrobiae; o__Verrucomicrobiales; f__Verrucomicrobiaceae; g__; s__	0.9
6c0aa116128e5429fa00a5816b7c3452	k__Bacteria; p__Proteobacteria; c__Alphaproteobacteria; o__Rickettsiales; f__; g__; s__	0.9
27ef7864d658835fe84601d8f8f3e646	k__Bacteria; p__Proteobacteria; c__Alphaproteobacteria; o__Rhodospirillales; f__Rhodospirillaceae; g__; s__	1.0
752492a64c6d556f096f88a5f82382b6	k__Bacteria; p__Chlamydiae; c__Chlamydiia; o__Chlamydiales; f__Rhabdochlamydiaceae; g__Candidatus Rhabdochlamydia; s__	0.7
0a99aa2fa6aebcbd7de3c01623ffd6da	k__Bacteria; p__Bacteroidetes; c__Flavobacteriia; o__Flavobacteriales; f__Cryomorphaceae	1.0
39ab80efdebd91bd14a49d6dce2f0447	k__Bacteria; p__Proteobacteria; c__Betaproteobacteria; o__Burkholderiales; f__Oxalobacteraceae; g__Polynucleobacter; s__cosmopolitanus	0.7
873b5478c431a14374b677f27f82a0f2	k__Bacteria; p__Proteobacteria; c__Alphaproteobacteria; o__Rhizobiales	0.6
fddaa8e1dd7541b0135ff6874ddcf76c	k__Bacteria; p__Proteobacteria; c__Alphaproteobacteria; o__Rhodospirillales; f__Rhodospirillaceae; g__; s__	1.0
46eafc07b85d32b7f2198f5073500fc5	k__Bacteria; p__Verrucomicrobia; c__Opitutae; o__Opitutales; f__Opitutaceae; g__Opitutus; s__	0.9
32c8c0badcb6c01a5d77bd2012bf393b	k__Bacteria; p__Proteobacteria; c__Deltaproteobacteria; o__Desulfarculales; f__Desulfarculaceae; g__; s__	1.0
d6e96c959a07cab5f98f33cfdfede3a1	k__Bacteria; p__Proteobacteria; c__Betaproteobacteria; o__Burkholderiales; f__Comamonadaceae; g__; s__	0.6
f712f8bf97a3529dd34fb6b169530e84	k__Bacteria; p__Proteobacteria; c__TA18; o__PHOS-HD29; f__; g__; s__	1.0
0b87cd94df92c006e3e4f736e282cd73	k__Bacteria; p__Proteobacteria; c__Alphaproteobacteria; o__Rickettsiales; f__; g__; s__	0.8
a040e613af1c65f594ce74b63c868f07	k__Bacteria; p__Proteobacteria; c__Deltaproteobacteria; o__Myxococcales; f__; g__; s__	0.7
d19f4a2e01ba24d821819503f6e27ad4	k__Bacteria; p__Verrucomicrobia; c__Opitutae; o__Opitutales; f__Opitutaceae; g__Opitutus; s__	1.0
330cf7e77bfd99f693b6b3232f32c9d8	k__Bacteria; p__Proteobacteria; c__Alphaproteobacteria; o__; f__; g__; s__	1.0
60dbb0f0133bc01a891670c49fc651e9	k__Bacteria; p__Proteobacteria; c__Alphaproteobacteria; o__Caulobacterales; f__Caulobacteraceae; g__; s__	0.7
e2c344f880ec7761f8dece9cab85590c	k__Bacteria; p__Planctomycetes; c__Planctomycetia; o__Gemmatales; f__Gemmataceae; g__Gemmata; s__	0.6
57f7e040629c70fe7c8203d9f8d56f89	k__Bacteria; p__Chloroflexi; c__Ellin6529; o__; f__; g__; s__	1.0
bca98875112c7694e1e2808001f8321d	k__Bacteria; p__Armatimonadetes; c__[Fimbriimonadia]; o__[Fimbriimonadales]; f__[Fimbriimonadaceae]	1.0
4f931b17c18eb3f88b57c55086fd46c9	k__Bacteria; p__OP11; c__OP11-2; o__WCHB1-07; f__; g__; s__	0.9
dee8a50ca801088aa3168d4ce1a9b664	k__Bacteria; p__Proteobacteria; c__Gammaproteobacteria; o__Pseudomonadales; f__Moraxellaceae; g__Perlucidibaca; s__	1.0
2816f106f066d1b9612881f35aefd642	k__Bacteria; p__Firmicutes; c__Clostridia; o__Clostridiales; f__Lachnospiraceae; g__Coprococcus; s__	0.9
43f4bf474d96ac029ff8c9d74439e178	k__Bacteria; p__Acidobacteria; c__DA052; o__Ellin6513; f__; g__; s__	1.0
48adb230ac0a9ae2dbf9168ff5310738	k__Bacteria; p__Proteobacteria; c__Betaproteobacteria; o__Rhodocyclales; f__Rhodocyclaceae; g__Dechloromonas; s__	0.9
1564f0e74eeb7b99b26c23729874f806	k__Bacteria; p__Cyanobacteria; c__Chloroplast; o__Streptophyta; f__; g__; s__	1.0
dfa40cb0404198db81f3ce725c0968a3	k__Bacteria; p__Proteobacteria; c__TA18; o__PHOS-HD29; f__; g__; s__	1.0
06a7ca10ad668c640d38642875a0a7b4	k__Bacteria; p__Fusobacteria; c__Fusobacteriia; o__Fusobacteriales; f__Fusobacteriaceae; g__Cetobacterium; s__somerae	1.0
7b49914da2607dce003455575e1b0e04	k__Bacteria; p__Proteobacteria; c__Deltaproteobacteria; o__Bdellovibrionales; f__Bacteriovoracaceae; g__; s__	0.9
c24affaac97677102728d040d47ecb40	k__Bacteria; p__Chlamydiae; c__Chlamydiia; o__Chlamydiales; f__Parachlamydiaceae	0.9
890599437cdf77f653ea375580351441	k__Bacteria; p__OD1; c__ABY1; o__; f__; g__; s__	1.0
374e7cf45e4f6aca1e750e79c89a850a	k__Bacteria; p__Proteobacteria; c__Deltaproteobacteria; o__Spirobacillales; f__; g__; s__	1.0
22cd44cc3fbbdb8b9ff74aa2bf2084f9	k__Bacteria; p__Proteobacteria; c__Deltaproteobacteria; o__Myxococcales; f__Haliangiaceae; g__; s__	1.0
c8f9837d03e5599cd2f42002fca0091c	k__Bacteria; p__Actinobacteria; c__Actinobacteria; o__Actinomycetales; f__ACK-M1; g__; s__	1.0
015bf60f6a3ddd6c4df3d0d7d96fa560	k__Bacteria	1.0
f99d911e0172e7f6a3c1d3d7a7f1aa9e	k__Bacteria; p__Bacteroidetes; c__Bacteroidia; o__Bacteroidales; f__Porphyromonadaceae; g__Paludibacter; s__	1.0
1b7503a823218012dfa7388880ead2e5	k__Bacteria; p__Chloroflexi; c__Chloroflexi; o__[Roseiflexales]; f__[Kouleothrixaceae]	0.8
9046bce0ea4d663e3b41be5c8a4d7700	k__Bacteria; p__Planctomycetes; c__Planctomycetia; o__Pirellulales; f__Pirellulaceae; g__; s__	1.0
c5292bed7a5bb0fb2fa24222e4ff03b9	k__Bacteria; p__Cyanobacteria; c__Chloroplast; o__Chlorophyta; f__Chlamydomonadaceae	0.6
3bd6274ef8e09f46c4830aa6d818ede3	k__Bacteria; p__Bacteroidetes; c__[Saprospirae]; o__[Saprospirales]; f__Saprospiraceae; g__; s__	1.0
37f0145784f48994fdebcbb66eb37d82	k__Bacteria; p__Proteobacteria; c__Alphaproteobacteria; o__Rickettsiales; f__; g__; s__	0.9
132b0b41e1b3724d5e871f0b74474191	k__Bacteria; p__Firmicutes; c__Clostridia; o__Clostridiales; f__Clostridiaceae; g__Clostridium; s__	0.7
514102192f9482151664bffc7f5ee9d3	k__Bacteria; p__Proteobacteria; c__Betaproteobacteria; o__Burkholderiales; f__Comamonadaceae; g__; s__	0.9
9bbdf7113651d382f735af36c19e9182	k__Bacteria; p__Bacteroidetes; c__[Saprospirae]; o__[Saprospirales]; f__Chitinophagaceae; g__; s__	1.0
d4e3ea64317c241f27949304dfd7be1e	k__Bacteria; p__TM6; c__SJA-4; o__; f__; g__; s__	1.0
59854f67e9899c440a20661046eb50da	k__Bacteria	1.0
a79c89231c9e7eda22c0129b80f9bcbb	k__Bacteria; p__Proteobacteria; c__Betaproteobacteria; o__Burkholderiales; f__Comamonadaceae; g__; s__	0.6
f078ed8265bf7813683e70b521d2f1b9	k__Bacteria; p__Proteobacteria; c__Betaproteobacteria; o__Burkholderiales; f__; g__; s__	0.8
f969d8aa5823053131462c67cd86d82b	k__Bacteria; p__Proteobacteria; c__Alphaproteobacteria; o__Rhodospirillales; f__; g__; s__	1.0
0565ac824fd1b786478020011c4abfe9	k__Bacteria	1.0
ebc8c8093464d16595291af32c3bde53	k__Bacteria; p__Firmicutes; c__Clostridia; o__Clostridiales; f__Ruminococcaceae; g__; s__	0.6
7acb42800546527d93552bf7c357bb83	k__Bacteria; p__Firmicutes; c__Clostridia; o__Clostridiales; f__; g__; s__	1.0
76e515a96f6bdd109f3301acb433a1fd	k__Bacteria; p__Cyanobacteria; c__Oscillatoriophycideae; o__Oscillatoriales; f__Phormidiaceae	0.8
6149769381ba50559d203fd88d8b1c26	k__Bacteria; p__Bacteroidetes; c__Flavobacteriia; o__Flavobacteriales; f__Flavobacteriaceae; g__Flavobacterium; s__	0.9
7f0c8ff9a2959e2e3abc16104cec8264	k__Bacteria; p__Gemmatimonadetes; c__Gemmatimonadetes; o__; f__; g__; s__	0.6
8750b60dab0dcef9f47b1a454eebcb70	k__Bacteria; p__Proteobacteria; c__Alphaproteobacteria; o__Rhizobiales; f__Rhizobiaceae; g__Agrobacterium; s__	0.7
c9a4cbaff763b587469f6a91efbc97ac	k__Bacteria; p__Firmicutes; c__Clostridia; o__Clostridiales; f__Clostridiaceae; g__Tindallia_Anoxynatronum; s__	0.6
f753ca3338fc29a9e9cb48828f323592	k__Bacteria; p__Bacteroidetes; c__[Saprospirae]; o__[Saprospirales]; f__Saprospiraceae; g__; s__	1.0
107cd780c5690e8c2e8bfaf0c3021146	k__Bacteria; p__Acidobacteria; c__Solibacteres; o__Solibacterales; f__[Bryobacteraceae]; g__; s__	1.0
c9a560d70ad076f9b548809433ac2660	k__Bacteria	1.0
a7446470500ed1210314eca4b4748e9c	k__Bacteria; p__Actinobacteria; c__Actinobacteria; o__Actinomycetales; f__ACK-M1; g__; s__	1.0
a68947dcc53fd4f4c0d2e47c0f4986a4	k__Bacteria; p__Proteobacteria; c__Betaproteobacteria; o__Burkholderiales; f__Comamonadaceae; g__Comamonas; s__	0.6
ff76407569772321455e659989b811cc	k__Bacteria; p__Proteobacteria; c__Gammaproteobacteria; o__Pseudomonadales; f__Pseudomonadaceae; g__Pseudomonas; s__	0.9
b0f6552d49eb01f6444264807a1ab02d	k__Bacteria; p__OD1; c__ABY1; o__; f__; g__; s__	1.0
d3fe17a6e768c3cd7e3a195c22e55cfa	k__Bacteria; p__Cyanobacteria	1.0
a074b9ae3857505c1d6bc050622a5094	k__Bacteria; p__Proteobacteria; c__Gammaproteobacteria; o__Xanthomonadales; f__Xanthomonadaceae; g__Stenotrophomonas; s__	0.7
f2c20a8a22eec8be8d753d8b8e9cdb4f	k__Bacteria; p__Proteobacteria; c__Betaproteobacteria; o__Ellin6067; f__; g__; s__	1.0
fab72396bd8303b5d2603aa4dbf3742a	k__Bacteria; p__Proteobacteria; c__TA18; o__PHOS-HD29; f__; g__; s__	0.8
5f612af10068c508324e4c0f0ed35ce6	k__Bacteria; p__Proteobacteria; c__Alphaproteobacteria; o__; f__; g__; s__	1.0
ae9ae38ffffe09fc4ebe1d1fe1c5cd34	k__Bacteria; p__Proteobacteria; c__Alphaproteobacteria; o__Rickettsiales; f__; g__; s__	1.0
ac0c57b8b5bcf11f07e716d9b1526121	k__Bacteria; p__Bacteroidetes; c__Flavobacteriia; o__Flavobacteriales; f__Cryomorphaceae; g__Fluviicola; s__	1.0
7760bd7f1780d100655084e4510a0848	k__Bacteria; p__Firmicutes; c__Clostridia; o__Clostridiales	0.9
49e933d1f4a9455ad701743156ea5057	k__Bacteria; p__Proteobacteria; c__Alphaproteobacteria; o__Rhodospirillales; f__Acetobacteraceae; g__; s__	0.9
11fe2e9e9e728eb7ae00cd72cee64c51	k__Bacteria; p__Proteobacteria; c__Betaproteobacteria; o__Methylophilales; f__Methylophilaceae; g__; s__	0.9
85bb0162e7779fe6ce37a5f98656f6fb	k__Bacteria; p__Proteobacteria; c__Alphaproteobacteria; o__Rickettsiales; f__; g__; s__	1.0
116f26f98f22cbc2b429ddfb65e98613	k__Bacteria; p__Armatimonadetes; c__Armatimonadia; o__Armatimonadales; f__Armatimonadaceae; g__; s__	0.9
0e687ed2890e748682dd6fadc70cd66c	Unassigned	0.0
67a90960288c1488276358c2f7b073ae	k__Bacteria; p__Bacteroidetes; c__[Saprospirae]; o__[Saprospirales]; f__Saprospiraceae; g__; s__	1.0
5c266ff75822f0db5f990a2687f529d5	k__Bacteria; p__Firmicutes; c__Clostridia; o__Clostridiales; f__Eubacteriaceae; g__Acetobacterium; s__	1.0
5f0065d3e51c64997e190079e7ac13d3	k__Bacteria; p__Verrucomicrobia; c__[Pedosphaerae]; o__[Pedosphaerales]; f__[Pedosphaeraceae]; g__Pedosphaera; s__	0.6
0fdb70c8ce42cedcb5bc9e76780c6142	k__Bacteria; p__GN02; c__BD1-5; o__; f__; g__; s__	0.6
9ec7d41388a7ebe6bb3107479d15a057	k__Bacteria; p__Verrucomicrobia; c__[Spartobacteria]; o__[Chthoniobacterales]; f__[Chthoniobacteraceae]; g__; s__	0.6
fe2e25fdc23d5211f7a581bf52946a61	k__Bacteria; p__GN02; c__BD1-5; o__; f__; g__; s__	0.7
ce1dcd9859a6a770f711f7f05f1311a2	k__Bacteria; p__Proteobacteria; c__Alphaproteobacteria; o__Rickettsiales; f__; g__; s__	1.0
b65abad86ac3e6e09d36f99fcbfaf3d6	k__Bacteria; p__Proteobacteria; c__Alphaproteobacteria; o__Rhizobiales; f__Bradyrhizobiaceae; g__; s__	0.6
96a4b4d3c06bc84fdc1637e4b816813f	k__Bacteria; p__Actinobacteria; c__Actinobacteria; o__Actinomycetales; f__ACK-M1; g__; s__	0.6
def03f1faf7507bba94ef8f82fb9690d	k__Bacteria; p__Bacteroidetes; c__[Saprospirae]; o__[Saprospirales]; f__Chitinophagaceae; g__Sediminibacterium; s__	1.0
39fdf460b30b418a3dc242d7b7815939	k__Bacteria; p__Bacteroidetes; c__[Saprospirae]; o__[Saprospirales]; f__Saprospiraceae; g__; s__	1.0
a0b0aeeff923447fa66b54734f97a67f	k__Bacteria; p__Proteobacteria; c__TA18; o__PHOS-HD29; f__; g__; s__	0.7
763908179211c3458e28f496de62fbb5	k__Bacteria	1.0
41d61c298abb947deb640432582cfdf2	k__Bacteria; p__Proteobacteria; c__Gammaproteobacteria; o__Legionellales; f__; g__; s__	1.0
09177cb66dc09c69b4ac4b56897a10a5	k__Bacteria; p__Proteobacteria; c__Deltaproteobacteria; o__Myxococcales; f__Nannocystaceae; g__Nannocystis	0.6
e8e2e34d443b146c6c2c3d36bca01e07	k__Bacteria; p__Verrucomicrobia; c__Verrucomicrobiae; o__Verrucomicrobiales; f__Verrucomicrobiaceae; g__; s__	1.0
1119d59e27ec597aad96e5bf32bb24fa	k__Bacteria; p__Proteobacteria; c__Alphaproteobacteria; o__Rhizobiales; f__Beijerinckiaceae; g__; s__	1.0
74f5ccd53b004d1a742c43ce7d503636	k__Bacteria; p__Firmicutes; c__Clostridia; o__Clostridiales; f__Ruminococcaceae; g__; s__	0.9
ed366723f52b3591365e8a3e68ad6954	k__Bacteria; p__Proteobacteria; c__Alphaproteobacteria; o__Sphingomonadales; f__Erythrobacteraceae; g__; s__	0.7
3c397d3dbda0e00546e92f1f7f7bc54e	k__Bacteria; p__Proteobacteria; c__Betaproteobacteria; o__Burkholderiales; f__Oxalobacteraceae; g__; s__	1.0
ab920e7c74077d781cee7f196c57c641	k__Bacteria; p__OP3; c__koll11; o__GIF10; f__; g__; s__	1.0
a63c900c72a1b7dfed1868c814adaeed	k__Bacteria; p__Armatimonadetes; c__[Fimbriimonadia]; o__[Fimbriimonadales]; f__[Fimbriimonadaceae]	1.0
ce14a0d32e2097f17cfe4f50f82af093	k__Bacteria; p__Proteobacteria; c__Alphaproteobacteria; o__Rhodospirillales; f__Rhodospirillaceae; g__Phaeospirillum; s__fulvum	0.9
ec3581e97e440539160670e3dce6da5d	k__Bacteria; p__Proteobacteria; c__Gammaproteobacteria; o__Methylococcales; f__Crenotrichaceae; g__Crenothrix; s__	1.0
0298af579441c662d0b5f9db66e7fdf0	k__Bacteria; p__Proteobacteria	0.7
6712f7ce64fcf3ac276bdb370f38f4b6	k__Bacteria; p__Firmicutes; c__Bacilli; o__Bacillales; f__Bacillaceae; g__Bacillus; s__	0.6
5c8435d60168a6133f5fd4407c0d6bc0	k__Bacteria; p__Proteobacteria; c__TA18; o__PHOS-HD29; f__; g__; s__	1.0
c00fe107be51cadea42f5a843cdf11df	k__Bacteria; p__Proteobacteria; c__Deltaproteobacteria; o__Desulfobacterales; f__Desulfobacteraceae; g__; s__	1.0
b66db2fb9c34f7e41cd88055de89e105	k__Bacteria; p__Chloroflexi; c__Chloroflexi; o__[Roseiflexales]; f__; g__; s__	0.8
ac82a694d3c8684992f4d3bbb59b8028	k__Bacteria; p__Proteobacteria; c__Deltaproteobacteria; o__Bdellovibrionales; f__Bacteriovoracaceae; g__; s__	1.0
88e68e15056b7904009f61d48b18efe9	k__Bacteria; p__Actinobacteria; c__Acidimicrobiia; o__Acidimicrobiales; f__; g__; s__	0.9
4c1abdc2d079fcdc75b148908ddd279d	k__Bacteria; p__Nitrospirae; c__Nitrospira; o__Nitrospirales; f__Nitrospiraceae; g__Nitrospira; s__	1.0
7bae28432626db29cb75acb07256eef2	k__Bacteria; p__Bacteroidetes; c__Cytophagia; o__Cytophagales; f__Cytophagaceae; g__Runella; s__	1.0
d77320184bd520aa29e446923032255f	k__Bacteria; p__Spirochaetes; c__Spirochaetes; o__Spirochaetales; f__Spirochaetaceae; g__Spirochaeta; s__aurantia	0.7
66cc7260c8453a22b007bbc92fb28b64	k__Bacteria; p__Proteobacteria; c__Alphaproteobacteria; o__Rickettsiales; f__; g__; s__	1.0
7b4463a80fb56fd113539f7d9b561e5e	k__Bacteria; p__Proteobacteria; c__Alphaproteobacteria; o__BD7-3; f__; g__; s__	1.0
271e714352700778d02b8cd391d52de1	k__Bacteria; p__Proteobacteria; c__Gammaproteobacteria; o__Pseudomonadales; f__Moraxellaceae; g__Perlucidibaca; s__	1.0
4f334b1812c869d6cb6aadf63f138592	k__Bacteria; p__Planctomycetes; c__Planctomycetia; o__Pirellulales; f__Pirellulaceae; g__; s__	1.0
77ef55d3d026ae5d1adb234c0b624b32	k__Bacteria; p__Proteobacteria; c__Gammaproteobacteria; o__Legionellales; f__; g__; s__	1.0
4dab6c5f03f84d3564c2df44062c0130	k__Bacteria; p__Actinobacteria; c__Actinobacteria; o__Actinomycetales; f__Microbacteriaceae	0.6
a984e2aec69de001e1eab534e81a775b	k__Bacteria; p__Bacteroidetes; c__[Saprospirae]; o__[Saprospirales]; f__Saprospiraceae; g__; s__	1.0
80dfcb34df70cdb1cd92be8813acfee5	k__Bacteria; p__Proteobacteria; c__Alphaproteobacteria; o__Rhizobiales; f__Hyphomicrobiaceae; g__Rhodoplanes; s__	0.6
bd42b74f75068faba94bbdd6d4374f0c	k__Bacteria; p__Actinobacteria; c__Actinobacteria; o__Actinomycetales; f__; g__; s__	0.8
6bd479c0f756867ebcaed87177f7ced3	k__Bacteria; p__Verrucomicrobia; c__[Spartobacteria]; o__[Chthoniobacterales]; f__[Chthoniobacteraceae]; g__Candidatus Xiphinematobacter; s__	1.0
bb86a372bd1b7bed60d1c41e33351f8f	Unassigned	0.0
b6d945f9cd6013f5591bf96d20f314c6	k__Bacteria; p__Chloroflexi; c__SL56; o__; f__; g__; s__	0.8
39e47f75f589276f332a78aeff8da081	k__Bacteria; p__Firmicutes; c__Clostridia; o__Clostridiales; f__Clostridiaceae; g__Clostridium; s__perfringens	0.7
ae04cb080ffa455d0bec25d71bc6b593	k__Bacteria; p__Proteobacteria	0.8
75364b307c1c3d22bb913d104e93c061	k__Bacteria; p__Proteobacteria; c__Alphaproteobacteria; o__Rickettsiales; f__Rickettsiaceae; g__; s__	1.0
ad34174ff2ba87f4a5e98e5b794a0955	k__Bacteria; p__Proteobacteria; c__Betaproteobacteria; o__Burkholderiales; f__Comamonadaceae; g__Hydrogenophaga; s__	0.9
7dd931d72f0a1f8069fda3252b8e15bd	k__Bacteria; p__Proteobacteria; c__Gammaproteobacteria	1.0
a27cdfa9f9e07fbb20c3cce41e6a173b	k__Bacteria; p__TM6	1.0
fd66d6aabdc91ac50ab6eab59d5900db	k__Bacteria; p__Cyanobacteria; c__Chloroplast	1.0
c556a6c44bb8ce2c7a8349258c671266	k__Bacteria; p__Cyanobacteria; c__Chloroplast; o__Streptophyta; f__; g__; s__	1.0
766e0ead1cc6b95cbc4b89d22195b386	k__Bacteria; p__Proteobacteria; c__Alphaproteobacteria; o__Sphingomonadales; f__Sphingomonadaceae; g__Blastomonas	0.6
c88029a59555047f770652ecb62b5d15	k__Bacteria; p__Proteobacteria; c__Alphaproteobacteria; o__Rhodospirillales; f__Rhodospirillaceae; g__Novispirillum; s__	1.0
1bf58e189b996bb1ec6a1ad9fc40ed8b	k__Bacteria; p__Chlamydiae; c__Chlamydiia; o__Chlamydiales; f__; g__; s__	0.6
0769a9d95d85a66d05135e6cafe8ea5d	k__Bacteria; p__Proteobacteria; c__Alphaproteobacteria; o__Rhodobacterales; f__Rhodobacteraceae; g__Rhodobacter; s__	1.0
8f3b5b9a8abae9cac4a078ff7870d26e	k__Bacteria; p__Bacteroidetes; c__Bacteroidia; o__Bacteroidales; f__; g__; s__	1.0
c5cef27176cf0cef10a36bc241fbecf6	k__Bacteria; p__Proteobacteria; c__Alphaproteobacteria; o__; f__; g__; s__	0.6
3eb83a41640984ba7584cd4189835af5	k__Bacteria; p__Bacteroidetes; c__Cytophagia; o__Cytophagales; f__Cytophagaceae; g__Emticicia; s__	1.0
ac7ee990f5d102678a815795d5babd62	Unassigned	0.0
d91f24854c19e6991f2a592aa4fe220e	k__Bacteria; p__Proteobacteria; c__Alphaproteobacteria; o__Rhodospirillales; f__Rhodospirillaceae; g__; s__	0.8
67477fc488f2dbb3e61dbd66b83c9503	k__Bacteria; p__Proteobacteria; c__Alphaproteobacteria; o__Rhizobiales; f__Methylocystaceae; g__Pleomorphomonas	0.7
e19d8f51dc2d3d5ebdb385214e7bcc0f	k__Bacteria; p__Proteobacteria; c__Alphaproteobacteria; o__Rickettsiales; f__mitochondria; g__Cyanophora; s__paradoxa	1.0
1c6918cee71c59be8e014bbf74666c93	k__Bacteria; p__Verrucomicrobia; c__Opitutae; o__Puniceicoccales; f__Puniceicoccaceae; g__Coraliomargarita; s__	0.6
f8eaa9c42c902aa1ca2948610222112c	k__Bacteria; p__Gemmatimonadetes; c__Gemmatimonadetes; o__Gemmatimonadales; f__Gemmatimonadaceae; g__Gemmatimonas; s__	0.9
3a6d8bd1d1f4ed08d5d7c85117b7b02b	k__Bacteria; p__Planctomycetes; c__OM190; o__agg27; f__; g__; s__	1.0
ea35df2abae2e0e3b36f4898292ea067	Unassigned	0.0
f8b4a4e01ac7cf7b4a6c59f5ac8b766d	k__Bacteria; p__Proteobacteria; c__Gammaproteobacteria; o__Xanthomonadales; f__Sinobacteraceae; g__; s__	0.6
45714b44b68ad78f419555bb17b0dbc7	k__Bacteria; p__Proteobacteria; c__Alphaproteobacteria; o__Rickettsiales; f__mitochondria; g__; s__	0.6666666666666666
0337c43e65495a3acf2fa10c7572ed19	k__Bacteria; p__GN02; c__BD1-5; o__; f__; g__; s__	0.6
17cfbfb974ca5d22794c37e7021c7f9a	k__Bacteria; p__Firmicutes; c__Erysipelotrichi; o__Erysipelotrichales; f__Erysipelotrichaceae	0.6
59792927c18131255ae2e57c767392b7	k__Bacteria; p__OP3; c__koll11; o__; f__; g__; s__	1.0
928ee0189d495567f9a1306ebca7b29a	k__Bacteria; p__Gemmatimonadetes; c__Gemmatimonadetes; o__Gemmatimonadales; f__A1-B1; g__; s__	0.8
0de79ae35b28203c0317f43bbb76ecdd	Unassigned	0.0
e90cdad051e35ec4a8489c2d1b294f5a	k__Bacteria; p__TM6	0.7
519c44b64a2a04f2f1dffa9930074f50	k__Bacteria; p__Proteobacteria; c__Deltaproteobacteria; o__Myxococcales; f__OM27; g__; s__	1.0
ce35ba9f902f3acd2b6f297e62246aa5	k__Bacteria; p__Chlamydiae; c__Chlamydiia; o__Chlamydiales; f__Rhabdochlamydiaceae; g__Candidatus Rhabdochlamydia; s__	0.7
40b6cec7a437c504dce69bf3fc0cb9e6	k__Bacteria; p__Proteobacteria; c__Alphaproteobacteria; o__Rickettsiales; f__; g__; s__	1.0
9343c407938756aeab4c4506118c9125	k__Bacteria; p__Verrucomicrobia; c__Verrucomicrobiae; o__Verrucomicrobiales; f__Verrucomicrobiaceae	1.0
e30bf4e33b038f8fbe421e4e7545afb0	k__Bacteria; p__Proteobacteria; c__Gammaproteobacteria; o__Chromatiales; f__; g__; s__	0.6
18239bc7ca5812f56cd8aae2649d01bd	k__Archaea; p__Euryarchaeota; c__Thermoplasmata; o__Thermoplasmatales; f__A10; g__; s__	0.6
5f25257dbe5a7e7dcb0949a07a8da3f2	k__Bacteria	1.0
aa14290b510c680be9289e31a0a53c00	k__Bacteria; p__Proteobacteria; c__Alphaproteobacteria; o__Rhodospirillales; f__Acetobacteraceae; g__Roseomonas; s__	0.8
a68c8854c50210a2f5930cdac789ab4b	k__Bacteria; p__Cyanobacteria; c__Chloroplast; o__Chlorophyta; f__Chlamydomonadaceae	0.7
390ef2752364a9ac305c64fa51824fdb	k__Bacteria; p__Proteobacteria; c__Gammaproteobacteria; o__Methylococcales; f__Crenotrichaceae; g__Crenothrix; s__	0.6
cb4828124f4f8df09f3d318597e16399	k__Bacteria; p__Proteobacteria; c__Deltaproteobacteria; o__GMD14H09; f__; g__; s__	0.9
30cc856f7a778a15175b7b97d08fc19d	k__Bacteria; p__Spirochaetes; c__Spirochaetes; o__Spirochaetales; f__Spirochaetaceae; g__Spirochaeta; s__aurantia	1.0
7b371f2d2fa476ad97f2d7925f193729	k__Bacteria; p__Proteobacteria; c__Alphaproteobacteria; o__Rhodospirillales; f__Rhodospirillaceae; g__; s__	0.8
e561f53ab43dcfd6419688185b369e11	k__Bacteria; p__Cyanobacteria; c__Chloroplast; o__Euglenozoa; f__; g__; s__	1.0
3918d00e4090c8577d8ad8f3c489c1c8	k__Bacteria; p__Proteobacteria; c__Betaproteobacteria	1.0
e812ae82368476f55d78f791ed5ba0c0	k__Bacteria; p__Bacteroidetes; c__Bacteroidia; o__Bacteroidales; f__; g__; s__	1.0
20e28b00718f6f2d17f5449147fb9d25	k__Bacteria; p__Chloroflexi; c__Chloroflexi; o__Herpetosiphonales; f__; g__; s__	1.0
8f574e1ef733f6aad7c819a76815de14	k__Bacteria; p__Cyanobacteria; c__Chloroplast; o__Stramenopiles; f__; g__; s__	1.0
26e808ed36a0c3060b2e7ddd9c035f39	k__Bacteria; p__Proteobacteria; c__Betaproteobacteria; o__Rhodocyclales; f__Rhodocyclaceae	1.0
722688c2cb37fdf36c4cb33e131a7ea6	k__Bacteria; p__Actinobacteria; c__Actinobacteria; o__Actinomycetales; f__Microbacteriaceae	0.6
f1e0dd69bd16f8e95ba674317a04fa3f	k__Bacteria; p__Proteobacteria; c__Deltaproteobacteria; o__Bdellovibrionales; f__Bdellovibrionaceae; g__Bdellovibrio; s__	1.0
3e5ef19b946597b373bf404dd1796c3d	k__Bacteria; p__Proteobacteria; c__Alphaproteobacteria; o__BD7-3; f__; g__; s__	1.0
ed75c815ad1f0043d487e9244beff580	k__Bacteria; p__[Thermi]; c__Deinococci; o__Deinococcales; f__Deinococcaceae; g__Deinococcus; s__	1.0
2efde9d127b5831e2728c3aeee4c1c05	k__Bacteria; p__Proteobacteria; c__Gammaproteobacteria; o__Pseudomonadales; f__Moraxellaceae; g__Perlucidibaca; s__	0.6
c485ed01b5fca3d23b08d4195d615d43	k__Bacteria; p__Bacteroidetes; c__Flavobacteriia; o__Flavobacteriales; f__Flavobacteriaceae; g__Flavobacterium; s__	1.0
931921a611ad53be5455eeb4a1501b38	Unassigned	0.0
c5e4c47bb3d5a9bd23fafab45dea9d18	k__Bacteria; p__Proteobacteria; c__Alphaproteobacteria; o__Rhodospirillales; f__Rhodospirillaceae; g__; s__	0.9
b07f95d5518d5a9426bdd43646807cfe	k__Bacteria; p__Proteobacteria; c__Deltaproteobacteria; o__; f__; g__; s__	1.0
05abe9053fada105e0f24d98f5facffd	k__Bacteria; p__Proteobacteria; c__Alphaproteobacteria; o__Rhodobacterales; f__Rhodobacteraceae; g__Rhodobacter; s__	1.0
0e7f1e32d9ea18e6627b62780db21fe4	Unassigned	0.0
44ee7c6f03a097951befceb0ec4cdc6c	k__Bacteria; p__Proteobacteria; c__Deltaproteobacteria; o__Bdellovibrionales; f__Bdellovibrionaceae; g__Bdellovibrio; s__	1.0
7a46a1d61abf484158d0b737eee05d17	k__Bacteria; p__Proteobacteria; c__Alphaproteobacteria; o__; f__; g__; s__	1.0
b99e1f840787b8eebc41c6b70ad949fb	k__Bacteria; p__OD1; c__ZB2; o__; f__; g__; s__	0.9
13be013055a82b12f5adb02a6eadf1dd	Unassigned	0.0
ff7643fff9c9d0994d003f14628c7e28	k__Bacteria; p__Gemmatimonadetes; c__Gemm-1; o__; f__; g__; s__	1.0
09bccae324e4abc4c95f2600ef622f9f	k__Bacteria; p__Bacteroidetes; c__Flavobacteriia; o__Flavobacteriales; f__Cryomorphaceae; g__Fluviicola; s__	1.0
a294464394eeeccdf3d3ae826ccd4815	k__Bacteria; p__Cyanobacteria; c__Chloroplast; o__Streptophyta; f__; g__; s__	1.0
76d6a454175abbdc32e5b48b5a66d924	k__Bacteria; p__Actinobacteria; c__Actinobacteria; o__Actinomycetales; f__Microbacteriaceae; g__Leucobacter; s__	1.0
941b778900e153e65baa0d225c3a9844	k__Bacteria; p__Proteobacteria; c__Alphaproteobacteria; o__Rickettsiales; f__mitochondria; g__Vermamoeba; s__vermiformis	1.0
5b465871d17173ab38dea81fac9cd6a4	k__Bacteria; p__Bacteroidetes; c__[Saprospirae]; o__[Saprospirales]; f__Saprospiraceae; g__; s__	1.0
ed78312157de28251373ca60594d8154	k__Bacteria; p__Bacteroidetes; c__Cytophagia; o__Cytophagales; f__Flammeovirgaceae	0.8
7fbfc2007da5544780993eec1c88c456	k__Bacteria; p__Proteobacteria; c__Alphaproteobacteria; o__Rhizobiales; f__; g__; s__	0.9
ae5fd9e025b9f0d7fbfa83a7ac202e22	k__Archaea; p__Euryarchaeota; c__Methanobacteria; o__Methanobacteriales; f__Methanobacteriaceae; g__; s__	0.9
c6f70859ced2606b8ba4d454707b1b18	k__Bacteria; p__Planctomycetes; c__Phycisphaerae; o__WD2101; f__; g__; s__	1.0
b1254479f73f844f2ec9c192e27bd04a	k__Bacteria; p__Proteobacteria; c__TA18; o__CV90; f__; g__; s__	1.0
1d03256560713f9fb7328bd8444fcaf6	k__Bacteria; p__Actinobacteria; c__Actinobacteria; o__Actinomycetales; f__Microbacteriaceae	0.6
cb36048b6568bfdb08727b31aae30b51	k__Bacteria; p__Actinobacteria; c__Acidimicrobiia; o__Acidimicrobiales; f__Microthrixaceae; g__; s__	1.0
3b13bd4b0463be19db817f44a7d98c4a	k__Bacteria; p__Proteobacteria; c__Deltaproteobacteria; o__Spirobacillales; f__; g__; s__	1.0
205ea9cce371bb31aa34b2a757c9c4b9	k__Bacteria; p__Actinobacteria; c__Acidimicrobiia; o__Acidimicrobiales; f__; g__; s__	1.0
653cac4546582afdf11728a246ef3741	k__Bacteria; p__TM6	0.6
a3d19353b835107c2813dda9259b3223	k__Bacteria; p__Actinobacteria; c__Acidimicrobiia; o__Acidimicrobiales; f__Microthrixaceae; g__; s__	1.0
ccf531f4616c1dc8116288b8f9bd8035	k__Bacteria; p__Proteobacteria; c__Alphaproteobacteria; o__Sphingomonadales; f__; g__; s__	0.9
640930b51cc16b299b5c2c2c2c49c603	k__Bacteria; p__Proteobacteria; c__Deltaproteobacteria; o__NKB15; f__; g__; s__	1.0
c99b3c748e7378fdd1a8d8d21dc7edf2	k__Bacteria; p__Proteobacteria; c__Gammaproteobacteria; o__Aeromonadales; f__Aeromonadaceae; g__; s__	0.8
d30286f0d6def8bddffa1bb11d9aa82a	k__Bacteria; p__Proteobacteria; c__Deltaproteobacteria; o__Desulfobacterales; f__Desulfobacteraceae	0.7
af10592e3c38e53075de919565422c6b	k__Bacteria; p__Proteobacteria; c__Betaproteobacteria; o__Burkholderiales; f__Comamonadaceae; g__Hydrogenophaga; s__	0.9
6f7f377d7c5f49a73a0a5a4b369e6d5d	k__Bacteria; p__OD1; c__; o__; f__; g__; s__	1.0
c9d95b0f6c0a600d6e692eb622e8b0ab	k__Bacteria; p__Proteobacteria; c__Alphaproteobacteria; o__Rhizobiales; f__Rhizobiaceae; g__; s__	0.6
f62f8f915452310478208dac50b901b1	k__Bacteria; p__Bacteroidetes; c__[Saprospirae]; o__[Saprospirales]; f__Chitinophagaceae; g__; s__	1.0
5268b19aadee5a6c52f747f8fe27f8b5	k__Bacteria; p__OP3; c__BD4-9; o__; f__; g__; s__	1.0
8504b99c996b3193ae48fffb0129617a	k__Bacteria; p__Acidobacteria; c__Solibacteres; o__Solibacterales; f__; g__; s__	1.0
36728a7940dd1b101e0b32e9921c4d76	k__Bacteria; p__Cyanobacteria; c__Chloroplast; o__Streptophyta; f__; g__; s__	1.0
54623a878e1f668ffcd5eabecf433225	k__Bacteria	1.0
2bff883316964ce57469dbfd24938a0b	k__Bacteria; p__Verrucomicrobia; c__Verrucomicrobiae; o__Verrucomicrobiales; f__Verrucomicrobiaceae; g__; s__	0.8
538ef4b29f7249373d7d855776ef4dd5	k__Bacteria; p__Proteobacteria; c__Gammaproteobacteria; o__Methylococcales; f__Methylococcaceae; g__Methylocaldum; s__	0.6
f356f3bd9d3a791de8a8035d0ae18f83	k__Bacteria; p__Verrucomicrobia; c__Verruco-5; o__WCHB1-41; f__; g__; s__	0.8
aaf2b0f22546c177ed9866f6809c0226	k__Bacteria	1.0
0d6d74e77007cce7e3521d24ce52328d	k__Bacteria; p__Proteobacteria; c__Alphaproteobacteria; o__Rhodobacterales; f__Rhodobacteraceae; g__Rhodobacter; s__	0.8
debee6b57c85a6c33e9d63b3ea7d4bc2	k__Bacteria; p__Actinobacteria; c__OPB41; o__; f__; g__; s__	1.0
ea6bb24ce816121c9422352047e44f12	k__Bacteria; p__Planctomycetes; c__Planctomycetia; o__Pirellulales; f__Pirellulaceae; g__; s__	1.0
ca2fae184ea0e0ee23e9d138df68dbb4	k__Bacteria; p__Proteobacteria; c__Alphaproteobacteria	0.8
4a46361f8882a6e310797ffb452705b2	k__Bacteria; p__Verrucomicrobia; c__Verrucomicrobiae; o__Verrucomicrobiales; f__Verrucomicrobiaceae; g__Luteolibacter; s__	1.0
2528d54e607d7c240fa6312bc5b6d18b	k__Bacteria; p__Cyanobacteria	0.8
71f1a525be3b6d4bc32c0d80e489332e	k__Bacteria; p__Proteobacteria; c__Alphaproteobacteria; o__Sphingomonadales; f__Sphingomonadaceae; g__Sphingomonas; s__	0.7
21e0c1553e3049c8e691dc16c80e28b3	k__Bacteria; p__Proteobacteria; c__Alphaproteobacteria; o__Rhizobiales; f__; g__; s__	1.0
73710c19fb87c694b1f468f5ebc322e2	k__Bacteria; p__Proteobacteria; c__Deltaproteobacteria; o__Myxococcales; f__; g__; s__	0.9
bd45c4bf0e79f6492210f7e18235bab7	k__Bacteria; p__Bacteroidetes; c__Cytophagia; o__Cytophagales; f__Cytophagaceae; g__Dyadobacter; s__	1.0
ae7f45948bb52defb8baf1a1a54aac41	k__Bacteria; p__Proteobacteria; c__Alphaproteobacteria; o__BD7-3; f__; g__; s__	1.0
1fbd1628c2de2ce05b6c2b479d93a6a5	k__Bacteria; p__TM6; c__SJA-4; o__S1198; f__; g__; s__	1.0
0d2d93fe15ef3f4df8e53f0f153f2ef3	k__Bacteria; p__Firmicutes; c__Clostridia; o__Clostridiales; f__Ruminococcaceae; g__; s__	0.9
00b1751e1c24718f85918d8dd2629a0b	k__Bacteria; p__Proteobacteria; c__Deltaproteobacteria; o__Desulfobacterales; f__Desulfobacteraceae	0.6
b32e2bb2773e8fb6670fd50a1f39ee73	k__Bacteria; p__Bacteroidetes; c__Cytophagia; o__Cytophagales; f__Cytophagaceae; g__; s__	1.0
4b3ae246722ec846f43318fdbbfd1746	k__Bacteria; p__Proteobacteria; c__Betaproteobacteria; o__Burkholderiales; f__Comamonadaceae	1.0
fea50bf5052458f1bc3054d02b30d8be	k__Bacteria; p__Actinobacteria; c__OPB41; o__; f__; g__; s__	1.0
36d3c4e9cdb40fc07fcd74ee2498e06f	Unassigned	0.0
fe3bc1c2c503d2872af51f6f6836e61a	k__Bacteria; p__Proteobacteria; c__Gammaproteobacteria; o__Legionellales; f__; g__; s__	0.7
c8c0df68e1e288d436c27df389cbce1a	k__Bacteria; p__Proteobacteria; c__Alphaproteobacteria; o__Rhizobiales; f__Hyphomicrobiaceae	1.0
84a8e5f46e1fd178131fcfd36b3cc0a8	Unassigned	0.0
01a225d4d9fbac2bd220ac982097fdfa	k__Bacteria; p__Proteobacteria; c__Alphaproteobacteria; o__Sphingomonadales; f__Sphingomonadaceae; g__Zymomonas; s__	0.6
22ec4de0fe705968d04bade246636438	k__Bacteria; p__Proteobacteria; c__Gammaproteobacteria; o__Oceanospirillales; f__Halomonadaceae; g__Halomonas; s__phosphatis	0.8
0f438dbd903f23f8eec5f4f84a73d5ea	k__Bacteria; p__Proteobacteria; c__Deltaproteobacteria; o__PB19; f__; g__; s__	1.0
c616c1ca6abc4b954fdc23e7c9263e25	k__Bacteria; p__Chlorobi; c__OPB56; o__; f__; g__; s__	1.0
ec079dee68301a744b3eabcfdd741f5e	k__Bacteria; p__Proteobacteria; c__Betaproteobacteria; o__MWH-UniP1; f__; g__; s__	0.7
7676acdf1c11f85f5727373acc59286b	k__Bacteria; p__Proteobacteria; c__Alphaproteobacteria; o__Rhizobiales; f__; g__; s__	1.0
d5cf611c44e444686dd6b6e33ce60fe0	k__Bacteria; p__Proteobacteria; c__Gammaproteobacteria; o__Legionellales; f__Coxiellaceae; g__; s__	1.0
aee9009a9750372d676c69ebfd21a864	k__Bacteria; p__Cyanobacteria; c__Chloroplast; o__Streptophyta; f__; g__; s__	0.6
34c4375154a1649cb9d4020b898f9f79	k__Bacteria; p__Verrucomicrobia; c__[Pedosphaerae]; o__[Pedosphaerales]; f__Ellin515; g__; s__	1.0
00959a1efabfc03d93d5b2a1ff630e12	k__Bacteria; p__Proteobacteria; c__Betaproteobacteria; o__; f__; g__; s__	1.0
8b6a160248ab997a690bd2f803fab0c9	k__Bacteria; p__Planctomycetes; c__OM190; o__agg27; f__; g__; s__	1.0
9cd33a6d3d13bb98b60ee256afe2d12d	k__Bacteria; p__Proteobacteria; c__Gammaproteobacteria	0.9
20dd2d98db1288eb8098940f1429dafe	k__Bacteria; p__Actinobacteria; c__Actinobacteria; o__Actinomycetales	0.9
c4b832c3b0b8342a459ce590d15e7418	k__Bacteria; p__Actinobacteria; c__Actinobacteria; o__Actinomycetales; f__; g__; s__	0.9
6e340de7d63e1f31f2833b76544c4647	k__Bacteria; p__Proteobacteria; c__Alphaproteobacteria; o__Sphingomonadales; f__Erythrobacteraceae; g__; s__	0.7
027ee8cc2a66b95b1a5257d46ab7ef70	k__Bacteria; p__Proteobacteria; c__Deltaproteobacteria; o__Desulfobacterales; f__Desulfobulbaceae; g__; s__	0.8
f14259023873f87a83c20c543e3c137a	k__Bacteria; p__Proteobacteria; c__Deltaproteobacteria; o__Desulfuromonadales; f__Geobacteraceae; g__Geobacter; s__	1.0
ebb30acaecee07a6e6c435e5fde1c70f	k__Bacteria; p__Actinobacteria; c__Acidimicrobiia; o__Acidimicrobiales; f__; g__; s__	0.6
aa3ea17c79bc6a6a86917d86a4452d0a	k__Bacteria; p__Proteobacteria; c__Deltaproteobacteria	1.0
8db0c041fafc7ef0603fe4b104a2512d	k__Bacteria; p__Proteobacteria; c__Alphaproteobacteria; o__Rickettsiales; f__mitochondria	1.0
17eae249bbcb14f63680c15fc3a73635	k__Bacteria; p__Proteobacteria; c__Betaproteobacteria; o__Burkholderiales; f__Comamonadaceae	0.9
f783f38d0704d49701fd26b92ba2b457	k__Bacteria; p__Proteobacteria; c__Alphaproteobacteria; o__Rhodospirillales; f__Acetobacteraceae; g__; s__	0.7
4e2a69f4797ad2165384fae8c1d5564f	k__Bacteria; p__Proteobacteria; c__Alphaproteobacteria; o__; f__; g__; s__	1.0
ff73a38c50324f2b4b52cfd05e8a648a	k__Bacteria; p__Bacteroidetes; c__[Saprospirae]; o__[Saprospirales]; f__Saprospiraceae; g__; s__	1.0
9edcb572b0230405bbce05dd8840e73f	k__Bacteria; p__Proteobacteria; c__Alphaproteobacteria; o__Rhizobiales; f__Hyphomicrobiaceae; g__Devosia; s__	1.0
ae642db694f4c1721bc7bc24557b6003	k__Bacteria; p__Proteobacteria; c__Alphaproteobacteria; o__Rhizobiales; f__Methylocystaceae; g__Pleomorphomonas	0.7
048db4a0fb79cca7ee0c927aaf496c2c	k__Bacteria; p__Proteobacteria; c__Gammaproteobacteria; o__Legionellales; f__Coxiellaceae; g__; s__	0.8
570985e1beca4ab8930597e186918b75	k__Bacteria; p__Bacteroidetes; c__[Saprospirae]; o__[Saprospirales]; f__Chitinophagaceae; g__; s__	1.0
03e083550612b448806698d93e759534	k__Bacteria; p__Actinobacteria; c__Thermoleophilia; o__Solirubrobacterales; f__Conexibacteraceae; g__; s__	0.6
4b9d2bb1824604c71d7261697cc8065f	k__Bacteria; p__Planctomycetes; c__Planctomycetia; o__Pirellulales; f__Pirellulaceae; g__; s__	1.0
5c5cdf592ba2f1bf130f368a33e6c752	k__Bacteria; p__Proteobacteria; c__Gammaproteobacteria; o__Thiotrichales; f__Thiotrichaceae; g__Thiothrix; s__	0.7
ad07cd3cac6e400cbef187022f0b5eca	k__Bacteria; p__Proteobacteria; c__Alphaproteobacteria; o__; f__; g__; s__	1.0
a5bfd21a39d610ecd0f510a86f1f3d65	k__Bacteria; p__Firmicutes; c__Erysipelotrichi; o__Erysipelotrichales; f__Erysipelotrichaceae; g__; s__	0.7
3c44099faf673310714cef8a898c57ca	k__Bacteria; p__Bacteroidetes; c__Sphingobacteriia; o__Sphingobacteriales; f__; g__; s__	1.0
72c6c1dac6cb3fc40f5bb7fb0d1afc51	k__Bacteria; p__Proteobacteria; c__Alphaproteobacteria; o__Rickettsiales; f__; g__; s__	0.9
87388ecd671e324267c53d620eac5c11	k__Bacteria; p__Bacteroidetes; c__Cytophagia; o__Cytophagales; f__Cytophagaceae	0.6
6befaaaa5ddaadc7b3ac8746006024fb	k__Bacteria; p__Proteobacteria; c__Deltaproteobacteria; o__Spirobacillales; f__; g__; s__	1.0
747928ed583761e34048e9c99d5b8c12	k__Bacteria; p__Proteobacteria; c__Gammaproteobacteria; o__Xanthomonadales; f__Xanthomonadaceae; g__; s__	1.0
e5e4fccac39878a3c0a379bc6e1ccebd	k__Bacteria; p__Planctomycetes; c__Planctomycetia; o__Pirellulales; f__Pirellulaceae; g__; s__	1.0
40b7aef59e6e54ed75b8befe33cc1507	k__Bacteria; p__Planctomycetes; c__Planctomycetia; o__Gemmatales; f__Gemmataceae; g__; s__	1.0
6e5501c10f8b26c00eff771c92419b88	k__Bacteria; p__Proteobacteria; c__Alphaproteobacteria; o__BD7-3; f__; g__; s__	1.0
ca4f18167314b8c9a16b6b61d99c8cbb	k__Bacteria; p__Proteobacteria; c__Alphaproteobacteria; o__Rhodospirillales; f__; g__; s__	1.0
8ef4f695639937f6adbb4c54be425c44	k__Bacteria; p__Chlamydiae; c__Chlamydiia; o__Chlamydiales; f__Parachlamydiaceae	1.0
5bfae7368cf02fc9350583443d25114a	k__Bacteria; p__Bacteroidetes; c__Bacteroidia; o__Bacteroidales; f__S24-7; g__; s__	1.0
028f637b6f18740a20db706a9d57aba5	k__Bacteria; p__Proteobacteria; c__Gammaproteobacteria; o__Xanthomonadales; f__Xanthomonadaceae; g__Lysobacter; s__	1.0
ef8c971689def78331c5c5ea08a43410	k__Bacteria; p__Actinobacteria; c__Acidimicrobiia; o__Acidimicrobiales; f__C111; g__; s__	1.0
2e058679f5834b4306c16be495feaef8	k__Bacteria; p__Proteobacteria; c__Deltaproteobacteria; o__Bdellovibrionales; f__Bdellovibrionaceae; g__Bdellovibrio; s__	1.0
6b2ab51d1d0fb2561998e4b23be4a3d5	k__Bacteria; p__Proteobacteria; c__Alphaproteobacteria; o__Rhodospirillales; f__Rhodospirillaceae; g__; s__	1.0
7b00b9ed7eedd3cfd4a1ab8985e5ad10	k__Bacteria; p__Proteobacteria; c__Gammaproteobacteria; o__Chromatiales; f__; g__; s__	0.9
2dd578abb125fba3ffc961bb09f0aafd	Unassigned	0.0
43f7526f2cc43f20795c6ae7b1c11104	k__Bacteria; p__Proteobacteria; c__Alphaproteobacteria; o__Rickettsiales; f__; g__; s__	1.0
c86cc614774c32b6f0143b1fc52960e5	k__Bacteria; p__Proteobacteria; c__Betaproteobacteria; o__Rhodocyclales; f__Rhodocyclaceae; g__C39; s__	0.7
988c369068477ca152e54504728869d4	Unassigned	0.0
fa6cd7cf190cf9d06a6a7844eb6f9f76	k__Bacteria; p__Proteobacteria; c__Betaproteobacteria; o__Procabacteriales; f__Procabacteriaceae; g__; s__	1.0
073d9d999ea1b2726a2655ca456ecf6b	k__Bacteria; p__Proteobacteria; c__Alphaproteobacteria; o__Rhodobacterales; f__Rhodobacteraceae	1.0
7fce5ef347cb2ddd5c32b8db30d0c539	k__Bacteria; p__Bacteroidetes; c__[Saprospirae]; o__[Saprospirales]; f__Chitinophagaceae; g__; s__	0.7
3994a89e4c6efe6babdbbba1acf6eaf5	k__Bacteria; p__NKB19; c__TSBW08; o__; f__; g__; s__	1.0
f36a34845d8f9660409df13c1fa5ab0d	k__Bacteria; p__TM6; c__SBRH58; o__; f__; g__; s__	0.7
9783c2e9b52d2c8c2e4eb6d5dcf0fd3d	k__Bacteria; p__Bacteroidetes; c__Flavobacteriia; o__Flavobacteriales; f__[Weeksellaceae]; g__Wautersiella; s__	0.6
0e4bcab1c1039c29bdec148d4dbf13e7	k__Bacteria; p__Chlorobi; c__OPB56; o__; f__; g__; s__	1.0
a6fe6d0ae0a806bfcb6e6e2a5c7c96b7	k__Bacteria; p__Firmicutes; c__Bacilli; o__Bacillales; f__Paenibacillaceae; g__Paenibacillus; s__	1.0
1b72861caaf9cec564b88d8d7e5823a1	k__Bacteria; p__Planctomycetes; c__OM190; o__CL500-15; f__; g__; s__	1.0
423112e0a67596692ea0474b0021af39	k__Bacteria; p__Proteobacteria; c__TA18; o__PHOS-HD29; f__; g__; s__	0.7
cf6ec134d30148bdd24a763e944652b6	k__Bacteria; p__Spirochaetes; c__Spirochaetes; o__M2PT2-76; f__; g__; s__	1.0
b1940c9368f66c001d7e2e16e06c43f3	k__Bacteria; p__Cyanobacteria; c__Chloroplast; o__Chlorophyta; f__; g__; s__	0.6666666666666666
1211cd3e82eff6be71ecbe62418da89c	k__Bacteria; p__Proteobacteria; c__Betaproteobacteria; o__Burkholderiales; f__Comamonadaceae; g__Hydrogenophaga; s__	0.7
1a4e1fee0eb68298779cbe56ca2de302	k__Bacteria; p__Proteobacteria; c__Gammaproteobacteria; o__Aeromonadales; f__Aeromonadaceae; g__; s__	0.8
3c17bca765f95a7bcfee8c55da5dc647	k__Bacteria; p__Proteobacteria; c__Gammaproteobacteria; o__Xanthomonadales; f__Xanthomonadaceae; g__Pseudoxanthomonas; s__mexicana	0.8
ab7f5ea1b56f1042861eb47c85cd8c85	k__Bacteria; p__Proteobacteria; c__TA18; o__PHOS-HD29; f__; g__; s__	1.0
87230c4937f2cd1e6df442be275b7c20	k__Bacteria; p__Bacteroidetes; c__Flavobacteriia; o__Flavobacteriales; f__[Weeksellaceae]; g__Chryseobacterium; s__	1.0
5d7a8a24c98839c2e09f4398a2602880	k__Bacteria; p__Proteobacteria; c__Betaproteobacteria; o__MND1; f__; g__; s__	0.6
ef25a9cd102c32abc94d7bb6e80bd2ec	k__Bacteria; p__Bacteroidetes; c__Flavobacteriia; o__Flavobacteriales; f__Cryomorphaceae; g__; s__	1.0
76e1b90d9487eade8d813e4f0f138ef3	k__Bacteria; p__Chlamydiae; c__Chlamydiia; o__Chlamydiales	0.7
0258307a07777250c671ab8581b156cf	k__Bacteria; p__Proteobacteria; c__Deltaproteobacteria; o__Spirobacillales; f__; g__; s__	1.0
b70da1e232b682b9beb7c208d5074fad	k__Bacteria; p__Bacteroidetes; c__Flavobacteriia; o__Flavobacteriales; f__Flavobacteriaceae; g__Flavobacterium; s__	1.0
333740b11245bd636c63b89d7f24a755	k__Bacteria; p__Actinobacteria; c__Acidimicrobiia; o__Acidimicrobiales; f__ntu14; g__; s__	0.9
113483adae83089195668e1057c9a8c7	k__Bacteria; p__Chlamydiae; c__Chlamydiia; o__Chlamydiales; f__Parachlamydiaceae	0.6
754dca7384d07270dc5a38ffc6c9af8d	k__Bacteria; p__Actinobacteria; c__Actinobacteria; o__Actinomycetales; f__Microbacteriaceae	1.0
db1a0357c075b154a2e5b780ec3d0cf7	k__Bacteria; p__Proteobacteria; c__Alphaproteobacteria; o__Rickettsiales; f__mitochondria; g__; s__	0.8333333333333334
7fbba55683a2529375183769469f4dc7	Unassigned	0.0
c0e1c7d0edac2092866a18603828ab5a	k__Bacteria; p__Verrucomicrobia; c__[Spartobacteria]; o__[Chthoniobacterales]; f__[Chthoniobacteraceae]; g__; s__	0.6
db31f14a71c07832d4400a0a54c1c12a	k__Archaea; p__Euryarchaeota; c__Methanomicrobia; o__Methanomicrobiales; f__Methanoregulaceae; g__Candidatus Methanoregula; s__	1.0
56a5d8aea1fabfde3bb589bb78c8230f	Unassigned	0.0
7d7b2599757cdc3e44ecb91a35a9ea75	k__Bacteria; p__Proteobacteria; c__Gammaproteobacteria; o__Alteromonadales; f__211ds20; g__; s__	1.0
4efdcb5a14fcbccef68ea62951667de9	k__Bacteria; p__Proteobacteria; c__Alphaproteobacteria; o__Rhodobacterales; f__Rhodobacteraceae; g__Rhodobacter; s__	1.0
6565e9e455a767ac11cf4904215ccea7	k__Bacteria; p__Cyanobacteria; c__Chloroplast; o__Euglenozoa; f__; g__; s__	1.0
81fb488d972e466371ce21e97db70828	k__Bacteria; p__Chlamydiae; c__Chlamydiia; o__Chlamydiales	1.0
e1d4377f9668c86c769456ce102fd615	k__Bacteria; p__Proteobacteria; c__Gammaproteobacteria; o__Methylococcales; f__Crenotrichaceae; g__Crenothrix; s__	1.0
63159dc7e0e35b7d3407f10d48a86e25	Unassigned	0.0
928bbb792cc520cc995aa5596a2fc19f	k__Bacteria; p__Proteobacteria; c__Alphaproteobacteria; o__Rickettsiales; f__; g__; s__	1.0
533c87e7fb874624fea8e2989dfe207a	k__Bacteria; p__Verrucomicrobia; c__[Spartobacteria]; o__[Chthoniobacterales]; f__[Chthoniobacteraceae]; g__Candidatus Xiphinematobacter; s__	1.0
602886a546ee87c934180e34c062b8c6	k__Bacteria; p__Bacteroidetes; c__Cytophagia; o__Cytophagales; f__Flammeovirgaceae	0.7
5a1e523e0a823a702df52add01e7f7a9	k__Bacteria; p__Bacteroidetes; c__Cytophagia; o__Cytophagales; f__Cytophagaceae	0.8
8768ed2d75852e9523203754921f985a	k__Bacteria; p__Proteobacteria; c__Deltaproteobacteria; o__Myxococcales; f__Myxococcaceae	0.6
bc0c7ace1aaf324e91635dcc37885a78	k__Bacteria; p__OP3; c__PBS-25; o__; f__; g__; s__	1.0
d9dbcec3f8cc086fb65997d8b9ecd4b6	k__Bacteria; p__Bacteroidetes; c__[Saprospirae]; o__[Saprospirales]; f__Chitinophagaceae; g__; s__	1.0
a481f830c686c39a79cedf58b5c7ed5c	k__Bacteria; p__Proteobacteria; c__Alphaproteobacteria; o__Rhodobacterales; f__Rhodobacteraceae; g__Rhodobacter; s__	1.0
f56702e9ff14f44822c2861a239198d3	k__Bacteria; p__OP9; c__JS1; o__SB-45; f__; g__; s__	1.0
68262158faae4f121be4fa94af09d444	k__Bacteria; p__Proteobacteria; c__Deltaproteobacteria; o__Desulfobacterales; f__Desulfobulbaceae; g__; s__	0.6
99ea96a2b769a46e596d492f746223ef	k__Bacteria; p__Chlorobi; c__OPB56; o__; f__; g__; s__	1.0
6afcb2a3fc34a152fceb82ecc8d4a0cd	k__Bacteria; p__Bacteroidetes; c__Bacteroidia; o__Bacteroidales; f__Bacteroidaceae; g__; s__	0.6
af60c954ea2e2cba0a19c1fd98c56c8b	k__Bacteria; p__Proteobacteria; c__TA18; o__CV90; f__; g__; s__	1.0
bb6a455c6f4284a41f7b992151f5ca32	k__Bacteria; p__Verrucomicrobia; c__[Spartobacteria]; o__[Chthoniobacterales]; f__[Chthoniobacteraceae]; g__Candidatus Xiphinematobacter; s__	0.9
e488cc307137d24804fa1f9048d1a734	k__Bacteria; p__Proteobacteria; c__Betaproteobacteria; o__Burkholderiales; f__Comamonadaceae; g__Rubrivivax; s__gelatinosus	0.7
c191bd0164a2ee915932815fe30c281a	k__Bacteria; p__Cyanobacteria	1.0
8646144c9510e74237203013ce9dcc35	k__Bacteria; p__Planctomycetes; c__Planctomycetia; o__Gemmatales; f__Isosphaeraceae; g__; s__	1.0
f0b2d74fda1c77578fe5d748b5dbacb5	k__Bacteria; p__Acidobacteria; c__Solibacteres; o__Solibacterales; f__; g__; s__	0.7
66f37b2466de21ce0b606d065153ce82	k__Bacteria; p__Proteobacteria; c__Alphaproteobacteria; o__BD7-3; f__; g__; s__	1.0
2a1908fb403ddee433c73c496c3a78b2	k__Bacteria; p__Proteobacteria; c__TA18; o__CV90; f__; g__; s__	1.0
8b181cb79d90a4dc9ca5c3449203226c	k__Bacteria; p__Proteobacteria; c__Deltaproteobacteria; o__Syntrophobacterales; f__Syntrophaceae; g__Syntrophus; s__	1.0
c20c59bde47d2a0b4cb279bcbb98aefd	k__Bacteria; p__Proteobacteria; c__Gammaproteobacteria; o__Legionellales; f__; g__; s__	0.8
e15411bcbb55f34556d4b97b810edb2e	k__Bacteria; p__Bacteroidetes; c__Cytophagia; o__Cytophagales; f__Cytophagaceae; g__Flectobacillus; s__	1.0
b3e40cf52cda179b3dba10c201f3e0f6	k__Bacteria; p__Proteobacteria; c__Gammaproteobacteria; o__Xanthomonadales; f__Xanthomonadaceae; g__; s__	0.8
29934c7bc127f822c954b4d271988f7b	k__Bacteria; p__Planctomycetes; c__Planctomycetia; o__Pirellulales; f__Pirellulaceae; g__; s__	0.6
2f5aa07901a34a8f5a270fa59f8909ef	k__Bacteria; p__TM6; c__SJA-4; o__; f__; g__; s__	1.0
33c2d685c3be5d844575fe689107fcbd	k__Bacteria; p__Bacteroidetes; c__Cytophagia; o__Cytophagales; f__Cytophagaceae; g__Flectobacillus; s__	1.0
85b55ebd359006a28173e76da0a1ae0a	k__Bacteria; p__Proteobacteria; c__Alphaproteobacteria; o__Rhodospirillales; f__Rhodospirillaceae; g__; s__	0.7
4df6ad05c622d13d2d58000dce41000e	k__Bacteria; p__Proteobacteria; c__Alphaproteobacteria; o__; f__; g__; s__	0.7
9fe73d47b272c304f2a877f6c31bc0d8	k__Bacteria; p__Proteobacteria; c__Deltaproteobacteria; o__Myxococcales; f__Cystobacteraceae	0.6
fc421d8ff15c4bb4b37d71ee85663f3c	k__Bacteria; p__Proteobacteria; c__Alphaproteobacteria; o__Rickettsiales; f__; g__; s__	1.0
429cd64085fee3ef22f405afe819f869	k__Bacteria; p__Actinobacteria; c__Actinobacteria; o__Actinomycetales; f__; g__; s__	0.6
448173fb6a3da99c5ada0d8013c1f50d	k__Bacteria; p__OD1; c__ZB2; o__; f__; g__; s__	1.0
e1249d9cacce5a77a92aebcbbcf42c70	k__Bacteria; p__Planctomycetes; c__OM190; o__CL500-15; f__; g__; s__	1.0
7c7760f2cf64b9cf9d0519d08d0dd6ab	k__Bacteria; p__Verrucomicrobia; c__Opitutae; o__Opitutales; f__Opitutaceae; g__; s__	0.9
f643b76d2f9163558d09fade19531266	k__Bacteria; p__OD1; c__ZB2; o__; f__; g__; s__	1.0
d0fad6a046fa48273213b331160d1288	k__Bacteria; p__Proteobacteria; c__Alphaproteobacteria; o__Rickettsiales; f__; g__; s__	1.0
492e98a2c634c288c233a827a473dc12	k__Bacteria; p__Proteobacteria; c__Alphaproteobacteria; o__Rhizobiales; f__Beijerinckiaceae; g__; s__	0.8
487065234c1bf205eff101c1cdadd06a	k__Bacteria; p__Proteobacteria; c__Betaproteobacteria; o__Burkholderiales; f__Comamonadaceae	1.0
d06978a77ddf71a5fffbde2e0dbc9170	k__Bacteria; p__Proteobacteria; c__Epsilonproteobacteria; o__Campylobacterales; f__Campylobacteraceae; g__Arcobacter; s__	0.9
82e27dcea1ebbb70aa953de0f141c3b6	k__Bacteria; p__Actinobacteria; c__Actinobacteria; o__Actinomycetales; f__Micromonosporaceae; g__Actinoplanes; s__	1.0
5ee12a239a0f8279a5064b73d19b5010	k__Bacteria; p__Proteobacteria; c__Alphaproteobacteria; o__; f__; g__; s__	0.7
cc2d9a678fb8b8214730a860d905dc87	k__Bacteria; p__Acidobacteria; c__DA052; o__E29; f__; g__; s__	0.7
5fcd0ef771084839d5aeefb8a63075d0	k__Bacteria; p__Cyanobacteria; c__4C0d-2; o__MLE1-12; f__; g__; s__	0.7
49ccdc0306b2baf819630c29eb351fb2	k__Bacteria; p__Proteobacteria; c__Alphaproteobacteria; o__Sphingomonadales; f__Sphingomonadaceae; g__; s__	0.6
83406256b6eb49de6c3906ae641af970	k__Bacteria; p__Proteobacteria; c__Alphaproteobacteria; o__Rhodospirillales; f__Acetobacteraceae; g__; s__	0.8
b18a31e7ccf77f238f7588ac44773638	k__Bacteria; p__Proteobacteria; c__Alphaproteobacteria; o__BD7-3; f__; g__; s__	1.0
4d5f95e9fc8bfee33593f6064078db31	k__Bacteria; p__Planctomycetes; c__Planctomycetia; o__Pirellulales; f__Pirellulaceae; g__; s__	1.0
4c317ba4f8299e06ed771989acb8b08a	k__Bacteria; p__Bacteroidetes; c__[Saprospirae]; o__[Saprospirales]; f__Chitinophagaceae; g__; s__	1.0
2c59b310ced6617816a42d4e49bb373b	k__Bacteria; p__Proteobacteria; c__Betaproteobacteria	1.0
036af53397133782299306b5d512dfa6	k__Bacteria; p__Chlamydiae; c__Chlamydiia; o__Chlamydiales; f__Rhabdochlamydiaceae; g__Candidatus Rhabdochlamydia; s__	0.6
9ef1f67033a60a5a8952759137662134	k__Bacteria; p__Proteobacteria; c__Alphaproteobacteria; o__Rhodospirillales; f__Acetobacteraceae; g__; s__	1.0
190514332e49b2e8822d3db1081ddc1a	k__Bacteria; p__Proteobacteria; c__Betaproteobacteria; o__Burkholderiales	0.9
b5022c2f7a9346b405eb63582a56e2ad	k__Bacteria; p__Actinobacteria; c__Acidimicrobiia; o__Acidimicrobiales; f__; g__; s__	0.9
62f900ddb5e2f5fe46c5672d978e12ae	k__Bacteria; p__Proteobacteria; c__Deltaproteobacteria; o__Desulfobacterales; f__Desulfobulbaceae; g__; s__	1.0
08d1ae20c5f7008a380cbb6220321947	k__Bacteria; p__Verrucomicrobia; c__[Spartobacteria]; o__[Chthoniobacterales]; f__[Chthoniobacteraceae]; g__Candidatus Xiphinematobacter; s__	0.9
1c4a9f2dda7beb939564981005beb759	k__Bacteria; p__Proteobacteria; c__Alphaproteobacteria; o__Rhodospirillales; f__Rhodospirillaceae; g__; s__	0.6
0544946b805d12f1605762379ae9df52	k__Bacteria; p__Bacteroidetes; c__[Saprospirae]; o__[Saprospirales]; f__Saprospiraceae; g__; s__	1.0
4d55f4779e6dfe7f6eba4a3b1fc8ee15	k__Bacteria; p__Firmicutes	0.8
ecb26e1f249d82dac11cf6d32a1afa4c	k__Bacteria; p__Bacteroidetes; c__Flavobacteriia; o__Flavobacteriales; f__Flavobacteriaceae; g__Flavobacterium; s__	1.0
dcd913312596a84583f30263308cf25f	k__Bacteria; p__Firmicutes; c__Clostridia	0.7
5451d24b305707b3729847387540dbcd	k__Bacteria; p__Bacteroidetes; c__Flavobacteriia; o__Flavobacteriales; f__Flavobacteriaceae; g__Flavobacterium; s__	1.0
87a39e2f94a9e1fa641b9dd4e6977461	k__Bacteria; p__Proteobacteria; c__TA18; o__CV90; f__; g__; s__	1.0
24d351ac2eac01ffffa894bc6608054a	k__Bacteria; p__Proteobacteria; c__Alphaproteobacteria; o__Sphingomonadales; f__Sphingomonadaceae; g__Blastomonas; s__	0.6
dc7dad8cc298120b71f2f3fa747e4792	k__Bacteria	1.0
f855053d5100b00c6cf5abf586bc61dd	k__Bacteria; p__Chloroflexi; c__Anaerolineae; o__SBR1031; f__A4b; g__; s__	0.8
8cb12bba08f7d4aa80a749b4d23afc7a	k__Bacteria; p__Planctomycetes; c__028H05-P-BN-P5; o__; f__; g__; s__	0.9
25939cea679c54837b5519d7e53c9983	k__Bacteria; p__Bacteroidetes	1.0
1ccbc9dddf164fdf49ceaf148929a12b	k__Bacteria; p__Bacteroidetes; c__Sphingobacteriia; o__Sphingobacteriales; f__Sphingobacteriaceae; g__; s__	0.9
6dd7b425db99f8f9cd751871c0918f7e	k__Bacteria; p__Proteobacteria; c__Alphaproteobacteria; o__Rhizobiales; f__Methylocystaceae; g__Methylosinus; s__	0.8
c676e3ccf6e38ab376caaa433b940b25	k__Bacteria; p__Cyanobacteria; c__Chloroplast; o__Streptophyta; f__; g__; s__	1.0
3070fcfa4d0d16ec4ca2ae38555e213c	k__Bacteria; p__Chloroflexi; c__Anaerolineae; o__Caldilineales; f__Caldilineaceae; g__; s__	1.0
034b2a94d1007c7d4cff8248d6e64905	k__Bacteria; p__Bacteroidetes; c__Sphingobacteriia; o__Sphingobacteriales; f__; g__; s__	1.0
3850b956c7d6d6788b22978567ca3230	k__Bacteria; p__Firmicutes; c__Clostridia; o__Clostridiales	0.75
9bde13d6cdaefe98b08cbfbc8cac07f3	k__Bacteria; p__Bacteroidetes; c__[Saprospirae]; o__[Saprospirales]; f__Chitinophagaceae; g__; s__	0.6
9e0ed40b3b1dac87ac8fca804ebce2cb	k__Bacteria; p__Armatimonadetes; c__[Fimbriimonadia]; o__[Fimbriimonadales]; f__[Fimbriimonadaceae]; g__Fimbriimonas; s__	1.0
5f642146637560ade40eeb7e2e77bb3c	k__Bacteria; p__Bacteroidetes; c__Sphingobacteriia; o__Sphingobacteriales; f__; g__; s__	1.0
22fcd0b7d9f0431b68bcd18b065d3015	k__Bacteria; p__Proteobacteria; c__Gammaproteobacteria; o__Xanthomonadales; f__Sinobacteraceae; g__; s__	0.8
b4d9aecc41230b2ffb47b58af024c48e	k__Bacteria; p__Proteobacteria; c__Deltaproteobacteria; o__Spirobacillales; f__; g__; s__	1.0
801e5d7e29f0f1b33574f2710d75955d	k__Bacteria; p__Elusimicrobia; c__Elusimicrobia; o__Elusimicrobiales; f__; g__; s__	1.0
e5be76663aa42dbdfd6bb3f058af370e	k__Bacteria; p__Proteobacteria; c__Gammaproteobacteria; o__[Marinicellales]; f__[Marinicellaceae]; g__; s__	1.0
30d3f7c70bbcb5601d552bfb77fd39a5	k__Bacteria; p__Proteobacteria; c__Alphaproteobacteria; o__Rhodobacterales; f__Hyphomonadaceae; g__; s__	1.0
6a9b8f9fe8dfc8a215e9e51a66bcf504	k__Bacteria; p__Proteobacteria; c__Deltaproteobacteria; o__Bdellovibrionales; f__Bdellovibrionaceae; g__Bdellovibrio	1.0
16bc81b0247d44196234fb96f160b212	k__Bacteria; p__Proteobacteria; c__Betaproteobacteria; o__Burkholderiales; f__Comamonadaceae	0.9
5c6bf505c309434a22895112e41ced6a	k__Bacteria; p__Firmicutes; c__Clostridia; o__Clostridiales	0.8
d3554e48de61c72a8aac930614e021fc	k__Bacteria; p__Proteobacteria; c__Alphaproteobacteria; o__Rhodobacterales; f__Rhodobacteraceae; g__Rhodobacter; s__	0.7
3485cb34f0dff8e227c07c5e3b9157da	k__Bacteria; p__Bacteroidetes; c__Cytophagia; o__Cytophagales; f__Cytophagaceae; g__; s__	1.0
c76ab8af9d383e586e11e547e46c8979	k__Bacteria; p__Proteobacteria; c__Betaproteobacteria; o__Rhodocyclales; f__Rhodocyclaceae; g__Propionivibrio; s__	0.9
42014716ac8e954c28efea1dfd5501eb	k__Bacteria; p__Proteobacteria; c__Alphaproteobacteria; o__Sphingomonadales; f__Sphingomonadaceae; g__Novosphingobium; s__	0.6
64442ea56562e14614ad2e8a16da7b47	k__Bacteria; p__Proteobacteria; c__Betaproteobacteria; o__Procabacteriales; f__Procabacteriaceae; g__; s__	0.9
e7fa70e0d4bebca66bea764b135902ed	k__Bacteria; p__Proteobacteria; c__Betaproteobacteria; o__Burkholderiales; f__Oxalobacteraceae; g__; s__	0.8
3d7b50e3a58d73583d76076d38d1d45b	k__Bacteria; p__Verrucomicrobia; c__Verruco-5	1.0
f111975198ff27a3acba75833033ff2d	k__Bacteria; p__OD1; c__ABY1; o__; f__; g__; s__	1.0
0a019de13535e34c44f7bfb419610837	k__Bacteria; p__Actinobacteria; c__Acidimicrobiia; o__Acidimicrobiales; f__Microthrixaceae; g__; s__	1.0
8749c4554ceb0b858d9f1cba5e3f369d	k__Bacteria; p__Proteobacteria; c__Deltaproteobacteria; o__Desulfuromonadales; f__Geobacteraceae; g__Geobacter; s__lovleyi	0.8
b1e48057dfee0cf0e8d61c94dabd0df4	k__Bacteria; p__OD1; c__; o__; f__; g__; s__	1.0
36a8e8b8ab50d7d8a156f07b338534d7	k__Bacteria; p__Proteobacteria; c__Alphaproteobacteria; o__Rhodobacterales; f__Rhodobacteraceae	0.8
bab3a75424f88adfd82d93cf9ee87c66	k__Bacteria; p__Actinobacteria; c__Actinobacteria; o__Actinomycetales; f__Mycobacteriaceae; g__Mycobacterium; s__	1.0
e6bbf6eed13fe421d692a608f9dd188e	k__Bacteria; p__Proteobacteria; c__Alphaproteobacteria; o__Rhizobiales	0.7
b7ea40e808ed4bc06c26ccd8e189463b	k__Bacteria; p__Actinobacteria; c__Thermoleophilia; o__Solirubrobacterales; f__; g__; s__	1.0
dfb83aca8992ecae7423d22387b85196	k__Bacteria; p__Bacteroidetes; c__Flavobacteriia; o__Flavobacteriales; f__Cryomorphaceae; g__; s__	0.8
73d0eae95fa619138d6d47820fee2fcd	k__Bacteria; p__Proteobacteria; c__Alphaproteobacteria; o__Caulobacterales; f__Caulobacteraceae; g__Asticcacaulis	0.8
d7af89d2c72f3872e2a035cf8388f6c8	k__Bacteria; p__Actinobacteria; c__Actinobacteria; o__Actinomycetales; f__Microbacteriaceae	1.0
3c0116e3c9608dbb303ff6171ea42ea4	k__Bacteria; p__Firmicutes; c__Clostridia; o__Clostridiales; f__; g__; s__	1.0
784ac270801ae1ccd4c8d3975c4a22da	k__Bacteria; p__Verrucomicrobia; c__[Spartobacteria]; o__[Chthoniobacterales]; f__[Chthoniobacteraceae]; g__; s__	0.6
ef7ae7b59bd6129a3bd410014f66ac65	k__Bacteria; p__Verrucomicrobia; c__Opitutae; o__[Cerasicoccales]; f__[Cerasicoccaceae]; g__; s__	1.0
3f793d001a93b6332d36bd83e5452378	k__Bacteria; p__Firmicutes; c__Clostridia; o__Clostridiales; f__Clostridiaceae; g__Clostridium; s__	0.6
e0c96324593b027c9fffd9275e99be7a	k__Bacteria; p__Proteobacteria; c__Alphaproteobacteria; o__Rhodospirillales; f__Rhodospirillaceae; g__; s__	0.9
04431f8c0764ed3829af6f919688a469	k__Bacteria; p__Proteobacteria; c__Alphaproteobacteria; o__Rhizobiales; f__; g__; s__	1.0
f1ad6ba3f6496d5980379475a814985a	k__Bacteria; p__Proteobacteria; c__Betaproteobacteria; o__Methylophilales; f__Methylophilaceae; g__; s__	0.9
bd36dde47cd8a3ac69efa49c1bbfea31	k__Bacteria; p__Bacteroidetes; c__Sphingobacteriia; o__Sphingobacteriales; f__; g__; s__	1.0
cd8cb96f71301700d07f073d7cdadcb4	k__Bacteria; p__Chlorobi; c__OPB56; o__; f__; g__; s__	1.0
9741b66e1987dc4b3e2e836353a40759	k__Bacteria; p__Firmicutes; c__Clostridia; o__Clostridiales	0.8
49a64d8e893772b4e73488ef6701398a	k__Archaea; p__[Parvarchaeota]; c__[Parvarchaea]; o__WCHD3-30; f__; g__; s__	1.0
77d3c5aecafa316a07e063ad693d8385	k__Bacteria; p__Firmicutes; c__Clostridia; o__Clostridiales; f__; g__; s__	1.0
3b70bbfc6ed42a4d416683c6ad4377f7	k__Bacteria	1.0
0f1fa840c7729baec35770e7bfa5a0d2	k__Bacteria; p__Acidobacteria; c__Solibacteres; o__Solibacterales; f__; g__; s__	0.7
25de94e505e74518e3b670a21271bf4f	k__Bacteria; p__Proteobacteria; c__Alphaproteobacteria; o__; f__; g__; s__	1.0
24c9a7ec0a3f421048def5664a71f897	k__Bacteria; p__Firmicutes; c__Clostridia; o__Clostridiales; f__Ruminococcaceae; g__; s__	0.9
5461794686ede26eacdf1146dfa2cb27	k__Bacteria; p__Proteobacteria; c__Betaproteobacteria; o__Burkholderiales; f__Oxalobacteraceae; g__Polynucleobacter; s__cosmopolitanus	0.7
3c20e4f51ff1cd3d525c155f8a1ee254	k__Bacteria; p__Proteobacteria	1.0
3a6912b70079c79251ba0ebd1e277124	k__Bacteria; p__Proteobacteria; c__Betaproteobacteria; o__SC-I-84; f__; g__; s__	0.9
75157f1a40adac638c8cfbf779c45ae5	k__Bacteria; p__Actinobacteria; c__Actinobacteria; o__Actinomycetales; f__ACK-M1; g__; s__	1.0
af59e7e7a60662201c14386edf762359	k__Bacteria; p__Proteobacteria; c__Alphaproteobacteria; o__Caulobacterales; f__Caulobacteraceae; g__; s__	0.8
89ed88d94766e77d2b0b80932f95e231	k__Bacteria; p__Firmicutes; c__Clostridia; o__Clostridiales; f__Lachnospiraceae; g__; s__	0.6
62aadbf81a8965b2917e6ea8318cbed4	k__Bacteria; p__Proteobacteria; c__Betaproteobacteria; o__Burkholderiales; f__; g__; s__	0.9
67b0aec54a408d67abe713b3030990c7	k__Bacteria; p__Actinobacteria; c__Thermoleophilia; o__Gaiellales; f__Gaiellaceae; g__; s__	0.7
25ca5323a68f18c494e1e5860dc48398	k__Bacteria; p__Bacteroidetes; c__Sphingobacteriia; o__Sphingobacteriales; f__; g__; s__	1.0
75c27fe341b47df801ccf2f81737875c	k__Bacteria; p__Proteobacteria; c__Deltaproteobacteria; o__Myxococcales; f__; g__; s__	1.0
7157039224fc1ed293a8954e913278e5	k__Bacteria; p__Planctomycetes; c__Planctomycetia; o__Pirellulales; f__Pirellulaceae; g__; s__	1.0
6264f49ae8e7f5149bd21bdd2868996e	k__Bacteria; p__Firmicutes; c__Clostridia; o__Clostridiales; f__Clostridiaceae; g__; s__	0.6
f57a4591bb1b89200bebc66c963e3cfd	k__Bacteria; p__Proteobacteria; c__Deltaproteobacteria; o__Desulfobacterales; f__Desulfobulbaceae; g__; s__	0.8
f95478e835b2bb6fc972854cff8042a1	k__Bacteria; p__Cyanobacteria; c__Chloroplast; o__Stramenopiles; f__; g__; s__	1.0
57d8ed1e7a1178a1d39717c6cef023fc	k__Bacteria; p__Proteobacteria; c__Alphaproteobacteria; o__Rickettsiales; f__; g__; s__	1.0
c605d10dc312b935c17314e12c2bc5cd	k__Bacteria; p__Proteobacteria; c__Betaproteobacteria; o__Burkholderiales; f__Comamonadaceae	1.0
3bf9152424f75f8ce8e973e2df1e6575	k__Bacteria; p__OD1; c__ZB2; o__; f__; g__; s__	1.0
a8c916755b6306657f8d7cb026150e6a	k__Bacteria; p__Cyanobacteria; c__Chloroplast; o__Streptophyta; f__; g__; s__	1.0
94ac7ae8fda4c4d46e4c3d7b986fe12d	k__Bacteria; p__Proteobacteria; c__Alphaproteobacteria; o__Rickettsiales; f__Rickettsiaceae; g__; s__	0.7
6bb7f9a11bcf31f8f7a8308ae5b2ca1a	k__Bacteria; p__Actinobacteria; c__Acidimicrobiia; o__Acidimicrobiales; f__C111; g__; s__	1.0
f290dcc547b92cab43390d16994b096f	k__Bacteria; p__Proteobacteria	1.0
84da2850a65de7e54744628fd6e4595b	k__Bacteria; p__Bacteroidetes; c__Bacteroidia; o__Bacteroidales	0.9
c12a626f689061db5e8afff9c8fc6ddf	k__Bacteria; p__Cyanobacteria; c__Synechococcophycideae; o__Pseudanabaenales; f__Pseudanabaenaceae	0.9
2269af75f5a8abeebdc62beda7cb4b72	k__Bacteria; p__Proteobacteria; c__Alphaproteobacteria; o__Rhizobiales	1.0
5921e2e98bf6795cce9ad20dde46d33b	Unassigned	0.0
54ec11e0bf257ea4d3788ec312b65873	k__Bacteria; p__Verrucomicrobia; c__Opitutae; o__Opitutales; f__Opitutaceae; g__Opitutus; s__	0.6
50d0c90012658fa6ac5426299e6b1c86	k__Bacteria; p__Planctomycetes; c__Planctomycetia; o__Pirellulales; f__Pirellulaceae; g__; s__	1.0
d92d00af4ea7a19af68dfad53671f10b	k__Bacteria; p__Firmicutes; c__Clostridia; o__Clostridiales; f__Ruminococcaceae; g__; s__	1.0
5d7259e8d211b6fba6dab70e8e0000bf	Unassigned	0.0
6241c22f8035f17d96bea5415ff29990	k__Bacteria; p__Proteobacteria; c__Deltaproteobacteria; o__NB1-j	0.6
7ec7847199b5eb1ac6712464ff70f9bb	k__Bacteria; p__Bacteroidetes; c__Sphingobacteriia; o__Sphingobacteriales; f__Sphingobacteriaceae; g__; s__	0.8
f4222f798ae800eb1856dde3ece80e2f	k__Bacteria; p__Proteobacteria; c__Alphaproteobacteria; o__Rhizobiales; f__Beijerinckiaceae	0.6
e71da1308f8d5b665afdf5873f018455	k__Bacteria; p__Proteobacteria; c__TA18; o__PHOS-HD29; f__; g__; s__	1.0
65229d9d400b5ed5222b8d69fa1e4ddd	k__Bacteria; p__Proteobacteria; c__Deltaproteobacteria; o__Spirobacillales; f__; g__; s__	1.0
439a012232c65301acd0b212d3e8d876	k__Bacteria; p__Cyanobacteria; c__Chloroplast; o__Stramenopiles; f__; g__; s__	1.0
a3dd10b13d0848bef15f5b3521590404	k__Bacteria; p__[Thermi]; c__Deinococci; o__Deinococcales; f__Trueperaceae	1.0
c19e0e45e2f2864c356761f1c79cb166	k__Bacteria; p__Bacteroidetes; c__BME43; o__; f__; g__; s__	0.6
dbc962a9e2692b7c8edb95f7a798c4f3	k__Bacteria; p__Proteobacteria; c__Gammaproteobacteria; o__Methylococcales; f__Methylococcaceae; g__; s__	1.0
6b90493a4439ce8a4870ea38b3782fe2	k__Bacteria; p__Proteobacteria; c__Alphaproteobacteria	1.0
710c8dc646e55d9cc147fd57dca3f134	k__Bacteria; p__Proteobacteria; c__Gammaproteobacteria; o__Xanthomonadales; f__Xanthomonadaceae	1.0
f3ba14284ace70c655d46b5d439cd7d2	k__Bacteria; p__Proteobacteria; c__Deltaproteobacteria; o__; f__; g__; s__	0.7
d570a90b49b46b1f17205d87fba853ec	k__Bacteria; p__Proteobacteria; c__Alphaproteobacteria; o__Rickettsiales; f__; g__; s__	0.8
f67258b9ca363dd761604a670bccf54a	k__Bacteria; p__Verrucomicrobia; c__Verrucomicrobiae; o__Verrucomicrobiales; f__Verrucomicrobiaceae; g__; s__	0.9
48496edae8b0e3bc1f2596c487d52fc6	k__Bacteria; p__Proteobacteria; c__Betaproteobacteria; o__Burkholderiales; f__Comamonadaceae; g__Methylibium; s__	0.6
b19c66ce8a8d49e30c1ecf76e5c690c4	k__Bacteria; p__Proteobacteria; c__Betaproteobacteria; o__Neisseriales; f__Neisseriaceae; g__; s__	0.6
6c00ed81ad9e77f0b86379912f32849d	k__Bacteria; p__Actinobacteria; c__Acidimicrobiia; o__Acidimicrobiales; f__; g__; s__	1.0
3e6d5ae0a563f4574fe003b17b142f21	k__Bacteria; p__Proteobacteria; c__Betaproteobacteria; o__Burkholderiales; f__Comamonadaceae; g__Rubrivivax; s__gelatinosus	0.7
29cb99cd0c4c9995e468350dba759df3	k__Bacteria; p__Bacteroidetes; c__Cytophagia; o__Cytophagales; f__Cytophagaceae; g__; s__	0.9
e42d2726611f42e8f51932a9c0be1589	k__Bacteria; p__Proteobacteria; c__Alphaproteobacteria; o__Rhizobiales	1.0
1a90106aca8d39fa03bcb1fbba497cfe	k__Bacteria; p__Firmicutes; c__Clostridia; o__Clostridiales; f__; g__; s__	0.6
cc7f00140fb6a94dd9d23cc4acce4aaa	k__Bacteria; p__Bacteroidetes; c__[Saprospirae]; o__[Saprospirales]; f__Chitinophagaceae; g__; s__	1.0
0ca147d5e34b4bafe5c2c0760872d298	k__Bacteria; p__OD1; c__; o__; f__; g__; s__	1.0
93f246919505f0c179ed672370e12def	k__Bacteria; p__Proteobacteria; c__Alphaproteobacteria; o__Rhodospirillales; f__Acetobacteraceae; g__Roseomonas; s__	0.9
14fb2df52488a084b708fbd466dca866	k__Bacteria; p__Cyanobacteria; c__Chloroplast; o__Chlorophyta	0.7
114cbb9823e4c94e56bc3ba7f7adba28	k__Bacteria; p__Proteobacteria; c__Betaproteobacteria; o__Burkholderiales; f__Comamonadaceae; g__; s__	0.6
010205488c675102f9b9d6de2678f78f	k__Bacteria	1.0
230d280397bd175e686e1199a7016a4c	k__Bacteria; p__Proteobacteria; c__Alphaproteobacteria; o__Rickettsiales; f__Rickettsiaceae; g__; s__	0.9
e139adc3b2c83213f93ae9c058f469ca	k__Bacteria; p__Bacteroidetes; c__Flavobacteriia; o__Flavobacteriales; f__Cryomorphaceae; g__Fluviicola; s__	1.0
888f4a4da6c5ddafb0be38e7cac33dc1	k__Bacteria; p__Bacteroidetes; c__[Saprospirae]; o__[Saprospirales]; f__Saprospiraceae; g__; s__	0.8
2a91e05b57a889e679c23dc1d21c5f03	k__Bacteria; p__Proteobacteria; c__Alphaproteobacteria; o__Rhodospirillales; f__Rhodospirillaceae; g__; s__	1.0
8a6525a2f13cb1136d1f0d2f25cceed6	k__Bacteria; p__Proteobacteria; c__Deltaproteobacteria; o__Bdellovibrionales; f__Bdellovibrionaceae; g__Bdellovibrio; s__	0.8
2b0669325a03e5411b48a4f88ca7c166	k__Bacteria; p__Proteobacteria; c__Betaproteobacteria; o__; f__; g__; s__	0.6
bf49de3767874d318d7ab0c7662e795c	k__Bacteria; p__Cyanobacteria; c__Chloroplast; o__Chlorophyta; f__; g__; s__	0.9
a2e4e65c05396d19f458a8019777e12c	k__Bacteria; p__Proteobacteria; c__Deltaproteobacteria; o__Bdellovibrionales; f__Bdellovibrionaceae; g__Bdellovibrio; s__	0.7
72e66acf8e1bf0f7a3fe9fc6c57f51e8	k__Bacteria; p__Bacteroidetes; c__[Saprospirae]; o__[Saprospirales]; f__Saprospiraceae; g__; s__	0.9
7a2dcf450dcc4095f4bfdb87ee562187	k__Bacteria; p__Proteobacteria; c__Alphaproteobacteria; o__Rhodobacterales; f__Rhodobacteraceae; g__Rhodobacter; s__	0.6
b3d50e5577fa8b451776baa48aebcd4b	k__Bacteria; p__Verrucomicrobia; c__Verruco-5; o__WCHB1-41; f__; g__; s__	0.7
d55c84e5e4b58fbf2ec6aa5486974546	k__Bacteria; p__Cyanobacteria; c__Chloroplast; o__Streptophyta; f__; g__; s__	1.0
95f83a96539b0d611caec8e8a5feaf96	k__Bacteria; p__Actinobacteria; c__Actinobacteria; o__Actinomycetales; f__Microbacteriaceae; g__Candidatus Aquiluna; s__rubra	0.9
76d44be95e15081b15342dab54591449	k__Bacteria; p__Cyanobacteria	1.0
acc5ea38e5189af1b7c3ed6d1f61514f	k__Bacteria; p__Bacteroidetes; c__Cytophagia; o__Cytophagales; f__Cytophagaceae; g__Leadbetterella; s__	1.0
6fa04e500409cc37c85b6ae4b6761ed4	k__Bacteria; p__Bacteroidetes; c__Sphingobacteriia; o__Sphingobacteriales; f__; g__; s__	1.0
9ee6e43a4d900c361292ed0443a0581d	k__Bacteria; p__Firmicutes; c__Clostridia; o__Clostridiales; f__Clostridiaceae; g__Clostridium; s__perfringens	0.7
fd64ec7eabd493d8d17d34bf62076938	k__Bacteria; p__Cyanobacteria; c__Chloroplast; o__Chlorophyta; f__; g__; s__	1.0
c3fdf21068d6dc96aa7ae1bade1edd7d	k__Bacteria; p__Cyanobacteria; c__Chloroplast; o__Chlorophyta; f__; g__; s__	1.0
5c7e00cddc26dde1501ef24d4d182733	k__Bacteria; p__Verrucomicrobia; c__Verrucomicrobiae; o__Verrucomicrobiales; f__Verrucomicrobiaceae; g__Verrucomicrobium; s__	1.0
ed869aa5f582293d31fbe9059b3b0d99	k__Bacteria; p__Proteobacteria; c__Alphaproteobacteria; o__Rhizobiales; f__; g__; s__	0.9
6cd7da28cbcbc20ea7bd25ad25841ffe	k__Bacteria; p__Proteobacteria; c__Deltaproteobacteria; o__Desulfobacterales; f__Desulfobulbaceae; g__; s__	1.0
148fb1acdd36bb577bf7562c41a34d89	k__Bacteria; p__Firmicutes; c__Bacilli; o__Bacillales; f__Thermoactinomycetaceae; g__Planifilum; s__	0.8
2ca2cf9743143a25d6a87d8643a1a205	k__Bacteria	1.0
f96466b1b6cf71d2038624140cc5f54b	k__Bacteria; p__Bacteroidetes; c__[Saprospirae]; o__[Saprospirales]; f__Chitinophagaceae; g__; s__	1.0
e288fe0235c44af9063789fcf33370d7	k__Bacteria; p__Proteobacteria; c__Deltaproteobacteria; o__Desulfobacterales; f__Desulfobulbaceae; g__Desulfobulbus; s__	0.9
71660458fbaa465570b87493d0efef7d	k__Bacteria; p__Proteobacteria; c__Gammaproteobacteria; o__Xanthomonadales; f__Xanthomonadaceae	1.0
0d63d3d5c92369e3c7dea76cae7922d1	k__Bacteria; p__Proteobacteria; c__Gammaproteobacteria; o__Legionellales; f__Coxiellaceae; g__; s__	0.6
3b60e5200498b85c7f76f8a8da01649d	k__Bacteria; p__Proteobacteria; c__Alphaproteobacteria; o__Rickettsiales; f__Rickettsiaceae; g__Rickettsia; s__	0.7
ff42986bba601b7a4658bc251328309f	k__Bacteria; p__Proteobacteria; c__Deltaproteobacteria; o__Bdellovibrionales; f__Bacteriovoracaceae; g__; s__	1.0
fa29a631b56063a76f890e07785f5821	k__Bacteria; p__Proteobacteria; c__Epsilonproteobacteria; o__Campylobacterales; f__Campylobacteraceae; g__Arcobacter; s__	0.9
685cbb09af6fecd3deba515f2729ad8e	k__Bacteria; p__Bacteroidetes; c__At12OctB3; o__; f__; g__; s__	0.7
fa91443e16f0852b3a8e6612dd3f6120	k__Bacteria; p__Proteobacteria; c__Gammaproteobacteria; o__Pseudomonadales; f__Moraxellaceae; g__Moraxella; s__	0.9
07c7d186b7d8e97026adc4532c368f9c	k__Bacteria; p__Proteobacteria; c__Betaproteobacteria; o__Neisseriales; f__Neisseriaceae	0.8181818181818182
de2e32da83577180ef871f863992afe5	k__Bacteria; p__Proteobacteria; c__Alphaproteobacteria; o__Rickettsiales; f__mitochondria	0.8333333333333334
a5b51949c989ecc15f3c20d0ccd6047a	k__Bacteria; p__Proteobacteria; c__Deltaproteobacteria; o__Spirobacillales; f__; g__; s__	1.0
91119c9ae7c78232cd0b1cc6033d245e	k__Bacteria; p__Proteobacteria; c__Deltaproteobacteria; o__Bdellovibrionales; f__Bdellovibrionaceae; g__Bdellovibrio; s__	1.0
960112385faf12bae9cda91fab2eb0f1	k__Bacteria; p__Proteobacteria; c__Alphaproteobacteria; o__Rhodospirillales; f__Rhodospirillaceae; g__Magnetospirillum; s__	1.0
7bfaf04ec10826f454fb24323f4a4126	k__Bacteria; p__OD1; c__ZB2; o__; f__; g__; s__	1.0
31652785a0182b34db4b64266f70b042	Unassigned	0.0
f364cd35a02701b41a113daa561189df	k__Bacteria; p__Actinobacteria; c__Actinobacteria; o__Actinomycetales; f__Nocardiaceae; g__Rhodococcus; s__	1.0
2d6a8f3d69c36611b45e97e91c5498ae	k__Bacteria; p__Proteobacteria; c__Gammaproteobacteria; o__Chromatiales; f__Chromatiaceae; g__; s__	1.0
7e316dd8f8bafcc3d2e94860069ffa1f	k__Bacteria; p__Fibrobacteres; c__Fibrobacteria; o__Fibrobacterales	0.6
e5ad80cd3accdc34da775fa68c1de903	k__Bacteria; p__Firmicutes; c__Clostridia; o__Clostridiales; f__Ruminococcaceae; g__; s__	1.0
f894861aa0317b50ca232296c6baeb6f	k__Bacteria; p__Proteobacteria; c__Alphaproteobacteria	1.0
887f5a92647bd905559ca42798f3fb32	Unassigned	0.0
125fe68988fea76731471310af81a0dc	k__Bacteria; p__Bacteroidetes; c__Cytophagia; o__Cytophagales; f__Cytophagaceae; g__; s__	1.0
f3cc93fff5ecfca9b64e0f43df244b3f	k__Bacteria; p__Proteobacteria; c__Alphaproteobacteria; o__Ellin329; f__; g__; s__	1.0
6060ff3d593d1547d5a333413c3f18d0	k__Bacteria; p__Proteobacteria; c__Epsilonproteobacteria; o__Campylobacterales; f__Campylobacteraceae	1.0
0fe3cc28444f6fb0c45f61383239678f	k__Bacteria; p__Proteobacteria; c__Gammaproteobacteria; o__Enterobacteriales; f__Enterobacteriaceae	1.0
0683990930da1ed85a482665f756647b	k__Bacteria; p__Cyanobacteria; c__Chloroplast; o__Stramenopiles; f__; g__; s__	1.0
3053549af804e9c09a8cf17112b75c97	k__Bacteria; p__Bacteroidetes; c__Flavobacteriia; o__Flavobacteriales; f__Cryomorphaceae; g__Fluviicola; s__	1.0
81aaf28068601db1a752eda1f4377996	k__Bacteria; p__Bacteroidetes; c__[Saprospirae]; o__[Saprospirales]; f__Saprospiraceae; g__; s__	0.9
c6bb969f8a33331d8f9a9e6db3930478	k__Bacteria; p__Verrucomicrobia; c__Verruco-5; o__WCHB1-41; f__; g__; s__	1.0
d00d10d837ae7d696e2571518e79f467	k__Bacteria; p__Proteobacteria; c__Alphaproteobacteria; o__Rhodobacterales; f__Rhodobacteraceae; g__; s__	0.8
085fbf0d9e31876ce77de2d11a43240a	k__Bacteria; p__Bacteroidetes; c__[Rhodothermi]; o__[Rhodothermales]; f__[Balneolaceae]; g__; s__	0.9
1d8d6b366c4be5594f3c782e9af9f3ef	k__Bacteria; p__Proteobacteria; c__Gammaproteobacteria; o__Legionellales; f__; g__; s__	1.0
badb59f3a82a6f60e6318aea08c82546	k__Bacteria; p__Bacteroidetes; c__Cytophagia; o__Cytophagales; f__Cytophagaceae; g__Leadbetterella; s__	1.0
2059203c7d482d82dfa8545b43dd1f76	k__Bacteria; p__Proteobacteria; c__Gammaproteobacteria; o__Xanthomonadales; f__Xanthomonadaceae; g__; s__	0.7
a9112f0df03756abcbdd43798b66e59b	k__Bacteria; p__Bacteroidetes; c__Bacteroidia; o__Bacteroidales; f__Bacteroidaceae	0.7
6835cd5b558ef45687c7c5eb241d188d	k__Bacteria; p__Verrucomicrobia; c__Opitutae; o__Opitutales; f__Opitutaceae; g__; s__	0.8
810abfe8f0f4d7ee7706e3a75980dfd3	k__Bacteria; p__Proteobacteria; c__Gammaproteobacteria; o__Legionellales; f__Coxiellaceae; g__Aquicella; s__	1.0
5e8735eb901bd1bb3111977c1117b2b1	k__Bacteria; p__Bacteroidetes; c__Cytophagia; o__Cytophagales; f__Cytophagaceae; g__Pontibacter; s__	0.6
e6035e9de5afe312e0f10b67f5d7dd10	k__Bacteria; p__Cyanobacteria; c__Chloroplast; o__Chlorophyta	0.6
6ee293ad4db356b14bdeac65ce4d82eb	k__Bacteria; p__Proteobacteria; c__Betaproteobacteria; o__Burkholderiales; f__Comamonadaceae	1.0
08706fd659079e9a41b27cc8391cd25a	k__Bacteria; p__Proteobacteria; c__Deltaproteobacteria; o__PB19; f__; g__; s__	0.6
31af7bcfbebdfade6edc717f67f8b53c	k__Bacteria; p__Cyanobacteria; c__Synechococcophycideae; o__Pseudanabaenales; f__Pseudanabaenaceae; g__Leptolyngbya; s__	1.0
f23cd635d9715ca14ef93da02621fa81	k__Bacteria; p__Proteobacteria; c__Alphaproteobacteria; o__Rickettsiales; f__Rickettsiaceae; g__Rickettsia; s__	1.0
f9e00cc15108dada9eb6e363fb808e34	k__Bacteria; p__Acidobacteria; c__Solibacteres; o__Solibacterales; f__; g__; s__	1.0
b585d83727cc49d112cfb72d2e7f8799	k__Bacteria; p__Proteobacteria; c__Deltaproteobacteria; o__Myxococcales; f__; g__; s__	0.9
ab7889db1f17477fcd1003321e89b238	k__Bacteria; p__Actinobacteria; c__Acidimicrobiia; o__Acidimicrobiales; f__; g__; s__	0.7
e79f3a6c7d87b11c73fea9ebdb253f4e	k__Bacteria; p__Tenericutes; c__Mollicutes; o__RF39; f__; g__; s__	1.0
9d1c480462e9c6f7ebe09ceedd2c5207	k__Bacteria; p__Proteobacteria; c__Alphaproteobacteria; o__Rhizobiales	0.8
9a7be39dbea49f874b5e3d60c5bfb203	k__Bacteria; p__Verrucomicrobia; c__[Spartobacteria]; o__[Chthoniobacterales]; f__[Chthoniobacteraceae]; g__; s__	0.8
d087ba7789a62acc7dc6613f790e0074	k__Bacteria; p__Proteobacteria; c__Betaproteobacteria; o__Rhodocyclales; f__Rhodocyclaceae; g__; s__	0.6
0fe60781debde60c079ec40bec09e250	k__Bacteria	1.0
edf7631cf0f57dfbf7a27e3dd7909ba2	k__Bacteria; p__Planctomycetes; c__Phycisphaerae; o__Phycisphaerales; f__; g__; s__	0.9
39b9c580ced4d65de722735cc394b98a	k__Bacteria; p__Proteobacteria; c__Deltaproteobacteria; o__Syntrophobacterales; f__Syntrophobacteraceae; g__; s__	0.8
864853a688a5b8a5ca29b168b5154c59	k__Bacteria; p__Actinobacteria; c__Actinobacteria; o__Actinomycetales; f__Microbacteriaceae	0.6
5d25a997afdca03b79bfcc904357e929	k__Bacteria; p__Actinobacteria; c__Acidimicrobiia; o__Acidimicrobiales; f__C111; g__; s__	1.0
3417ab1b12d04c53defac1ad745eb4ac	k__Bacteria; p__Proteobacteria; c__Alphaproteobacteria; o__Rhizobiales; f__; g__; s__	1.0
eaf4e7506432df598849520c703585d0	k__Bacteria; p__Proteobacteria; c__Alphaproteobacteria; o__Rhodobacterales; f__Rhodobacteraceae; g__Rhodobacter; s__	1.0
e5a44e66cbfe0734ffca3c2041c49cfd	k__Bacteria; p__Proteobacteria; c__Gammaproteobacteria; o__Legionellales; f__Coxiellaceae; g__; s__	0.8
237d6ee2ff3694059e00aa4181342659	k__Bacteria; p__Proteobacteria; c__Betaproteobacteria; o__Burkholderiales; f__Comamonadaceae	0.9
fb6deb25b8febde4092590f405a69dec	k__Bacteria; p__Tenericutes; c__Mollicutes; o__RF39; f__; g__; s__	1.0
5af0a6e04177cea4c5e65b2f02da523e	k__Bacteria; p__GN02; c__BD1-5; o__; f__; g__; s__	1.0
a7e5e3c679eb71f367bcaf2a47c49bc4	k__Bacteria; p__Proteobacteria; c__Betaproteobacteria; o__Burkholderiales; f__Oxalobacteraceae; g__; s__	0.7
71d4744348c1677a4153ee9842c782bf	k__Bacteria; p__Proteobacteria; c__Gammaproteobacteria; o__Pseudomonadales; f__Pseudomonadaceae; g__Pseudomonas; s__	1.0
af5fa46b5f78e83123eed4b9380f3cab	k__Bacteria; p__Proteobacteria; c__Alphaproteobacteria; o__Rhizobiales	0.8
d9b5712cf3b41f491faa332ccda3af17	k__Bacteria; p__Bacteroidetes; c__Sphingobacteriia; o__Sphingobacteriales; f__Sphingobacteriaceae; g__; s__	0.9
48281b2aee4958d4f0b8971da244b05c	k__Bacteria; p__Bacteroidetes; c__Sphingobacteriia; o__Sphingobacteriales; f__; g__; s__	0.9
1a45f55d8ad43b992f8329aac2162cba	k__Bacteria; p__Cyanobacteria; c__Chloroplast; o__Stramenopiles; f__; g__; s__	1.0
f3948855c4a103895ee168af27058bf4	k__Bacteria; p__Cyanobacteria; c__Chloroplast; o__Cryptophyta; f__; g__; s__	1.0
e99d0e75b02b2f2b65f50d3a44abdfcb	k__Bacteria; p__Proteobacteria; c__Alphaproteobacteria; o__BD7-3; f__; g__; s__	1.0
3e8c5788a19359c615364b64a3ee1aaa	k__Bacteria; p__Actinobacteria; c__Actinobacteria; o__Actinomycetales	1.0
dd94ed25bae76c581cb03c3ab380b9ce	k__Bacteria; p__Proteobacteria; c__Gammaproteobacteria; o__Xanthomonadales; f__Sinobacteraceae; g__; s__	0.8
fbc8792d52b5cc9638e5433b6554e332	k__Bacteria; p__Proteobacteria; c__Alphaproteobacteria; o__Rhizobiales; f__Hyphomicrobiaceae	0.7
16546d7537903d8e7c41cd6532fc523c	k__Bacteria; p__Proteobacteria; c__Deltaproteobacteria; o__; f__; g__; s__	1.0
23d4855465fbeeb71cdd0cac5397ff51	k__Bacteria; p__Gemmatimonadetes; c__Gemmatimonadetes	1.0
5697af6af5fd8180882fd0a4136d2788	k__Bacteria; p__Proteobacteria; c__TA18; o__CV90; f__; g__; s__	1.0
dc985760bb7a0b9f2b68d85572ec5ee5	Unassigned	0.0
26df18fa0e22da83765a5de4e5f86628	k__Bacteria; p__Proteobacteria; c__Gammaproteobacteria; o__Vibrionales; f__Vibrionaceae; g__Vibrio; s__	0.5454545454545454
f8f5da140cdb127d632ed9b32cc978c4	k__Bacteria; p__Proteobacteria; c__Alphaproteobacteria; o__Caulobacterales; f__Caulobacteraceae; g__; s__	1.0
8bbb23c34210b75dadfdffa0c4290453	k__Bacteria; p__Bacteroidetes; c__[Saprospirae]; o__[Saprospirales]; f__Chitinophagaceae; g__; s__	1.0
02970062b2a264ead85bd9f339e0912d	k__Bacteria; p__Proteobacteria; c__Alphaproteobacteria; o__Rickettsiales; f__; g__; s__	1.0
9ef006cb4aaf9336a5e1c9ec5596de27	k__Bacteria; p__Proteobacteria; c__Betaproteobacteria; o__Burkholderiales; f__Comamonadaceae	0.9
cbb3c0437076c0383de4c467dced219a	k__Bacteria; p__Proteobacteria; c__TA18; o__PHOS-HD29; f__; g__; s__	1.0
d36884383e894d0007fa9e4f236a3fd8	k__Bacteria; p__Proteobacteria; c__Betaproteobacteria; o__Burkholderiales; f__Comamonadaceae	1.0
b58a3898b945656f23a14a2a293845d7	k__Bacteria; p__TM6; c__SJA-4; o__; f__; g__; s__	1.0
eda955b61525c665498c5bcd74690d7c	k__Bacteria; p__Verrucomicrobia; c__Opitutae; o__Opitutales; f__Opitutaceae; g__Opitutus; s__	0.9
47be6ed2ecc1e699db6055333fa20167	k__Bacteria; p__Proteobacteria; c__Deltaproteobacteria; o__Bdellovibrionales; f__Bacteriovoracaceae; g__; s__	1.0
e4e5bb4513652b4b41558d78934d34c8	k__Bacteria; p__Proteobacteria; c__Deltaproteobacteria; o__GW-28; f__; g__; s__	1.0
648df293163a4266a5edfa71a52866ad	Unassigned	0.0
8f82dae7a69c7f50374b26c6b83d5bc0	k__Bacteria; p__Proteobacteria; c__Alphaproteobacteria; o__; f__; g__; s__	0.7
481bfc9afff83e0f35b42b7e15d8306f	k__Bacteria; p__Proteobacteria; c__Deltaproteobacteria; o__Syntrophobacterales; f__Syntrophobacteraceae; g__Syntrophobacter; s__	1.0
a22ac10842d9c11f04e42cd4dd44cb72	k__Bacteria; p__Proteobacteria; c__Alphaproteobacteria; o__Sphingomonadales; f__Sphingomonadaceae; g__; s__	0.6
31d8b7f702a15c59430e9ac3482e3ea6	k__Bacteria; p__Proteobacteria; c__Deltaproteobacteria; o__Spirobacillales; f__; g__; s__	1.0
e633e0afb3ff22fd8a27d7dedb1c6aba	k__Bacteria; p__Bacteroidetes; c__Cytophagia; o__Cytophagales; f__[Amoebophilaceae]; g__SC3-56; s__	0.6
d7ff7357151edb53cac50a864445812d	k__Bacteria; p__Chloroflexi; c__Anaerolineae; o__Anaerolineales; f__Anaerolinaceae; g__; s__	0.8
f33e5c116bce3e8fee0ac4de8e9dfc4c	k__Bacteria; p__Firmicutes; c__Clostridia; o__Clostridiales; f__Veillonellaceae; g__Anaeromusa; s__	0.7
92497e6d96d189fff4ea52d1079f1f48	k__Bacteria; p__Proteobacteria; c__Gammaproteobacteria; o__Alteromonadales; f__211ds20; g__; s__	1.0
b58bbcaafea0e847d4a8c3e0ea8b5e9e	k__Bacteria; p__Acidobacteria; c__Solibacteres; o__Solibacterales; f__[Bryobacteraceae]; g__; s__	0.7
3c18f24be109f5a7fa828d789a9f23cd	k__Bacteria; p__Firmicutes; c__Clostridia; o__Clostridiales; f__Ruminococcaceae; g__Oscillospira; s__	0.9
bd0666d303e4094680e52b426c7eea34	k__Bacteria; p__Bacteroidetes; c__Sphingobacteriia; o__Sphingobacteriales; f__; g__; s__	1.0
316ce3ceb4930bebc774b666c0212a3a	k__Bacteria; p__Bacteroidetes; c__Cytophagia; o__Cytophagales	0.6
452e913d9060d3a1582277bbcceee1ef	k__Bacteria; p__Proteobacteria; c__Alphaproteobacteria	1.0
45d85fa25fb921fc8509ba054f94c4b9	k__Bacteria; p__Bacteroidetes; c__Bacteroidia; o__Bacteroidales; f__Porphyromonadaceae; g__; s__	1.0
ce8053cf7c78d1d1e6e2111305b3757f	k__Bacteria; p__Cyanobacteria; c__Chloroplast; o__Chlorophyta; f__; g__; s__	1.0
d536cb49e6e9236e5d4437abfd519841	k__Bacteria; p__Chlorobi; c__OPB56; o__; f__; g__; s__	1.0
34c55b43f1d834645967edca0cd7a6c7	k__Bacteria; p__Proteobacteria; c__Gammaproteobacteria; o__Oceanospirillales; f__Halomonadaceae	1.0
16e79e7da6e18cacbd60604d3cab686d	k__Bacteria; p__Proteobacteria; c__Deltaproteobacteria; o__Desulfobacterales; f__Desulfobulbaceae; g__Desulfobulbus; s__	0.9
4805b8603093d930d6a41b1ba50819f7	k__Bacteria; p__Proteobacteria	1.0
8d261ec9e890c8893abc700a8b480690	k__Bacteria; p__OP3; c__BD4-9; o__; f__; g__; s__	1.0
dd1645dfda2622fd51a01da6fbba39e8	k__Bacteria; p__Spirochaetes; c__Spirochaetes; o__Spirochaetales; f__Spirochaetaceae; g__Spirochaeta; s__aurantia	1.0
ae61fd100af054244b87aaa94e243a37	k__Bacteria; p__Proteobacteria; c__Alphaproteobacteria; o__Rickettsiales; f__mitochondria; g__Phytophthora	0.6
6318a9a2e5024a90730e50c371fea2a6	k__Bacteria; p__Firmicutes; c__Clostridia; o__Clostridiales	0.8
884071e5cb25ff17b73530f276c83991	k__Bacteria; p__Proteobacteria; c__Deltaproteobacteria; o__Bdellovibrionales; f__Bacteriovoracaceae; g__; s__	0.9
8da22906f2229b02b31f62afb92e4421	k__Bacteria; p__Proteobacteria; c__Gammaproteobacteria; o__Aeromonadales; f__Aeromonadaceae; g__; s__	0.7
2eebdc648d6b2064cd577adb719043cb	k__Bacteria; p__Bacteroidetes; c__Cytophagia; o__Cytophagales; f__Cytophagaceae; g__; s__	1.0
e9a3c8fd298b97e84ac26d47992214ed	k__Bacteria; p__Proteobacteria; c__Alphaproteobacteria; o__; f__; g__; s__	1.0
82429d9220c271e50fa6bca9143d5634	k__Bacteria; p__Verrucomicrobia; c__[Spartobacteria]; o__[Chthoniobacterales]; f__[Chthoniobacteraceae]; g__; s__	0.8
48ea2ca86342ca535c57439f04999b01	k__Archaea; p__[Parvarchaeota]; c__[Parvarchaea]; o__WCHD3-30; f__; g__; s__	1.0
48fea1e439091e4de177a8de360b22bb	k__Bacteria; p__Proteobacteria; c__Deltaproteobacteria; o__Myxococcales; f__; g__; s__	1.0
6c352d92ec025787ce191c761568f395	k__Bacteria; p__Bacteroidetes; c__Flavobacteriia; o__Flavobacteriales; f__[Weeksellaceae]; g__Cloacibacterium; s__	1.0
73ae1d754548f368791185653395d282	k__Bacteria; p__Proteobacteria; c__Betaproteobacteria; o__Neisseriales; f__Neisseriaceae; g__Vogesella; s__	0.9
13d8e1e001cbc934a94a071c10d3a6d0	k__Bacteria; p__Proteobacteria; c__Betaproteobacteria; o__Neisseriales; f__Neisseriaceae; g__Vogesella; s__	0.9
cc790850e41968cb1e8f3d8561e6cff8	k__Bacteria; p__Proteobacteria; c__Betaproteobacteria; o__Burkholderiales; f__Alcaligenaceae; g__; s__	1.0
f1305f7dc6b210e47d3bd2fedc7c3088	k__Bacteria; p__Proteobacteria; c__Alphaproteobacteria; o__Rhizobiales; f__; g__; s__	1.0
e74592b4812e77b4fe00463a1a25563b	k__Bacteria; p__Bacteroidetes; c__Flavobacteriia; o__Flavobacteriales; f__Cryomorphaceae; g__Fluviicola; s__	1.0
ac60c0e1d68cfcaef32f75bae768b93e	k__Archaea; p__[Parvarchaeota]; c__[Parvarchaea]; o__YLA114; f__; g__; s__	1.0
a58944be0b0dd0235e3689ecb4c847f2	k__Bacteria; p__Proteobacteria; c__TA18; o__CV90; f__; g__; s__	0.7
af6913e16984171da0d04677e8a0da43	k__Bacteria; p__Bacteroidetes; c__BME43; o__; f__; g__; s__	0.6
acd82710d6e2e994740a028f3fef383d	k__Bacteria; p__Cyanobacteria; c__4C0d-2; o__SM1D11; f__; g__; s__	1.0
d8acccc3146989e154927b529326e141	Unassigned	0.0
f391774b91a9119ee92f3c76661495e8	k__Bacteria; p__Proteobacteria; c__Betaproteobacteria; o__Rhodocyclales; f__Rhodocyclaceae; g__Dechloromonas; s__	0.9
fe798cb4f5d7ba2148e14ef88f592841	k__Bacteria; p__Proteobacteria; c__Deltaproteobacteria; o__Bdellovibrionales; f__Bdellovibrionaceae; g__Bdellovibrio; s__	1.0
f42fe71e5e59421246853b6d952746f7	k__Bacteria; p__Proteobacteria; c__Gammaproteobacteria; o__Legionellales; f__Legionellaceae; g__Legionella	0.6
0352bf00f57919383fda600e3fd21976	k__Bacteria; p__Proteobacteria; c__Deltaproteobacteria; o__Desulfovibrionales; f__Desulfomicrobiaceae; g__Desulfomicrobium; s__	1.0
9b43bd686badc530d19006093c3968e5	k__Bacteria; p__Proteobacteria; c__Deltaproteobacteria; o__; f__; g__; s__	1.0
4b77a3852ffb0376ed1df9510c22c795	k__Bacteria; p__Planctomycetes; c__Planctomycetia; o__Pirellulales; f__Pirellulaceae; g__; s__	1.0
c845672986f357c526404ad2c4ec67da	k__Bacteria; p__Actinobacteria; c__Acidimicrobiia; o__Acidimicrobiales; f__C111; g__; s__	1.0
f5244c047b1b7193b431728a421e45e4	k__Bacteria; p__OP3; c__koll11; o__GIF10; f__; g__; s__	0.8
8ed0132bc4a694584a9c6fddaffc7043	k__Bacteria; p__Cyanobacteria; c__Nostocophycideae; o__Nostocales; f__Nostocaceae; g__Dolichospermum; s__	0.7
59209251b77fb3dc87014823e9d382b2	Unassigned	0.0
8a4e467f4956c3c5a9bee7beea89364b	k__Bacteria; p__Proteobacteria; c__Gammaproteobacteria; o__Alteromonadales; f__OM60; g__Congregibacter; s__	0.8
81244ff864b47aa6d6b8be0f5506b6cd	k__Bacteria; p__Firmicutes; c__Bacilli; o__Bacillales	0.6
8aa32152c07e5e31e365d6e315c7153a	k__Bacteria; p__Proteobacteria; c__Deltaproteobacteria; o__NB1-j; f__JTB38; g__; s__	1.0
48faa5a0b60414eae0805eb9117ae648	k__Bacteria; p__Planctomycetes; c__Planctomycetia; o__Pirellulales; f__Pirellulaceae; g__Pirellula; s__	0.6
da7bb57caa8967268ec8df11f73cc024	k__Archaea; p__Crenarchaeota; c__MCG; o__; f__; g__; s__	0.6
18c656de3eb03dce196fcafc35423539	k__Bacteria; p__Proteobacteria; c__Alphaproteobacteria; o__Rickettsiales; f__; g__; s__	0.7
77c4811dbf1badcfa11ab1f6a21f6afe	k__Bacteria; p__Proteobacteria; c__Alphaproteobacteria; o__Rickettsiales; f__; g__; s__	0.9
cf507f39a29ad8f6ee8c3ec219d04147	k__Bacteria; p__Actinobacteria; c__Thermoleophilia; o__Solirubrobacterales; f__; g__; s__	0.7
a9ca8bc15e791771f721637fbca45856	k__Bacteria; p__Bacteroidetes; c__[Saprospirae]; o__[Saprospirales]; f__Saprospiraceae; g__; s__	0.6
ca09755008e3638d74dc964fc7f16b6a	Unassigned	0.0
b32b5cfcb43bd675e98e6f3c8d2098aa	k__Bacteria; p__Proteobacteria; c__Betaproteobacteria; o__Burkholderiales; f__Oxalobacteraceae; g__Polynucleobacter; s__cosmopolitanus	0.7
0043dfccbabe4a73e671a4f2accc4d62	k__Bacteria; p__Verrucomicrobia; c__Opitutae	1.0
8115d7def105874a13c45943795e1036	k__Bacteria; p__Proteobacteria; c__Betaproteobacteria; o__Procabacteriales; f__Procabacteriaceae; g__; s__	0.8
8ce456a8c71a389afc0c840fbec82c17	k__Bacteria; p__Proteobacteria; c__Deltaproteobacteria; o__Bdellovibrionales; f__Bdellovibrionaceae; g__Bdellovibrio; s__	0.7
a0e863875b58d0c7c1d8f98ffce24c75	k__Bacteria; p__Proteobacteria; c__Alphaproteobacteria; o__Rickettsiales; f__Rickettsiaceae; g__; s__	0.9
7396007fe11ff58bb17cab15d21f2362	k__Bacteria; p__Proteobacteria; c__Gammaproteobacteria; o__Alteromonadales; f__[Chromatiaceae]; g__Rheinheimera; s__	1.0
70c6cb17a53cf2544d5568785b2473bc	k__Bacteria; p__Bacteroidetes; c__Flavobacteriia; o__Flavobacteriales; f__[Weeksellaceae]; g__Cloacibacterium; s__	1.0
5bc752969b31d7e3c3e5ac398009dcd7	k__Bacteria; p__Bacteroidetes; c__[Saprospirae]; o__[Saprospirales]; f__Chitinophagaceae; g__; s__	0.9
50c0cc136a4d7e0e5261a7f695c9dcd2	k__Bacteria; p__Proteobacteria; c__Alphaproteobacteria; o__Rickettsiales; f__; g__; s__	1.0
aa46af18555c4e07279ba57ca1337ceb	k__Bacteria; p__SR1; c__; o__; f__; g__; s__	0.9
5f7da870a09b6a469eff68656e2b7c70	k__Bacteria; p__Proteobacteria; c__TA18; o__PHOS-HD29; f__; g__; s__	1.0
78f1480f60ef8ed92dd6b9064981f247	k__Bacteria; p__Proteobacteria; c__Alphaproteobacteria; o__Rhodobacterales; f__Rhodobacteraceae; g__; s__	1.0
5b67621bea6e1bdcb041ddb8071d0e22	k__Bacteria; p__Proteobacteria; c__Alphaproteobacteria; o__Ellin329; f__; g__; s__	0.7
ea3b7ce42234618ff40a076e054f01f8	k__Bacteria; p__TM7; c__TM7-1; o__; f__; g__; s__	1.0
f081e77bee7882c2f46e6f3a902bd902	k__Bacteria; p__Proteobacteria; c__Gammaproteobacteria	1.0
9d051fdef024cf5021dc97a8cb179b5f	k__Bacteria; p__Proteobacteria; c__Alphaproteobacteria; o__BD7-3; f__; g__; s__	1.0
41511714477ddea7f0aa43d7cbb8f8ad	k__Bacteria; p__Bacteroidetes; c__[Saprospirae]; o__[Saprospirales]; f__Saprospiraceae; g__; s__	1.0
9a5c477c17cf6011d315c41885744e6c	k__Bacteria; p__Proteobacteria; c__Gammaproteobacteria; o__Xanthomonadales; f__Xanthomonadaceae; g__; s__	0.6
f52382f5569746c909f6aa4e0f7c115a	Unassigned	0.0
0703befd6d1e4ae728249d6e60bef7da	k__Bacteria; p__Proteobacteria; c__Betaproteobacteria; o__Burkholderiales	0.9
c55cf79c9d9ce1e8022d89ec4c69e70b	k__Bacteria; p__SR1; c__; o__; f__; g__; s__	1.0
0b03f625292fed33baffe06e48d7670e	k__Bacteria; p__Proteobacteria; c__Betaproteobacteria; o__Burkholderiales; f__Alcaligenaceae; g__; s__	1.0
639f8a7e378682bf5e56e0ce27acef9e	k__Bacteria; p__Firmicutes; c__Clostridia; o__Clostridiales	1.0
58f3723684658918666d82f49fe4fca3	k__Bacteria; p__Proteobacteria; c__Alphaproteobacteria; o__Sphingomonadales; f__Sphingomonadaceae	1.0
5a5a87049a92f27b1c6aa38612b5a8eb	k__Bacteria; p__TM7; c__TM7-1; o__; f__; g__; s__	1.0
654c1e5df4c73adc26356f2c1077752d	k__Bacteria; p__Planctomycetes; c__Phycisphaerae; o__WD2101; f__; g__; s__	1.0
abe4980b5f605d33edd475d340c0fe70	k__Bacteria; p__Firmicutes; c__Bacilli; o__Turicibacterales; f__Turicibacteraceae; g__Turicibacter; s__	1.0
6819090fa0b16eda715581e45b4f1f08	k__Bacteria; p__Planctomycetes; c__Planctomycetia; o__Gemmatales; f__Gemmataceae; g__; s__	1.0
8dcb00d7e1301703d74901ba8d6537a6	k__Bacteria; p__OD1; c__ZB2; o__; f__; g__; s__	1.0
232db04a305f1b615ae49cb403c6b118	k__Bacteria; p__Proteobacteria; c__Alphaproteobacteria	1.0
5bd04d42f98c94a1a2e1ac8a9db8ac8b	k__Bacteria; p__Planctomycetes; c__Planctomycetia; o__Pirellulales; f__Pirellulaceae; g__; s__	1.0
4d38aaf45ffbd315893437ac5f10419e	k__Bacteria; p__Proteobacteria; c__Deltaproteobacteria; o__Myxococcales; f__; g__; s__	0.9
ccf2124a2e6809a3b7219b4d9a9db913	k__Bacteria; p__Firmicutes; c__Clostridia; o__Clostridiales; f__Ruminococcaceae; g__; s__	1.0
4ee2752afa0019e757302288f8b56c65	k__Bacteria; p__Bacteroidetes; c__Flavobacteriia; o__Flavobacteriales; f__[Weeksellaceae]; g__Chryseobacterium; s__	1.0
a47393cb17cf38899d84b82c7900ea17	k__Bacteria; p__Proteobacteria; c__Gammaproteobacteria	1.0
e2f9153052622d40329242a580575833	Unassigned	0.0
fae8e3c82976305f3f3bb3d8681077c6	k__Bacteria; p__Proteobacteria; c__Gammaproteobacteria; o__Pseudomonadales; f__Moraxellaceae; g__Perlucidibaca; s__	1.0
e5acefa49447602b872d4222d5a4273d	k__Bacteria; p__Proteobacteria; c__Alphaproteobacteria; o__Rhodospirillales; f__Acetobacteraceae; g__; s__	1.0
26c44fc54981c44fd95c785ab748d1bb	k__Bacteria; p__Proteobacteria; c__Deltaproteobacteria; o__GMD14H09; f__; g__; s__	1.0
294dc162f7c2f12118ebf2c10601a54c	k__Bacteria; p__Proteobacteria; c__Alphaproteobacteria; o__Rhizobiales; f__; g__; s__	1.0
25f8b58a18aa95545c3ff57c696aa71d	k__Bacteria; p__Bacteroidetes; c__Flavobacteriia; o__Flavobacteriales; f__Flavobacteriaceae; g__Flavobacterium; s__	0.7
8fc2b28e96f567310f59a1cd0b789e44	k__Bacteria; p__Actinobacteria; c__Thermoleophilia; o__Gaiellales; f__; g__; s__	1.0
4d25ffc8736284ce0e009ec2425d71a5	k__Bacteria; p__Planctomycetes; c__Planctomycetia; o__Pirellulales; f__Pirellulaceae; g__; s__	1.0
de4c2071b86381b5085b96deafda2212	k__Bacteria; p__Planctomycetes; c__Planctomycetia; o__Pirellulales; f__Pirellulaceae; g__; s__	0.6
f54aeaf93c30337af0d4bdce9ff35e8e	k__Bacteria; p__Proteobacteria; c__Betaproteobacteria; o__Burkholderiales; f__Comamonadaceae	0.9
3506fa497adc98b3b431fdd255e2f9be	k__Bacteria; p__Cyanobacteria; c__Chloroplast; o__Cryptophyta; f__; g__; s__	1.0
c3ceee49b07c392886d0de450e5ed59a	k__Bacteria; p__ZB3; c__BS119; o__; f__; g__; s__	1.0
7838b51631ac03976de8f359e54370fd	k__Bacteria; p__Bacteroidetes; c__Flavobacteriia; o__Flavobacteriales; f__[Weeksellaceae]; g__Cloacibacterium; s__	1.0
6d90c2d258b5da25efb302ba120a81af	k__Bacteria; p__Proteobacteria; c__Gammaproteobacteria; o__Chromatiales; f__; g__; s__	0.6
9e8418a80e27ffde49435a76e59d9d76	k__Bacteria; p__Bacteroidetes; c__[Saprospirae]; o__[Saprospirales]; f__Saprospiraceae; g__; s__	1.0
0e67ad80e64c9cf295f845e05a058e35	k__Bacteria; p__Proteobacteria; c__Alphaproteobacteria; o__Rhizobiales; f__Hyphomicrobiaceae; g__Hyphomicrobium; s__	0.8
d9c6f48f951572bfb4b98e39f5c4c835	k__Bacteria; p__Proteobacteria; c__Gammaproteobacteria; o__Legionellales; f__Coxiellaceae; g__; s__	0.9
944d667c9003dd4617c77d562461220c	k__Bacteria	1.0
91205d3a3f9e82af5b4d315a90a7ee91	k__Bacteria; p__Cyanobacteria; c__; o__; f__; g__; s__	0.7
1e31aa1849f10296ba3ea6d19b56c184	k__Bacteria; p__Planctomycetes; c__Planctomycetia; o__Pirellulales; f__Pirellulaceae; g__; s__	1.0
2cca3170ba2f63e44e2f4ed9ba39b0cd	k__Bacteria	1.0
94f74d14827d7f401672a0d37b0f78b8	k__Bacteria; p__Firmicutes; c__Clostridia; o__Clostridiales; f__Clostridiaceae; g__Clostridium; s__	0.9
f58521c9d11e851e2dbdb6b6804fd361	k__Bacteria; p__Bacteroidetes; c__Cytophagia; o__Cytophagales; f__Cytophagaceae; g__Emticicia; s__	1.0
1ac926b4e7d0ec89ef4d995f3d6cbd19	k__Bacteria; p__TM6; c__SJA-4; o__; f__; g__; s__	0.8
d0ba804acdcb8e4b513a9d8b844ea2b3	k__Bacteria; p__SR1; c__; o__; f__; g__; s__	0.7
81d3359b1366f145416929892afa3770	k__Bacteria; p__Verrucomicrobia; c__Opitutae; o__Opitutales; f__Opitutaceae; g__Opitutus; s__	0.8
7aece781f8daf99eace1dfec15b48dec	k__Bacteria; p__Proteobacteria; c__Gammaproteobacteria; o__Legionellales; f__Legionellaceae; g__Legionella; s__	0.8
c5030e28c38e20ce73963434959ff71b	k__Bacteria; p__Proteobacteria; c__Betaproteobacteria; o__Burkholderiales; f__Comamonadaceae; g__; s__	1.0
1c6fe1d332e983368d6891f90ffc8881	k__Bacteria; p__Proteobacteria; c__Alphaproteobacteria; o__Rhizobiales	1.0
2fe79587e99dbbf39770daabb5aa6326	k__Bacteria; p__Proteobacteria; c__Deltaproteobacteria; o__Spirobacillales; f__; g__; s__	1.0
94db0acaf1085f144948f6f88e323ccc	k__Bacteria; p__Bacteroidetes; c__Bacteroidia; o__Bacteroidales	0.9
fe0bac8b065ee729f2a0f72b2c54f75f	k__Bacteria; p__Proteobacteria; c__Deltaproteobacteria; o__Spirobacillales; f__; g__; s__	1.0
ec6243b0970d63a65f2158df125f341e	k__Bacteria; p__Proteobacteria; c__Betaproteobacteria; o__Burkholderiales; f__Comamonadaceae; g__; s__	0.9
3bf6d1a411dddcf2cb0d50a736b76a49	k__Bacteria; p__Cyanobacteria; c__Chloroplast; o__Stramenopiles; f__; g__; s__	1.0
dc5f0b04dbbfa48790172a704c3ec35e	k__Bacteria; p__Firmicutes; c__Clostridia; o__Clostridiales; f__[Tissierellaceae]; g__Parvimonas; s__	0.9
56cf7252f521d0a972a93a4b609540f0	k__Bacteria; p__Proteobacteria; c__Deltaproteobacteria; o__Myxococcales; f__OM27; g__; s__	1.0
e912ea319407b76973cb0cdd9f4abcea	k__Bacteria; p__Actinobacteria; c__Thermoleophilia; o__Solirubrobacterales	1.0
94c74850fc26e700c03fe2f36fd063ab	k__Bacteria; p__Bacteroidetes; c__Bacteroidia; o__Bacteroidales; f__; g__; s__	0.8
7cb24c90d2314fb1f468d0d3336c93ca	k__Bacteria; p__Proteobacteria; c__Deltaproteobacteria; o__Myxococcales; f__; g__; s__	1.0
09b1e666749936dd96e78cc4593d36b2	k__Bacteria	1.0
70227a7b8f3baf9ab0aea9788a596628	k__Bacteria; p__Proteobacteria; c__Alphaproteobacteria; o__Rickettsiales; f__; g__; s__	0.8
5ed72db7cda7007fb950372880d60881	k__Bacteria; p__Proteobacteria; c__Alphaproteobacteria; o__Caulobacterales; f__Caulobacteraceae; g__Phenylobacterium; s__	1.0
487071967f7da241cb0a06ad8f24460b	k__Bacteria; p__Bacteroidetes; c__Sphingobacteriia; o__Sphingobacteriales; f__; g__; s__	0.9
81e3d207c2f01f74709e2bc96b4bee89	k__Bacteria; p__Proteobacteria; c__Betaproteobacteria; o__Burkholderiales; f__Comamonadaceae	1.0
27e3bd137a85616b6a7a40ccabcd3f30	k__Bacteria; p__Proteobacteria; c__Gammaproteobacteria; o__Methylococcales; f__Methylococcaceae; g__Methylocaldum; s__	0.6
f33921c95f1acb8a8381e502e61a006e	k__Bacteria; p__Verrucomicrobia; c__[Pedosphaerae]; o__[Pedosphaerales]	1.0
1089aa07d1baaffa4a8fe7a56048f820	k__Bacteria; p__Proteobacteria; c__Alphaproteobacteria; o__Sphingomonadales; f__Sphingomonadaceae; g__Novosphingobium; s__	0.9
9826d2a01ae4b7c8fa97329b6f508e7c	k__Bacteria; p__Proteobacteria; c__Betaproteobacteria; o__Methylophilales; f__Methylophilaceae; g__; s__	0.8
106617ca3fff998dcff54ad1725e3bcd	k__Bacteria; p__Proteobacteria; c__Alphaproteobacteria; o__Rhizobiales; f__Hyphomicrobiaceae; g__Rhodoplanes; s__	1.0
2936a7199477eebc62053e3deb802adb	k__Bacteria; p__Proteobacteria; c__Betaproteobacteria; o__Procabacteriales; f__Procabacteriaceae; g__; s__	1.0
401163d5b78fcd0a3819130ff2282a02	k__Bacteria; p__Proteobacteria; c__Gammaproteobacteria; o__Legionellales; f__Coxiellaceae; g__; s__	0.9
ff29bd2e42d54b3d9e7c31adc1530bf5	k__Bacteria; p__Proteobacteria; c__Deltaproteobacteria; o__Desulfuromonadales; f__Geobacteraceae; g__Geobacter; s__	1.0
adce6112021d4ce39f7ffcb174e65a5d	k__Bacteria; p__Proteobacteria; c__Alphaproteobacteria; o__Rhizobiales; f__Hyphomicrobiaceae; g__Devosia; s__	1.0
a6711cd921229ca1b479bb55fe642c45	k__Bacteria; p__Cyanobacteria; c__4C0d-2; o__YS2; f__; g__; s__	0.8
79f2d2feab8eb077715fcc3231f24ed1	k__Bacteria; p__OD1; c__ZB2; o__; f__; g__; s__	1.0
269f18223aab7ef7b657545bbb9cd84c	k__Bacteria; p__Planctomycetes; c__Planctomycetia; o__Pirellulales; f__Pirellulaceae; g__; s__	0.9
28600aaba6cc3324f9be590f020274fd	k__Bacteria; p__TM6; c__SJA-4; o__; f__; g__; s__	1.0
be3848c005d0557d3071794268cbfa6f	k__Bacteria; p__Proteobacteria; c__Alphaproteobacteria; o__Sphingomonadales; f__Sphingomonadaceae; g__Novosphingobium; s__	0.8
da16b676e3b7787d1971436c7feb136a	k__Bacteria; p__Proteobacteria; c__Alphaproteobacteria; o__Sphingomonadales	0.8
bcd612e713b8c78c9ce36c0c4c34e98c	k__Bacteria; p__Armatimonadetes; c__[Fimbriimonadia]; o__[Fimbriimonadales]; f__[Fimbriimonadaceae]; g__; s__	0.6
893c36a813d12f744ec25cb78aa0ab77	k__Bacteria; p__Chlorobi; c__OPB56; o__; f__; g__; s__	1.0
704f49fb78ef6c5a351aaec1fe817962	k__Bacteria; p__Proteobacteria; c__Alphaproteobacteria; o__BD7-3; f__; g__; s__	1.0
ab105b3dea703892c99cf5f1e2d4150e	Unassigned	0.0
650c00ba649cc2fa316545fa17b917ad	k__Bacteria; p__OD1; c__; o__; f__; g__; s__	1.0
8a14ab0aa2009ff4a55d7d32eff2497c	k__Bacteria; p__Firmicutes; c__Clostridia; o__Clostridiales	0.8
5bf63dee60f734025236d822d88af6c9	k__Bacteria; p__Acidobacteria; c__Solibacteres; o__Solibacterales; f__; g__; s__	1.0
e5b645161cac6b744eda2bfa81bc7382	k__Bacteria; p__Bacteroidetes; c__[Saprospirae]; o__[Saprospirales]; f__Saprospiraceae; g__; s__	1.0
fe8a9a2aa229cec214aa4889bd0b0263	k__Bacteria; p__Cyanobacteria; c__Chloroplast; o__Chlorophyta; f__; g__; s__	0.6666666666666666
3e28fe49f0727026953b28243b7a575e	k__Bacteria; p__Proteobacteria; c__Deltaproteobacteria; o__Bdellovibrionales; f__Bacteriovoracaceae; g__; s__	0.9
1bc4db514c425cc9619eaf7d09983f3e	k__Bacteria; p__OD1; c__ZB2; o__; f__; g__; s__	1.0
2e69a59bc2a01a205160f1a3ea7ce2ea	k__Bacteria; p__Proteobacteria; c__Betaproteobacteria; o__; f__; g__; s__	0.9
2a4dda292ab84327c64d9765b0d8e615	k__Bacteria; p__Proteobacteria; c__Gammaproteobacteria; o__Pseudomonadales; f__Moraxellaceae; g__Perlucidibaca; s__	1.0
b70200d664a7985ba1623d20a2cf8a6f	k__Bacteria; p__Proteobacteria; c__Alphaproteobacteria	0.6
aea061e05c045f30d7369e544461bfa2	k__Bacteria; p__Proteobacteria; c__Gammaproteobacteria; o__Legionellales; f__Legionellaceae; g__Legionella	0.7
c1dd5417a7eb84276e7e9856d0532d63	k__Bacteria; p__OP3; c__koll11; o__GIF10; f__; g__; s__	0.7
6adf5d82919871a2e6f1536707d85024	k__Bacteria; p__Proteobacteria; c__Gammaproteobacteria; o__Xanthomonadales; f__Sinobacteraceae; g__; s__	1.0
f203182c7ecf97c863b03605bcad5cc5	k__Bacteria; p__Proteobacteria; c__Betaproteobacteria; o__Burkholderiales; f__Oxalobacteraceae; g__Polynucleobacter; s__	0.7
aeaafbe1ec5f67dd64068e55a8cd2ee0	k__Bacteria; p__Actinobacteria; c__Actinobacteria; o__Actinomycetales; f__ACK-M1; g__; s__	0.9
1bacdadd7a2811e6dc2da85bee73aa01	k__Bacteria; p__Actinobacteria; c__Actinobacteria; o__Actinomycetales	0.9
98a70673089441eecb834989c8253c6c	k__Bacteria; p__Proteobacteria; c__Betaproteobacteria; o__Rhodocyclales; f__Rhodocyclaceae; g__Propionivibrio; s__	0.8
e656b2d282936666394e75c3b8ba94e7	k__Bacteria; p__Proteobacteria; c__Gammaproteobacteria; o__Legionellales; f__Coxiellaceae; g__; s__	1.0
36eca60f0e7a533253eaa8ea6ac9e402	k__Bacteria; p__Proteobacteria; c__Betaproteobacteria	1.0
c81a11ae5dc11d12ed4abf48416b38d7	k__Bacteria; p__Proteobacteria; c__Deltaproteobacteria	1.0
58b09221e539787c0b3f2e0510f87e84	k__Bacteria; p__OD1	0.7
d26ebd9013f3bf684d879a5d6b7db023	k__Bacteria; p__Bacteroidetes; c__[Saprospirae]; o__[Saprospirales]; f__Chitinophagaceae; g__; s__	0.6
4cfefa8379c3c4f82fc06549ab409520	k__Bacteria; p__Proteobacteria; c__Deltaproteobacteria; o__Syntrophobacterales; f__Syntrophaceae; g__; s__	1.0
1e5971beea881acc6a778ac9e8fd4c49	k__Bacteria; p__OD1; c__ZB2; o__; f__; g__; s__	0.6666666666666666
86f5ca498e1e0408d60df4848bb8fddb	k__Bacteria; p__Proteobacteria; c__Alphaproteobacteria; o__Rhodospirillales; f__Rhodospirillaceae; g__Magnetospirillum; s__	1.0
d762a573db3b3820f7d3e10d2c6f0963	k__Bacteria; p__Planctomycetes; c__vadinHA49; o__DH61; f__; g__; s__	1.0
b17f5740426e03b9ab6d93a814c19ac6	k__Bacteria; p__Proteobacteria; c__Deltaproteobacteria; o__Myxococcales; f__; g__; s__	1.0
3a08b0543eb004382ffd7943214b1299	k__Bacteria; p__Proteobacteria; c__Betaproteobacteria	1.0
0f971df3500d77e27f516f7dbad03ef0	k__Bacteria; p__Proteobacteria; c__Alphaproteobacteria; o__Rhizobiales; f__; g__; s__	0.7
d5b532db55785680ed565a8c90d64e15	k__Bacteria; p__Actinobacteria; c__Actinobacteria; o__Actinomycetales; f__Microbacteriaceae; g__Candidatus Rhodoluna; s__	0.6
cb0e00195a58db70eb846fe111f080ac	Unassigned	0.0
cfafc673747d317cc8ff78f8d721f3b0	k__Bacteria; p__SAR406; c__AB16; o__ZA3648c; f__AEGEAN_185; g__; s__	0.9
300cca5c504a8bcdd16690ce18d9c07e	k__Bacteria; p__Proteobacteria; c__Betaproteobacteria; o__Burkholderiales; f__Oxalobacteraceae; g__; s__	0.7
a2b506493168115d488b41aa222720cb	k__Bacteria	1.0
911d1dbc5787fbedce2abd0d729f0d5e	k__Bacteria; p__Proteobacteria; c__Alphaproteobacteria; o__Rhodobacterales; f__Rhodobacteraceae; g__Rhodobacter; s__	1.0
1bdaaa0b2552cc8ae5ef786978fb3d79	k__Bacteria; p__Armatimonadetes; c__[Fimbriimonadia]; o__[Fimbriimonadales]; f__[Fimbriimonadaceae]; g__Fimbriimonas; s__	1.0
9982014d1e9261195be90d4a3d13ff8e	k__Bacteria; p__Proteobacteria; c__Alphaproteobacteria; o__Rickettsiales; f__; g__; s__	1.0
2aaf7a2fd5cd11d2079c1f76f84b5aed	k__Bacteria; p__Proteobacteria; c__Alphaproteobacteria; o__Rhodospirillales; f__Rhodospirillaceae; g__; s__	0.7
8bb491e572faba60591e2a2d4fdfb33b	k__Bacteria; p__Chloroflexi; c__Chloroflexi; o__[Roseiflexales]; f__[Kouleothrixaceae]; g__; s__	0.8
a97bf331f025ebe4eb2a1ac3f02df4b7	k__Bacteria; p__Proteobacteria; c__Alphaproteobacteria; o__Rickettsiales; f__Rickettsiaceae; g__Rickettsia; s__	0.6
143ec8c13232133fcb44642a56170cfb	k__Bacteria; p__Firmicutes; c__Clostridia; o__Clostridiales	0.6
8c7749ba9e77fa27050956c56609e5a5	k__Bacteria; p__Proteobacteria; c__Deltaproteobacteria; o__Bdellovibrionales; f__Bdellovibrionaceae; g__Bdellovibrio; s__	0.8
d6e443e07dca0ccd805749ae179bc401	k__Bacteria; p__Chloroflexi; c__Anaerolineae; o__SBR1031; f__A4b; g__; s__	1.0
9b9ae1f492b4d6067f1f8c5c2582dd21	k__Bacteria; p__Planctomycetes; c__Planctomycetia; o__Gemmatales; f__Isosphaeraceae; g__; s__	1.0
d3d25bdba5dca0b8cfcbda46b6cc4f14	k__Bacteria; p__Cyanobacteria	1.0
3df6a1e25b7e32f8315d9a2435965b6c	k__Bacteria; p__Proteobacteria; c__Deltaproteobacteria; o__Bdellovibrionales; f__Bdellovibrionaceae; g__Bdellovibrio; s__bacteriovorus	0.9
1c38252fa940c7c8973fc1b33bc186bc	k__Bacteria; p__Armatimonadetes; c__Armatimonadia; o__Armatimonadales; f__Armatimonadaceae; g__; s__	0.6
9e0bc076bf8bdd29ad5f9d97a5f324dd	k__Bacteria; p__Cyanobacteria; c__Chloroplast; o__Streptophyta; f__; g__; s__	0.9
d8d83020eb1551e4fc62ed7e91894e17	k__Bacteria; p__Proteobacteria; c__Alphaproteobacteria; o__Rhodospirillales; f__Rhodospirillaceae; g__; s__	0.6
d7ea67171626831ff61dfd2d8ab0fc04	k__Bacteria; p__Bacteroidetes; c__Flavobacteriia; o__Flavobacteriales; f__Cryomorphaceae; g__Fluviicola; s__	1.0
6c81407b0a3088790873167c3e8c197d	k__Bacteria; p__Proteobacteria; c__Alphaproteobacteria; o__Rhizobiales; f__; g__; s__	0.8
693f18df400e27dbcdb486d32e9453eb	k__Bacteria; p__Planctomycetes; c__Planctomycetia; o__Gemmatales; f__Gemmataceae; g__Gemmata; s__	0.9
20181b944b785353e7b6292e8d26aee2	k__Bacteria; p__Proteobacteria; c__Deltaproteobacteria; o__Myxococcales; f__; g__; s__	1.0
f221c3708c58547eb6c92647384b19f2	k__Bacteria; p__Bacteroidetes; c__Bacteroidia; o__Bacteroidales; f__Porphyromonadaceae	0.8
c10cf7fc8d953ff267659f71eaf131bd	Unassigned	0.0
049896c809a667d31f84af435324559b	k__Bacteria; p__Firmicutes; c__Clostridia; o__Clostridiales; f__Ruminococcaceae; g__; s__	1.0
0e98dd3f98708d69d670a9f9767bcbcf	k__Bacteria; p__Proteobacteria; c__Alphaproteobacteria; o__Caulobacterales; f__Caulobacteraceae; g__Asticcacaulis	0.7
63180fc6ff4d4c0ae2f8dc13c4ff98be	k__Bacteria; p__Proteobacteria; c__Alphaproteobacteria; o__Rhodospirillales	0.9
ffa20d2fa3e3fc2b8bc2134deda2608c	k__Bacteria; p__Proteobacteria; c__Alphaproteobacteria; o__Sphingomonadales	0.8
f780938e855701a08dab852bbcf63b62	k__Bacteria; p__Proteobacteria; c__Deltaproteobacteria; o__Myxococcales; f__; g__; s__	1.0
6c9e43f36bab4be2e2adfa7d4db126e8	k__Bacteria; p__Cyanobacteria; c__Nostocophycideae; o__Nostocales; f__Nostocaceae	1.0
19b68c1ec6ce6d747c06c0b0c0bbea78	k__Bacteria; p__Bacteroidetes; c__Sphingobacteriia; o__Sphingobacteriales; f__; g__; s__	1.0
4dea1607c74ac7264aecd8be282697d9	k__Bacteria; p__Firmicutes; c__Bacilli; o__Lactobacillales; f__Streptococcaceae; g__Lactococcus; s__	1.0
40287c89ac7ea9e01e798104d4f0f13b	k__Bacteria; p__Bacteroidetes; c__Flavobacteriia; o__Flavobacteriales; f__Cryomorphaceae; g__; s__	1.0
b081371171c84333806a2fd4b9238f4d	k__Bacteria; p__Proteobacteria; c__Alphaproteobacteria; o__Rickettsiales; f__; g__; s__	1.0
c1050b2fa1a47ca6713ac4aaf893129a	k__Bacteria; p__Firmicutes; c__Clostridia; o__Clostridiales	1.0
c54e7d27db4ae95aaf50e3686eaa9283	k__Bacteria; p__Proteobacteria; c__Alphaproteobacteria; o__Rickettsiales; f__Rickettsiaceae; g__; s__	0.9
6d57cda90e51aaa6b1e81937573b9791	k__Bacteria; p__Proteobacteria; c__Deltaproteobacteria; o__Myxococcales; f__; g__; s__	1.0
0f18f5e02358d15e0edd1908fbd05c9b	k__Bacteria; p__Proteobacteria; c__Alphaproteobacteria; o__Rickettsiales; f__; g__; s__	0.9
61c8cd321828faf00dfc3ef6cae48874	k__Bacteria; p__Acidobacteria; c__DA052; o__Ellin6513; f__; g__; s__	0.6666666666666666
829e1290e937ced751452aeb3f44c542	k__Bacteria; p__Verrucomicrobia; c__Verrucomicrobiae; o__Verrucomicrobiales; f__Verrucomicrobiaceae; g__Verrucomicrobium; s__	1.0
0d12c35c6ee1b19001af5209c3a141bb	k__Bacteria; p__Proteobacteria; c__Alphaproteobacteria; o__Rhodospirillales; f__Acetobacteraceae; g__; s__	0.9
c98cccaef0d673594bfe3c6f327417c2	k__Bacteria; p__Proteobacteria; c__Alphaproteobacteria; o__Rhizobiales	0.6
516131f38e31e09c534428b39321b0a9	k__Bacteria; p__TM6; c__SJA-4; o__; f__; g__; s__	1.0
756168db4d4ea3a31e435b0117ae2509	k__Bacteria; p__Cyanobacteria; c__Chloroplast; o__Chlorophyta; f__Chlamydomonadaceae; g__; s__	0.6
5849a5aca43a6c0abc0bd961388e5956	k__Bacteria; p__Proteobacteria; c__Alphaproteobacteria; o__Rickettsiales; f__; g__; s__	1.0
294f235ed66f48aca00a7f0dcd22bf45	k__Bacteria; p__Proteobacteria; c__Gammaproteobacteria; o__Xanthomonadales; f__Sinobacteraceae; g__; s__	0.9
8744ec461b4bfe07b2a5bdaa9e11990f	k__Bacteria; p__Bacteroidetes; c__[Saprospirae]; o__[Saprospirales]; f__Chitinophagaceae	1.0
767a3d210a4499f70bdf18dc844880ae	k__Bacteria; p__Proteobacteria; c__Alphaproteobacteria; o__Rickettsiales; f__; g__; s__	1.0
59cac072a3e84a2ec68c9faadfc916dc	k__Bacteria; p__Proteobacteria; c__Betaproteobacteria; o__Neisseriales; f__Neisseriaceae; g__Vogesella; s__	0.9
94d014bf06b95789a3f053e33237ed9f	k__Bacteria; p__Proteobacteria; c__Gammaproteobacteria	1.0
ae54114432cdc12355145c87259be97a	k__Bacteria; p__Proteobacteria; c__Alphaproteobacteria; o__Rickettsiales; f__Rickettsiaceae; g__; s__	0.7
1e155a45e9bfadc085cdeaec29baff11	k__Bacteria; p__Proteobacteria; c__Deltaproteobacteria; o__Bdellovibrionales; f__Bacteriovoracaceae; g__; s__	1.0
ccbf65326d243f601ed82f396dcde57a	k__Bacteria; p__Bacteroidetes; c__Bacteroidia; o__Bacteroidales; f__[Paraprevotellaceae]; g__[Prevotella]; s__	1.0
6cc100afc41e762a18b34b61894dca01	k__Bacteria; p__Actinobacteria; c__Acidimicrobiia; o__Acidimicrobiales; f__C111; g__; s__	1.0
504452afa8f833201742b6dcd09d9433	k__Bacteria; p__Nitrospirae; c__Nitrospira; o__Nitrospirales; f__Nitrospiraceae; g__Nitrospira; s__	1.0
d13c7422d536e1c9a683d49f9559d72b	k__Bacteria; p__Bacteroidetes; c__Flavobacteriia; o__Flavobacteriales; f__Flavobacteriaceae; g__Flavobacterium; s__	1.0
1cfc9590b10e2ccf6080ba4bd08ce49b	k__Bacteria; p__Proteobacteria	0.6
933afe1db6c3079c5c4c3a7ecb7f9a6e	k__Bacteria; p__Verrucomicrobia; c__Verrucomicrobiae; o__Verrucomicrobiales; f__Verrucomicrobiaceae; g__Prosthecobacter; s__	0.9
a771b0c59f821dd1246bc021a92b46f6	k__Bacteria; p__Proteobacteria; c__Betaproteobacteria; o__; f__; g__; s__	0.9
b3f0290458bfb5d83ec5490a3479ae01	k__Bacteria; p__Verrucomicrobia; c__[Spartobacteria]; o__[Chthoniobacterales]; f__[Chthoniobacteraceae]; g__Candidatus Xiphinematobacter; s__	1.0
f48b97fc02ed816b3ec736ef5c9de21b	k__Bacteria; p__Verrucomicrobia; c__; o__; f__; g__; s__	0.7
9b4a492682278ec515cc102860863f0b	k__Bacteria; p__Proteobacteria; c__Alphaproteobacteria; o__Rhodobacterales; f__Rhodobacteraceae; g__Rhodobacter; s__	0.8
11dd95b3f2eee258b19545042205bd61	k__Bacteria; p__Proteobacteria; c__Alphaproteobacteria; o__Rhodospirillales; f__Acetobacteraceae; g__; s__	0.6
4652e2bec46a0c45face8569ee917736	k__Bacteria; p__Planctomycetes; c__Phycisphaerae; o__WD2101; f__; g__; s__	1.0
e7d5980a204e265545b16681bb69325f	Unassigned	0.0
e9b1bb333d3b35ba8dfade279996654f	k__Bacteria; p__Proteobacteria; c__Alphaproteobacteria; o__Rhizobiales	1.0
d416bb12d5299549e3a8125d6db9c1bf	k__Bacteria; p__Planctomycetes; c__Planctomycetia; o__Pirellulales; f__Pirellulaceae; g__; s__	0.9
06a2dd1a95fb386c26af65463e8c0ac2	k__Bacteria; p__Proteobacteria; c__Deltaproteobacteria; o__Desulfarculales; f__Desulfarculaceae; g__; s__	0.6
406ef8cc5bab7c2c053e2a75ddc88a08	k__Bacteria; p__Proteobacteria; c__Betaproteobacteria; o__Burkholderiales; f__Comamonadaceae; g__Polaromonas; s__	0.7
55dd0ccb01b9461cbed448d63cddc9c5	k__Bacteria; p__Proteobacteria	0.7
cf948b93c2188ff19b6306ae6717e974	k__Bacteria; p__Cyanobacteria; c__4C0d-2; o__YS2; f__; g__; s__	0.6
ce2a66f4bd8885204e7b4722668ef6bb	k__Bacteria; p__Firmicutes; c__Erysipelotrichi; o__Erysipelotrichales; f__Erysipelotrichaceae; g__Bulleidia; s__moorei	0.7142857142857143
1fbf4a9bfa0d8f393293182fb2137c70	k__Bacteria; p__Bacteroidetes; c__Bacteroidia; o__Bacteroidales; f__Bacteroidaceae; g__; s__	0.6
d73b0d91460ffba649232b37cf021203	k__Bacteria; p__Acidobacteria; c__[Chloracidobacteria]; o__PK29; f__; g__; s__	1.0
1503716a70e4111286cdcfb799c0f7f1	k__Bacteria; p__Proteobacteria; c__Alphaproteobacteria; o__Rhodobacterales; f__Hyphomonadaceae; g__; s__	0.9
ce6c0d2dd9d58862191e2fb2695583d7	k__Bacteria; p__Actinobacteria; c__Actinobacteria; o__Actinomycetales; f__Microbacteriaceae	1.0
92ad1e7e394d7e85da81359e02cf6eb1	k__Bacteria; p__Proteobacteria; c__Gammaproteobacteria; o__Legionellales; f__Coxiellaceae; g__; s__	0.9
b6d74e733dd4f5a35bcc609e67143acd	Unassigned	0.0
6faa0b7ebd98f90b102d9afb57b0a1a7	Unassigned	0.0
5411fe3858d154085352db1b05985c6b	Unassigned	0.0
fe6032e9f432530310af5fb4761d2246	k__Bacteria; p__Proteobacteria; c__Deltaproteobacteria; o__Myxococcales; f__OM27; g__; s__	1.0
0f9855a05edd06a430e9468a317e775a	k__Bacteria; p__Proteobacteria; c__Alphaproteobacteria; o__; f__; g__; s__	1.0
3a97d279da2ea37e3fcb361363bcb912	k__Bacteria; p__Proteobacteria; c__Alphaproteobacteria; o__Rhizobiales; f__Rhizobiaceae; g__; s__	0.6
e95d663f0a48878c6ea49693cc3e423e	k__Bacteria; p__Acidobacteria; c__TM1; o__; f__; g__; s__	0.8
dc91c314a607e28ccd376608f8b2e25d	k__Bacteria; p__Chlamydiae; c__Chlamydiia; o__Chlamydiales; f__Rhabdochlamydiaceae; g__Candidatus Rhabdochlamydia; s__	0.7
9168fb53c3dc9220b1288e607f00344b	k__Bacteria; p__Firmicutes; c__Clostridia; o__Clostridiales; f__[Acidaminobacteraceae]; g__Fusibacter; s__	1.0
b7cafb333145ebcd5dc46951fe594090	Unassigned	0.0
e678a66df1d79f995e224794d2045f92	k__Bacteria; p__OP3	1.0
c8782f1bb9da9681dc73dc8df915d884	k__Bacteria; p__Proteobacteria; c__Alphaproteobacteria; o__Rhodospirillales; f__Acetobacteraceae; g__; s__	0.7
18aa15814a17ac38eb4f0027c8159a5b	k__Bacteria; p__Chloroflexi; c__Chloroflexi; o__[Roseiflexales]; f__[Kouleothrixaceae]	0.8
8b7e7002d25a8b48859474cdf932ec07	k__Bacteria; p__Actinobacteria; c__Thermoleophilia; o__Gaiellales; f__Gaiellaceae; g__; s__	1.0
662b72d741c784e53bd1e58ee5f20128	k__Bacteria; p__Chloroflexi; c__Anaerolineae; o__WCHB1-50; f__; g__; s__	0.9
841cd6bc619615b59525f2a67e10b0a8	k__Bacteria; p__Proteobacteria; c__Deltaproteobacteria; o__Spirobacillales; f__; g__; s__	0.9
c9f28e53c651b6fac758ac8c6a8b00da	k__Bacteria; p__Planctomycetes; c__Planctomycetia; o__Pirellulales; f__Pirellulaceae; g__; s__	1.0
c0feeeacae6bedbd2ea8905a6b3b3334	k__Bacteria; p__Planctomycetes; c__OM190; o__agg27; f__; g__; s__	1.0
ff73d9de22243160e357bfb29f04319f	k__Bacteria; p__Proteobacteria; c__Alphaproteobacteria; o__Rhodobacterales; f__Hyphomonadaceae; g__; s__	1.0
cc6398596374e3feceda175c462e7e80	k__Bacteria; p__Bacteroidetes; c__[Saprospirae]; o__[Saprospirales]; f__Chitinophagaceae; g__Sediminibacterium; s__	1.0
0809f0913c37f607ed390156ece1953a	k__Bacteria; p__Acidobacteria; c__Acidobacteria-6; o__iii1-15; f__mb2424; g__; s__	1.0
e166b6b51a551c2a53a6f609cc00e972	k__Bacteria; p__Proteobacteria; c__Alphaproteobacteria; o__Rickettsiales; f__Rickettsiaceae; g__; s__	0.6
5bb6b165dc06d1a5b32f1d2b59ecd224	k__Bacteria; p__Proteobacteria; c__Alphaproteobacteria; o__Caulobacterales; f__Caulobacteraceae; g__; s__	0.7
6e0616c24a18c990248b86aa74c674c7	k__Bacteria; p__Firmicutes; c__Erysipelotrichi; o__Erysipelotrichales; f__Erysipelotrichaceae; g__[Eubacterium]; s__dolichum	0.9
8d0cad0de2b39e1296203ba4d177ce86	k__Bacteria; p__Cyanobacteria; c__Chloroplast; o__Stramenopiles; f__; g__; s__	1.0
44ffa0d0f6021d600ba1ef9cfa2df880	k__Bacteria; p__Cyanobacteria; c__Chloroplast; o__Euglenozoa; f__; g__; s__	1.0
4c0dcc007361d66a9e27d333ef58232d	k__Bacteria; p__OD1; c__ZB2; o__; f__; g__; s__	1.0
3d8b3498844613ea84aa4377fa4ec094	k__Bacteria; p__Proteobacteria; c__Alphaproteobacteria; o__; f__; g__; s__	1.0
6faa61f8c2c5b0f3671fcba6847374f2	k__Bacteria; p__Bacteroidetes; c__Sphingobacteriia; o__Sphingobacteriales; f__Sphingobacteriaceae; g__Pedobacter; s__	0.6
64830ab5b818d266e430168ce40df302	k__Bacteria; p__Bacteroidetes	1.0
8311ae6f4b54798605d1a00fdec62171	k__Bacteria; p__Firmicutes; c__Bacilli; o__Lactobacillales; f__Lactobacillaceae; g__Lactobacillus; s__	0.7
3996e8b3d02c09952d2cead6ab1d111b	k__Bacteria	1.0
50da1fffe176fff903afcd44d6867d9e	k__Bacteria; p__Actinobacteria; c__Actinobacteria; o__Actinomycetales; f__Microbacteriaceae; g__; s__	0.6
fbdd7871dff3f856e18a13d7d3757aa5	Unassigned	0.0
54c3e55bfa464c81c19385f03261c236	k__Bacteria; p__Chlorobi; c__OPB56; o__; f__; g__; s__	1.0
7406f771b0f5b3623259bdf27d6e1547	k__Bacteria; p__Chlorobi; c__Ignavibacteria; o__Ignavibacteriales; f__Ignavibacteriaceae; g__; s__	1.0
4af6c2be019f1ab7c9b3c39ca7ddf5ca	k__Bacteria; p__Proteobacteria; c__Alphaproteobacteria; o__Rhizobiales; f__; g__; s__	0.7
03569c648fc1f363b4aa0856280c7a0b	Unassigned	0.0
108469d4ebcc8783d56cf9ad9ce0bc37	k__Bacteria; p__Proteobacteria; c__Betaproteobacteria; o__Burkholderiales; f__Comamonadaceae; g__Methylibium; s__	0.6
c0b185d42c87495c3459da0fec43201b	k__Bacteria; p__Bacteroidetes; c__Flavobacteriia; o__Flavobacteriales; f__Cryomorphaceae; g__Fluviicola; s__	1.0
a07d698e6ff912c3a290149f8997b75e	k__Bacteria; p__Proteobacteria; c__Alphaproteobacteria; o__; f__; g__; s__	0.8
71c9786fe17d01516ed30b83f6a0f268	k__Bacteria; p__Firmicutes; c__Clostridia; o__Clostridiales; f__Clostridiaceae; g__Clostridium; s__	1.0
3e9651356a74a9258f08e30cfeb5958d	k__Bacteria; p__Verrucomicrobia; c__Verrucomicrobiae; o__Verrucomicrobiales; f__Verrucomicrobiaceae; g__Prosthecobacter	0.6
c8a4d450582b4b0dfb8064e5b9303133	k__Bacteria; p__Planctomycetes; c__Planctomycetia; o__Pirellulales; f__Pirellulaceae; g__; s__	0.9
2afd67c3a70b893696eded39537914aa	k__Bacteria; p__Proteobacteria; c__Alphaproteobacteria; o__; f__; g__; s__	1.0
38a61c0b41b1299095af92c9c9ae77e4	k__Bacteria; p__Proteobacteria; c__Gammaproteobacteria; o__Alteromonadales; f__OM60; g__Congregibacter; s__	0.9
fe4dfc7e8018d4ecd27d54bbd72169ec	k__Bacteria; p__GOUTA4; c__; o__; f__; g__; s__	0.6
7d3694f3dcb715e7aaa955c389e81d9a	k__Bacteria; p__Proteobacteria; c__Alphaproteobacteria; o__Rhodospirillales; f__Rhodospirillaceae; g__; s__	0.9
9e069af24b55b64563c89dc0438db70c	k__Bacteria; p__Proteobacteria; c__Betaproteobacteria; o__Burkholderiales; f__Burkholderiaceae; g__; s__	0.7
ec77749ac9af38f2270e3687d004b469	k__Bacteria; p__Proteobacteria; c__Alphaproteobacteria; o__Rhizobiales; f__Phyllobacteriaceae; g__Mesorhizobium; s__	0.6
e61a4468a50fa6a09e0aa2ecbba60d11	k__Bacteria; p__Spirochaetes; c__[Leptospirae]; o__[Leptospirales]; f__Leptospiraceae; g__Leptospira; s__	1.0
2538b5ccce748f20b42290ecc601f1e4	k__Bacteria; p__Acidobacteria; c__[Chloracidobacteria]; o__PK29; f__; g__; s__	1.0
a5908fc9cf52021a37e797620337b702	k__Bacteria; p__OD1; c__; o__; f__; g__; s__	0.6666666666666666
f0077e8c8c244ddb528acb74d5b243f7	k__Bacteria; p__Planctomycetes; c__Planctomycetia; o__Pirellulales; f__Pirellulaceae; g__A17; s__	0.6
0a810630bdb7287cc6470ef6870f250f	k__Bacteria; p__Proteobacteria; c__Deltaproteobacteria; o__Syntrophobacterales; f__Syntrophaceae	0.8
59d59c8e74d22932cc5bb22e2bc32fe0	k__Bacteria; p__Cyanobacteria; c__Chloroplast; o__Stramenopiles; f__; g__; s__	1.0
d9985deceb2fa4bbd51cfdefd8704252	k__Bacteria; p__Bacteroidetes; c__Flavobacteriia; o__Flavobacteriales; f__Flavobacteriaceae; g__Flavobacterium; s__	0.6
45b5c3d57a4efa171d7339ba3aa8b517	k__Bacteria; p__Proteobacteria; c__Alphaproteobacteria; o__Rhodospirillales	0.9
ac64133cfad45fa7a3cea2e8ea70c887	k__Bacteria; p__Proteobacteria; c__Betaproteobacteria; o__Methylophilales; f__Methylophilaceae	0.6
e47f0d6128ad481098f3c76b90fc00d1	k__Bacteria; p__Planctomycetes; c__OM190; o__CL500-15; f__; g__; s__	1.0
754684d825ff62e0bafab4fd82b3a49c	k__Bacteria; p__Bacteroidetes; c__[Saprospirae]; o__[Saprospirales]; f__Saprospiraceae; g__; s__	1.0
da7e8a9221ed2d2b15dd52b6e8f74582	k__Bacteria; p__Planctomycetes; c__Planctomycetia; o__Pirellulales; f__Pirellulaceae; g__; s__	1.0
52762ad88ebfe0e4bb9f2069bcacd3f9	k__Bacteria; p__GN02; c__BD1-5; o__; f__; g__; s__	0.6
bc256f405ec96170fabe9c93ff4536d2	k__Bacteria; p__Cyanobacteria; c__Chloroplast; o__Stramenopiles; f__; g__; s__	1.0
97a4ff628b7e5264973a75cf4e5c731b	k__Bacteria; p__Firmicutes; c__Clostridia; o__Clostridiales; f__Ruminococcaceae; g__; s__	0.6
ea64e882c4e7dfc8cc61c890dfcd9e18	Unassigned	0.0
8bc4cd4a8b9c1c09b73c1eee94c31c4a	k__Bacteria; p__Proteobacteria; c__Gammaproteobacteria; o__Chromatiales; f__; g__; s__	0.6
96b768e86a0bf2dc7b2a09f76417da03	k__Bacteria; p__Proteobacteria; c__Betaproteobacteria; o__Ellin6067; f__; g__; s__	1.0
3a4b315efd355af1b15e9b49c9ea036b	k__Bacteria; p__Acidobacteria; c__Acidobacteria-6; o__iii1-15; f__; g__; s__	1.0
594ef5bfb2288ec6115c7d1be30ffee6	k__Bacteria; p__Proteobacteria; c__Alphaproteobacteria; o__Caulobacterales; f__Caulobacteraceae; g__Caulobacter	0.6
123741722423b3737e1cace9103a128e	k__Bacteria; p__Cyanobacteria; c__Chloroplast; o__Stramenopiles; f__; g__; s__	1.0
2143717e650f9f8e8e4cc01c64a3ecc2	k__Bacteria; p__Verrucomicrobia; c__Verrucomicrobiae; o__Verrucomicrobiales; f__Verrucomicrobiaceae; g__Luteolibacter; s__	1.0
bf839df2107b78c810283b0ec2dbd6c7	k__Bacteria; p__Proteobacteria; c__Alphaproteobacteria; o__Rhizobiales; f__; g__; s__	1.0
84609be8778bc50ec577cdf2ee76e8e6	k__Bacteria; p__Proteobacteria; c__Deltaproteobacteria; o__Syntrophobacterales; f__Syntrophaceae; g__Desulfomonile; s__	0.9
e9626325b1ac52baab91395f508a8e29	k__Bacteria; p__Proteobacteria; c__Alphaproteobacteria; o__; f__; g__; s__	0.9
2fe0ef2fe011b35c8dd4da08ec844449	k__Bacteria; p__Proteobacteria; c__Alphaproteobacteria; o__BD7-3; f__; g__; s__	1.0
bef1b5cdb8f5a1ba6f5ed513c272c546	k__Bacteria; p__Planctomycetes; c__Planctomycetia; o__Pirellulales; f__Pirellulaceae; g__; s__	1.0
5fa84af8840370acfb6be01f49adc08b	k__Bacteria; p__Proteobacteria; c__Alphaproteobacteria; o__Rhizobiales; f__Hyphomicrobiaceae; g__; s__	0.8
aff1e589e0055eb98a1cb04032d1afbd	k__Bacteria; p__Bacteroidetes; c__Sphingobacteriia; o__Sphingobacteriales; f__Sphingobacteriaceae; g__; s__	0.9
7563681aa3d4a8fd3eed3de4523dc9dd	k__Bacteria; p__Firmicutes; c__Clostridia; o__Clostridiales; f__Ruminococcaceae; g__; s__	0.7
60dc94d605cb532681949f7e402446c3	Unassigned	0.0
bb3975f8facb20f1696d03c07073800b	k__Bacteria; p__Proteobacteria	1.0
0b02d1a41357e667110cd5e26a8adfd2	k__Bacteria; p__Cyanobacteria; c__Chloroplast; o__Stramenopiles; f__; g__; s__	1.0
a6fb3add5f72974a2a061ddc9ba982f9	k__Bacteria; p__Cyanobacteria; c__Synechococcophycideae; o__Synechococcales; f__Synechococcaceae; g__Synechococcus; s__	1.0
338b4840e2797a800743082262956a27	k__Bacteria; p__Actinobacteria; c__Thermoleophilia; o__Solirubrobacterales; f__Solirubrobacteraceae; g__; s__	1.0
fd9be4fd742b45a43088b15407b006b3	k__Bacteria; p__Bacteroidetes; c__Flavobacteriia; o__Flavobacteriales; f__Flavobacteriaceae; g__Flavobacterium; s__	1.0
e8f46df733f8add229ad93154aa82d06	k__Bacteria	1.0
4f389e29c8e548b06f097fe9de7e6107	k__Bacteria; p__Proteobacteria; c__Betaproteobacteria; o__Burkholderiales; f__Comamonadaceae	0.9
8a196be806460fc7d106a20fbbbe38d0	k__Bacteria; p__Bacteroidetes	1.0
3568cd34a9aa43aab9e0c53d99e21d96	k__Bacteria; p__Proteobacteria; c__Alphaproteobacteria; o__Rhodospirillales	1.0
83b7c1be31bd49514f0dd66425c84a4c	k__Bacteria; p__Planctomycetes; c__Planctomycetia; o__Pirellulales; f__Pirellulaceae; g__; s__	0.9
59058288a84cfde115947a17ba072190	k__Bacteria; p__Proteobacteria; c__Gammaproteobacteria; o__Xanthomonadales; f__Xanthomonadaceae; g__Aquimonas; s__	0.6
da99b5f32a2c0a2bb2257cd5f4bd536d	k__Bacteria; p__Proteobacteria; c__Deltaproteobacteria; o__Bdellovibrionales; f__Bacteriovoracaceae; g__; s__	0.6
2682348a026e63ea834d5c48616eb935	k__Bacteria; p__Proteobacteria; c__Gammaproteobacteria; o__Xanthomonadales; f__Xanthomonadaceae; g__; s__	0.8
74b60d03d296725c55fd7991a554cc23	k__Bacteria; p__Chloroflexi; c__Anaerolineae; o__Caldilineales; f__Caldilineaceae; g__Caldilinea; s__	0.6
188866bfcd2531c1bef50e80f4896c47	k__Bacteria; p__Proteobacteria; c__Alphaproteobacteria; o__Rickettsiales; f__Rickettsiaceae; g__; s__	0.6
ed2b303bb898134ef61963fe82c89b8f	k__Bacteria; p__Proteobacteria; c__Alphaproteobacteria; o__Sphingomonadales; f__Sphingomonadaceae; g__Sphingomonas; s__	1.0
0f1610bc268d6427f6b2178ed0eee586	k__Bacteria; p__Proteobacteria; c__Betaproteobacteria; o__Rhodocyclales; f__Rhodocyclaceae; g__Dechloromonas; s__	0.7
dcd23f5e03c28027dd5fa99f20f66312	k__Bacteria	1.0
f6926a1b6faf38de9d060b643c3d4e9a	k__Bacteria; p__Planctomycetes; c__Phycisphaerae; o__Phycisphaerales; f__; g__; s__	1.0
af6abd78d9f08fe99df2832818495392	k__Bacteria; p__Proteobacteria; c__Alphaproteobacteria; o__Rhodospirillales; f__Acetobacteraceae; g__; s__	0.7
bbc34af4ceb113d7095a8b02680d2b8a	k__Bacteria; p__Bacteroidetes; c__Bacteroidia; o__Bacteroidales	0.75
44b1b361a003cd91edb5f022efb4e26e	k__Bacteria; p__Proteobacteria; c__Betaproteobacteria; o__Procabacteriales; f__Procabacteriaceae; g__; s__	0.7
604589d2e4f9e9b718f6ae9542dcd80d	k__Bacteria; p__Proteobacteria; c__Gammaproteobacteria; o__Methylococcales; f__Crenotrichaceae; g__Crenothrix; s__	0.9
f815bcb974b517aaef0836b9429e6e8d	k__Bacteria; p__Chlamydiae; c__Chlamydiia; o__Chlamydiales; f__Rhabdochlamydiaceae; g__Candidatus Rhabdochlamydia; s__	0.8
fe66fc4c4f6d8218d71f8ea86b9a68f7	k__Bacteria; p__Proteobacteria; c__Alphaproteobacteria; o__Rhizobiales; f__; g__; s__	0.6
d251c8434def45f03dcdf43f368769c9	k__Bacteria; p__Proteobacteria; c__Deltaproteobacteria; o__Bdellovibrionales; f__Bdellovibrionaceae; g__Bdellovibrio; s__	1.0
03c565b7c465eaf49764de42893844e2	k__Bacteria	1.0
321c3173a9d9c1dfb3cc5b369cd5d1ec	k__Bacteria; p__Proteobacteria; c__Deltaproteobacteria; o__Syntrophobacterales; f__Syntrophobacteraceae; g__; s__	1.0
a2f3518643e32287e534782387490c97	k__Bacteria; p__Firmicutes; c__Clostridia; o__Clostridiales; f__Ruminococcaceae; g__; s__	1.0
1a0bd750639f5a246b42756733a59e3d	k__Bacteria; p__Bacteroidetes; c__Cytophagia; o__Cytophagales; f__Cyclobacteriaceae; g__; s__	0.6
e66efbf71128de7087505471ee91f96b	k__Bacteria; p__Proteobacteria; c__Alphaproteobacteria; o__Sphingomonadales; f__Sphingomonadaceae; g__Sphingobium; s__	0.9
9f24213a7d2c6fc5adfa958ff650c1e4	k__Bacteria; p__Proteobacteria; c__Alphaproteobacteria; o__; f__; g__; s__	1.0
36d8fef32a1f51a38af7fbe4df849286	k__Bacteria; p__Proteobacteria; c__Alphaproteobacteria; o__Rhizobiales; f__Bradyrhizobiaceae; g__Bradyrhizobium; s__	0.7
895ccf87f686ed0a57a2ff4d7da44089	k__Bacteria; p__Verrucomicrobia; c__[Pedosphaerae]; o__[Pedosphaerales]; f__R4-41B; g__; s__	0.7
3b1f3fb8a24c4fcdf6b1678f74246bb3	k__Bacteria; p__Planctomycetes; c__OM190; o__CL500-15; f__; g__; s__	1.0
d7877a1e09137a0c44ac291efabf0c77	k__Bacteria; p__Proteobacteria; c__Deltaproteobacteria; o__Bdellovibrionales; f__Bdellovibrionaceae; g__Bdellovibrio; s__bacteriovorus	1.0
ff98f80d7b4a10a2c36c9d5174e74573	k__Bacteria; p__Fusobacteria; c__Fusobacteriia; o__Fusobacteriales; f__Fusobacteriaceae; g__Cetobacterium; s__somerae	1.0
e65ee9213ceb27e2c4f5fc4949d8c69b	k__Bacteria; p__Proteobacteria; c__Betaproteobacteria; o__Burkholderiales; f__Comamonadaceae; g__Hydrogenophaga; s__	0.8
a2f409b5b1127a8d23fc7163c85e7953	k__Bacteria	1.0
5a846a1f88302ef4db2aa1f8e62c9684	k__Bacteria; p__Bacteroidetes; c__Bacteroidia; o__Bacteroidales	0.9
4489be30467b8ec567cc173da10abb80	k__Bacteria; p__Proteobacteria; c__Alphaproteobacteria; o__Rhizobiales; f__; g__; s__	0.6
e6d3291699713bc9724408c981502a1c	k__Bacteria; p__Proteobacteria; c__Deltaproteobacteria; o__Desulfarculales; f__Desulfarculaceae; g__; s__	0.9
5a00c132439b95a9d97b5e3ed07c0653	k__Bacteria; p__Verrucomicrobia; c__[Spartobacteria]; o__[Chthoniobacterales]; f__[Chthoniobacteraceae]; g__; s__	1.0
6833ef8d3079d94835e96bce475ba9fd	k__Bacteria; p__Cyanobacteria; c__ML635J-21; o__; f__; g__; s__	1.0
2fa04867a41de453f36617af63964248	k__Bacteria; p__Proteobacteria; c__Deltaproteobacteria; o__MIZ46; f__; g__; s__	1.0
f861f894f61bcd82ab114bd5c204231c	k__Bacteria; p__Proteobacteria; c__Betaproteobacteria; o__Burkholderiales; f__Comamonadaceae	1.0
80321be5152fc13471e512c33c81e4b0	k__Bacteria; p__Proteobacteria; c__Betaproteobacteria; o__Burkholderiales; f__Comamonadaceae; g__; s__	0.8
3bddf6a83b306b2081d019f677256528	k__Bacteria; p__Proteobacteria; c__Alphaproteobacteria; o__Rickettsiales	0.6
a56291479c2161664f5799812f0d4d8b	Unassigned	0.0
20ed358230597966f0c0d2cde97ec541	Unassigned	0.0
ded1ffdbadefcc5b9419b37a4f47a2a8	k__Bacteria; p__Proteobacteria; c__Deltaproteobacteria; o__Myxococcales; f__; g__; s__	0.9
c34377d616f17632e6d04da0822ddf6c	k__Bacteria; p__Actinobacteria; c__Thermoleophilia; o__Gaiellales; f__AK1AB1_02E; g__; s__	1.0
9242c1b3ef14a4442d45bad0cfe5cc97	k__Bacteria; p__Actinobacteria; c__Actinobacteria; o__Actinomycetales; f__; g__; s__	0.8
fb1d7696723fbe49956ae65a93cc1f43	k__Bacteria; p__OD1; c__SM2F11; o__; f__; g__; s__	0.6
dad317cc8950725a03f2a0dba828ace1	k__Bacteria; p__Chloroflexi; c__SL56; o__; f__; g__; s__	0.8
9ae241607f55f800a7ac9182f3abd676	k__Bacteria; p__Proteobacteria; c__Betaproteobacteria	1.0
dd81119b3e1988cdd7f9cb79973843c7	k__Archaea; p__Euryarchaeota; c__DSEG; o__ArcA07; f__; g__; s__	1.0
7a3173e46b56eca36fb3f61adca32142	k__Bacteria; p__Proteobacteria; c__Gammaproteobacteria; o__Xanthomonadales; f__Xanthomonadaceae; g__; s__	1.0
1a69b7bf797e4f71be7eb82b6d665e05	Unassigned	0.0
4ce2c0ae36655ba49c8195029fee6e63	k__Bacteria; p__Proteobacteria; c__Alphaproteobacteria; o__Sphingomonadales; f__Sphingomonadaceae; g__Novosphingobium; s__	0.9
4853541ef7942186b3a37d217709a926	k__Bacteria; p__Proteobacteria; c__Alphaproteobacteria; o__; f__; g__; s__	1.0
931e285896f2b9a1460118bfb92974a7	k__Bacteria; p__Actinobacteria; c__Actinobacteria; o__Actinomycetales; f__; g__; s__	1.0
4f020b68dcf592d3254a8b9733a8700b	k__Bacteria; p__Proteobacteria; c__Deltaproteobacteria; o__Bdellovibrionales; f__Bdellovibrionaceae; g__Bdellovibrio; s__	1.0
ad798388a24ed1c17afd54a3a9610b0c	k__Bacteria; p__Proteobacteria; c__Deltaproteobacteria; o__Desulfarculales; f__Desulfarculaceae; g__; s__	0.8
975f80f1894d886eb6b6ede7684413de	k__Bacteria; p__Spirochaetes; c__[Leptospirae]; o__[Leptospirales]; f__Leptospiraceae; g__Leptospira; s__biflexa	0.7
0dfc9b35493478366313ddebf38738b6	k__Bacteria; p__Bacteroidetes; c__Sphingobacteriia; o__Sphingobacteriales; f__; g__; s__	1.0
247499b68983d6fab8a928f0c1bf3bc0	k__Bacteria; p__Bacteroidetes	1.0
a0995548b0bdf4eb495cbb1496518b4c	k__Bacteria; p__Proteobacteria; c__Alphaproteobacteria; o__Rhizobiales; f__Beijerinckiaceae; g__; s__	0.6
b18579a65667f64bd1127bfdff0f599a	k__Bacteria; p__Chloroflexi; c__Thermomicrobia; o__JG30-KF-CM45; f__; g__; s__	0.7
72f888fdcc5b0915f45dd98ba3c648df	k__Bacteria; p__Bacteroidetes; c__[Saprospirae]; o__[Saprospirales]; f__Saprospiraceae; g__; s__	1.0
a763717f750fe1269e1db92768cd43d2	k__Bacteria; p__Proteobacteria; c__Gammaproteobacteria; o__HOC36; f__; g__; s__	1.0
d89f5a5d4944bd477c5bb6c70fad6024	k__Bacteria; p__Actinobacteria; c__Actinobacteria; o__Actinomycetales; f__Microbacteriaceae; g__; s__	0.6
9dd3107a629c0eba1e354c7b642d45b4	k__Bacteria; p__Bacteroidetes; c__Flavobacteriia; o__Flavobacteriales; f__Flavobacteriaceae; g__Flavobacterium; s__	0.9
87e33c9621fc5e76fa5448fc8b2def1a	Unassigned	0.0
8c1dc31a269f0f45df6873320ce4c3a4	k__Bacteria; p__Bacteroidetes; c__[Saprospirae]; o__[Saprospirales]; f__Chitinophagaceae; g__; s__	1.0
c9d9a1ae2c73efbcb113b58926d046fa	k__Bacteria; p__Proteobacteria; c__Alphaproteobacteria; o__Rhizobiales; f__Bradyrhizobiaceae; g__Bradyrhizobium; s__	0.8
201a77286794588e55da4ca3d42f811b	k__Bacteria; p__Proteobacteria; c__Betaproteobacteria; o__; f__; g__; s__	0.7
3fa41115112a91c98b3ce425d522ac25	k__Bacteria; p__Cyanobacteria; c__Chloroplast; o__Chlorophyta; f__; g__; s__	0.7
c1e6514d393a2507c058d2bf5da5b2f7	k__Bacteria; p__Proteobacteria; c__Gammaproteobacteria; o__Aeromonadales; f__Aeromonadaceae	0.8
caf0f9136bd96ab5c2b9de23cf7b2f2f	k__Bacteria; p__Proteobacteria; c__Alphaproteobacteria; o__; f__; g__; s__	1.0
dae1b30746add41206db3e8e3c1f0de1	k__Bacteria; p__Proteobacteria; c__Alphaproteobacteria	0.7
0b2e47cff46fb75b5c71184297654a62	k__Bacteria; p__Verrucomicrobia; c__Verrucomicrobiae; o__Verrucomicrobiales; f__Verrucomicrobiaceae; g__; s__	1.0
59f436553925f20518e9953f9426ae39	k__Bacteria; p__Proteobacteria; c__Betaproteobacteria; o__Rhodocyclales; f__Rhodocyclaceae	0.7
57ec2ff15c7935d1fffa5fd276284b93	k__Bacteria; p__Proteobacteria; c__Alphaproteobacteria; o__Rhizobiales; f__; g__; s__	0.7
4e560344d02e71c9e6151235813d91b7	k__Bacteria; p__Actinobacteria; c__Actinobacteria; o__Actinomycetales; f__; g__; s__	0.8
f89ee46ac893af63b0d108916ee3d53a	k__Bacteria; p__Proteobacteria; c__Gammaproteobacteria; o__Xanthomonadales; f__Sinobacteraceae; g__; s__	1.0
055213079ed5e50c8013646c8658f940	k__Bacteria; p__Bacteroidetes; c__Cytophagia; o__Cytophagales; f__[Amoebophilaceae]; g__SC3-56; s__	0.6
ed4d37bb394d728f9b00edb6e704a0d7	k__Bacteria; p__Proteobacteria; c__Deltaproteobacteria; o__Desulfuromonadales; f__Desulfuromonadaceae; g__; s__	0.9
a35dad3847213b2868d530eaba0b3741	k__Bacteria; p__Armatimonadetes; c__[Fimbriimonadia]; o__[Fimbriimonadales]; f__[Fimbriimonadaceae]; g__Fimbriimonas; s__	1.0
294923b0d427c9fae972ddcd4c1cd600	k__Bacteria; p__Firmicutes; c__Clostridia; o__Clostridiales	0.9
55546fcd60af0bf3da6b1631fa48cd84	k__Bacteria; p__Chloroflexi; c__Anaerolineae; o__SBR1031; f__A4b; g__; s__	1.0
7e17d38f7718057e6500c289a487c02b	k__Bacteria; p__Proteobacteria; c__Epsilonproteobacteria; o__Campylobacterales; f__Campylobacteraceae; g__Arcobacter; s__	1.0
c8ddaefb2ed68f197e04ec79d758fbd3	k__Bacteria; p__Bacteroidetes; c__Flavobacteriia; o__Flavobacteriales; f__Cryomorphaceae; g__; s__	0.7
674838f85d3bfb1a1406caa939646504	k__Bacteria; p__Spirochaetes; c__[Leptospirae]; o__[Leptospirales]; f__Leptospiraceae; g__Leptospira; s__	1.0
48c0f7afb72718a54af1d4957e12b6ef	k__Bacteria; p__Proteobacteria; c__Alphaproteobacteria; o__Rhizobiales; f__; g__; s__	0.6
8b97340dccc9be6b26b1822b8de82d2d	k__Bacteria; p__Proteobacteria; c__Gammaproteobacteria; o__Xanthomonadales; f__Sinobacteraceae; g__Steroidobacter; s__	0.6
714c91db27741feebade84f52ea28b2b	k__Bacteria; p__Bacteroidetes; c__Cytophagia; o__Cytophagales; f__Cytophagaceae; g__Leadbetterella; s__	1.0
dfc723f7425717ba82153e474b838dbd	k__Bacteria; p__Spirochaetes; c__Spirochaetes; o__Spirochaetales; f__Spirochaetaceae; g__Spirochaeta; s__aurantia	0.7
0d5b5bbb6e4feeaff6cda8339e9e7e68	k__Bacteria; p__Proteobacteria; c__Betaproteobacteria; o__Rhodocyclales; f__Rhodocyclaceae	1.0
18d834510fa7372db42b55ec1482e6b1	k__Bacteria; p__Firmicutes; c__Clostridia; o__Clostridiales; f__Ruminococcaceae; g__; s__	1.0
c6d6085473d89da336618c71f8439925	k__Bacteria; p__Proteobacteria; c__Betaproteobacteria; o__Burkholderiales; f__Alcaligenaceae; g__; s__	1.0
a36f472ebb93fb1a5dab2c778f7697fe	k__Bacteria; p__Proteobacteria; c__Alphaproteobacteria; o__Rickettsiales; f__Rickettsiaceae; g__Rickettsia; s__	0.7
a2244d72fb6fc1da91bfd1ae2314ca08	k__Bacteria; p__OD1; c__ABY1; o__; f__; g__; s__	1.0
6c307851b326aa38414c062bdff728e2	k__Bacteria; p__TM6; c__SBRH58; o__; f__; g__; s__	1.0
33222b8ef687a7f641685605146d1c37	k__Bacteria; p__Proteobacteria; c__Gammaproteobacteria; o__Methylococcales; f__Crenotrichaceae; g__Crenothrix; s__	1.0
c7978f98ec63e148ab3cfa7d139c9418	k__Bacteria; p__Cyanobacteria; c__Chloroplast; o__Streptophyta; f__; g__; s__	0.7
8627294bf50b9d8519576423271915b2	k__Bacteria; p__Proteobacteria; c__Alphaproteobacteria; o__Rhodospirillales; f__Rhodospirillaceae; g__; s__	0.6
6b6bafd6d5a642575731a99ea20f430e	k__Bacteria; p__Proteobacteria; c__Alphaproteobacteria; o__Sphingomonadales; f__; g__; s__	1.0
33a867fc487eed12db95feb9501a6e65	Unassigned	0.0
b2a2aeebc1095e6dd17a555f70f3c64e	k__Bacteria; p__Bacteroidetes; c__Bacteroidia; o__Bacteroidales; f__Bacteroidaceae; g__Bacteroides; s__	1.0
68183deadce95f5edbba8efe2d6505c0	k__Bacteria; p__OD1; c__; o__; f__; g__; s__	1.0
d65b8f96ecdfa87821f4899dca0eaf1d	k__Bacteria; p__Proteobacteria; c__Alphaproteobacteria	1.0
60af2e36872c149a81cb80f249b50538	k__Bacteria; p__Planctomycetes; c__Planctomycetia; o__Pirellulales; f__Pirellulaceae; g__; s__	1.0
d56ec0f50b5f434b0f49f916e7fdc6b2	Unassigned	0.0
07bb518ecc84e9c4c3435a5673b612de	k__Bacteria; p__Planctomycetes; c__Planctomycetia; o__Gemmatales; f__Gemmataceae; g__; s__	1.0
7faab60643c0ee2331c86867ba909ae0	k__Bacteria; p__Proteobacteria; c__TA18; o__PHOS-HD29; f__; g__; s__	1.0
cd19926d6effb3fbfcb988468c706b40	Unassigned	0.0
0fdc1c283b06624e6d2e3e45db7803d1	k__Bacteria; p__Fusobacteria; c__Fusobacteriia; o__Fusobacteriales; f__; g__; s__	0.7
7b8f758d368fb44baf418d4a358043c9	k__Bacteria; p__Verrucomicrobia; c__Opitutae; o__Opitutales; f__Opitutaceae; g__Opitutus; s__	1.0
3b5eed834a23298ae3c7dbe2a7217187	k__Bacteria; p__Firmicutes; c__Clostridia; o__Clostridiales; f__[Acidaminobacteraceae]; g__Fusibacter; s__	0.9
83b3c440c89b3296301e3ba4bf836208	k__Bacteria; p__Proteobacteria; c__Betaproteobacteria; o__Methylophilales	0.7
dfb92e62235faa51bb19ed134fb7ebf1	k__Bacteria; p__Proteobacteria; c__Alphaproteobacteria; o__Rhizobiales; f__Hyphomicrobiaceae; g__; s__	1.0
fd9298af1efdaab889fff26cb4d0f87e	k__Bacteria; p__Chlorobi; c__OPB56; o__; f__; g__; s__	1.0
e2d0e5fccf986967b9a15d6d19c45b01	k__Bacteria; p__Proteobacteria; c__Alphaproteobacteria; o__Sphingomonadales; f__Sphingomonadaceae; g__; s__	0.8
0ec41b352d331013a532f30d6b610df7	k__Bacteria; p__Proteobacteria; c__Gammaproteobacteria; o__Legionellales; f__Coxiellaceae; g__; s__	1.0
dde15caa0421ba00fc4f4085f4629ca4	k__Bacteria; p__Proteobacteria; c__Alphaproteobacteria; o__Kiloniellales; f__; g__; s__	0.6
dc17d0d00b9ec029f68f71cd39fd20df	k__Bacteria; p__Proteobacteria; c__Alphaproteobacteria; o__BD7-3; f__; g__; s__	1.0
8f9e97df6c319a2c01a1c648c92587a8	k__Bacteria; p__Proteobacteria; c__TA18; o__PHOS-HD29; f__; g__; s__	0.8
b22523a1b9413786b74f2f387b8507cb	k__Bacteria; p__Actinobacteria; c__Acidimicrobiia; o__Acidimicrobiales; f__; g__; s__	1.0
2135f6f97f30c7284c9fc24bc6730de6	k__Bacteria; p__Proteobacteria; c__Deltaproteobacteria; o__Desulfobacterales; f__Desulfobulbaceae; g__; s__	0.9
8000d7708b15fb7880f746a418855678	k__Bacteria; p__Verrucomicrobia; c__Verrucomicrobiae; o__Verrucomicrobiales; f__Verrucomicrobiaceae; g__Luteolibacter; s__	1.0
dc0b0b4a0210469edea6ea971cd917ab	k__Bacteria; p__Planctomycetes; c__Planctomycetia; o__Planctomycetales; f__Planctomycetaceae; g__Planctomyces; s__	1.0
cc28c3d16d1d66e264ef6f93069edf09	k__Bacteria; p__Proteobacteria; c__Alphaproteobacteria; o__Rhizobiales; f__; g__; s__	0.9
7f605a5bb8e14e4970ee438b39273f86	k__Bacteria; p__Cyanobacteria; c__4C0d-2; o__YS2; f__; g__; s__	1.0
3282a432cf5f0a9f96d9ba8a1f546c5e	k__Bacteria; p__Proteobacteria; c__Epsilonproteobacteria; o__Campylobacterales; f__Campylobacteraceae; g__Arcobacter; s__	0.9
8f94651a884ab72a24c0243e1534d585	k__Bacteria; p__Actinobacteria; c__Actinobacteria; o__Actinomycetales; f__; g__; s__	0.6
368aefe77a0aa55b425c51e238e2ca34	k__Bacteria; p__Proteobacteria; c__Gammaproteobacteria; o__Legionellales; f__Coxiellaceae; g__Aquicella; s__	1.0
07bf4c8102e665001414943d71bc840f	k__Bacteria; p__Bacteroidetes; c__Bacteroidia; o__Bacteroidales; f__Porphyromonadaceae; g__Parabacteroides; s__	1.0
69efc90101e9e7a4a45c679fdfd5116f	k__Bacteria; p__Proteobacteria; c__Alphaproteobacteria; o__Rhodospirillales; f__Acetobacteraceae; g__Roseococcus; s__	1.0
69338bb6ecb9271acabf6d1b59dde17b	k__Bacteria; p__Proteobacteria; c__Alphaproteobacteria; o__Rhodospirillales; f__Acetobacteraceae; g__; s__	1.0
7fe55bc1e207eb86afdca771062e37be	k__Bacteria; p__Tenericutes; c__Mollicutes; o__; f__; g__; s__	0.6
000eb10ea0fea95c98b337aba6566527	k__Bacteria; p__Cyanobacteria; c__4C0d-2; o__MLE1-12; f__; g__; s__	1.0
78b274a5246c6dc5d8902779a6d0b67d	k__Bacteria; p__Proteobacteria; c__Alphaproteobacteria; o__Rickettsiales; f__; g__; s__	0.9
f8fa0b71a7cd916226d8d9ccda41e05c	k__Bacteria; p__Cyanobacteria; c__Oscillatoriophycideae; o__Chroococcales; f__Xenococcaceae; g__Xenococcus; s__	0.6
79bf9698eb6f8094905fa1d2ef7dc3a3	k__Bacteria; p__Proteobacteria; c__Alphaproteobacteria; o__Sphingomonadales; f__Sphingomonadaceae; g__Zymomonas; s__	0.6
4e15538d8c109c26b44ed21897175b33	k__Bacteria; p__Proteobacteria; c__Deltaproteobacteria; o__Myxococcales; f__; g__; s__	1.0
15a77fc615e67b5e35ce05de57b35c13	k__Bacteria; p__Cyanobacteria; c__Synechococcophycideae; o__Pseudanabaenales; f__Pseudanabaenaceae; g__Pseudanabaena; s__	1.0
6c0176055b17dad80cfcc89989aca315	k__Bacteria; p__Cyanobacteria; c__Synechococcophycideae; o__Pseudanabaenales; f__Pseudanabaenaceae	0.6
4b1c801fe3b1754e18e8fa0dd8071478	k__Bacteria; p__TM6; c__SJA-4; o__; f__; g__; s__	1.0
f25a5c9df94012b4f43de0d6a356cd09	k__Bacteria; p__Proteobacteria; c__Deltaproteobacteria; o__Myxococcales; f__Myxococcaceae; g__Anaeromyxobacter; s__	1.0
8bd17e0a275d6244770ea4c8bfde6cd9	k__Bacteria; p__Firmicutes; c__Clostridia; o__Clostridiales	0.8
058c57afc6a9289e73bb85d1a4c9669e	k__Bacteria; p__Proteobacteria; c__Deltaproteobacteria; o__; f__; g__; s__	1.0
b3410883d925058cb39726cfcb7c6ba6	k__Bacteria; p__Firmicutes; c__Clostridia; o__Clostridiales; f__Ruminococcaceae; g__; s__	1.0
5e04f565185cf76f2d7a5e3c2f16775e	k__Bacteria; p__Proteobacteria; c__Deltaproteobacteria; o__Spirobacillales; f__; g__; s__	1.0
05c1c8bf09b791577a5fc52f8d492e23	k__Bacteria; p__Bacteroidetes; c__Bacteroidia; o__Bacteroidales; f__; g__; s__	1.0
bba0a95cb65288b9951fc8883afec602	k__Bacteria; p__Proteobacteria	0.8
d8f32236786c228ea312968a38aba9ae	k__Bacteria; p__Firmicutes; c__Clostridia; o__Clostridiales; f__Veillonellaceae	1.0
be1125f7ffe6f2b53a95a07d9d5473e7	k__Bacteria; p__Firmicutes; c__Bacilli; o__Lactobacillales; f__Carnobacteriaceae; g__Desemzia; s__	0.6
07e64464203285a2fd44640bcea54345	k__Bacteria; p__Proteobacteria; c__Alphaproteobacteria; o__Rhizobiales; f__Hyphomicrobiaceae; g__Hyphomicrobium; s__	0.6
e8c946dd587ace4cf2ad88a159f46249	k__Bacteria; p__Gemmatimonadetes; c__Gemmatimonadetes; o__Gemmatimonadales; f__A1-B1; g__; s__	0.8
39a483758e6511845cff3e82865c9404	k__Bacteria; p__Cyanobacteria; c__Synechococcophycideae; o__Synechococcales; f__Chamaesiphonaceae; g__; s__	0.6
03739d7a4a4d688475fc82f19de866cb	k__Bacteria; p__Proteobacteria; c__Alphaproteobacteria; o__Rhodobacterales; f__Rhodobacteraceae; g__Rhodobacter; s__	0.7
3d8a8f29e9ecdf14d8428d3bc92779f0	k__Bacteria; p__Proteobacteria	0.6
b01be8d2ec07496a80b91e9a136d9c3b	k__Bacteria; p__SR1; c__; o__; f__; g__; s__	1.0
64e88e32cc5e1f5da913dd39fa6e0cde	k__Bacteria; p__Bacteroidetes; c__Sphingobacteriia; o__Sphingobacteriales; f__; g__; s__	0.8
7dea33a86af7c0bbd0986cedbb5e5698	k__Bacteria; p__Bacteroidetes; c__Flavobacteriia; o__Flavobacteriales; f__Cryomorphaceae; g__; s__	0.8
eb6688533e431bcc665af820469d08fd	Unassigned	0.0
bca07fef9b9c1c0fc7e7ebc375dc89c5	k__Bacteria; p__Chlorobi; c__OPB56; o__; f__; g__; s__	0.9
5c2cc34a6f674c18dfcd972eba400d79	k__Bacteria; p__Firmicutes; c__Clostridia; o__Clostridiales	0.9
338448b14d16fcc81f5d5789a3cb5cda	k__Bacteria; p__Proteobacteria; c__Alphaproteobacteria; o__Rhizobiales; f__; g__; s__	0.9
65149d575e260daa5219b921eef22df4	k__Bacteria; p__Proteobacteria; c__Alphaproteobacteria; o__Rhizobiales	1.0
64e0941ef79517f97e4d48e93698e2c4	k__Bacteria; p__Bacteroidetes; c__[Saprospirae]; o__[Saprospirales]; f__Saprospiraceae; g__; s__	1.0
d6721f3422e27f4d993f469b4c9cbd0c	k__Bacteria; p__Proteobacteria; c__Alphaproteobacteria; o__Caulobacterales; f__Caulobacteraceae; g__Phenylobacterium; s__	0.7
bb3a30950639740b71f8dc8c58a9700e	k__Bacteria; p__Proteobacteria; c__Alphaproteobacteria; o__Rhodobacterales; f__Rhodobacteraceae; g__Rhodobacter; s__	0.9
cd101e720135b5bf88343ba7c374d827	k__Bacteria; p__Proteobacteria; c__Gammaproteobacteria; o__Pseudomonadales; f__Pseudomonadaceae; g__Pseudomonas; s__alcaligenes	0.7
c8ae2b9e3948f8f817e0ed343d954bf5	k__Bacteria; p__Proteobacteria; c__Betaproteobacteria; o__Neisseriales; f__Neisseriaceae	0.6363636363636364
ee94d99e72f5e9ccbd231d5082bcdf29	k__Bacteria; p__Actinobacteria; c__Acidimicrobiia; o__Acidimicrobiales; f__; g__; s__	1.0
9568324074bac2bfd1939f7c9e0fe79e	k__Bacteria; p__Bacteroidetes; c__Flavobacteriia; o__Flavobacteriales; f__Flavobacteriaceae; g__Flavobacterium; s__succinicans	1.0
48025e33422b7341015e6f990c247cdf	k__Bacteria; p__Chlorobi; c__BSV26; o__PK329; f__; g__; s__	1.0
0c375ef6a253736ed7b0226c17c28d84	k__Bacteria; p__Cyanobacteria; c__Synechococcophycideae; o__Synechococcales; f__Synechococcaceae; g__Synechococcus; s__	1.0
5d03f6e8143186d12c0afb0222eaa094	k__Bacteria; p__Bacteroidetes; c__Bacteroidia; o__Bacteroidales; f__Rikenellaceae; g__; s__	0.8
103d17399cd871f8e267a828b1e5a3ed	k__Bacteria; p__Firmicutes; c__Clostridia; o__Clostridiales	0.9
93195e9df148c2bf77aafeb0a5370d09	k__Bacteria; p__Planctomycetes; c__Planctomycetia; o__Pirellulales; f__Pirellulaceae; g__; s__	1.0
5bc596ef5b7da845c9476db59fa655e9	k__Bacteria; p__Proteobacteria; c__TA18; o__PHOS-HD29; f__; g__; s__	1.0
934d1df740bf803f48e3fd98e48df30f	k__Bacteria; p__Proteobacteria; c__Deltaproteobacteria; o__Myxococcales; f__OM27; g__; s__	1.0
0820450266d43ca181ff866ecc75854e	k__Bacteria; p__Proteobacteria; c__Betaproteobacteria; o__Rhodocyclales; f__Rhodocyclaceae; g__Propionivibrio; s__	0.9
75078ab7d51f798b2a0f4d2f9c3f5fe2	k__Bacteria; p__Cyanobacteria; c__Chloroplast; o__Streptophyta; f__; g__; s__	1.0
5d0d914c2a7c5c55c798b06f68366622	k__Bacteria; p__Bacteroidetes; c__Bacteroidia; o__Bacteroidales	0.9
ca0ffe563f06acbd5d538cc9466402d7	k__Bacteria; p__Proteobacteria; c__Gammaproteobacteria; o__Aeromonadales; f__Aeromonadaceae; g__; s__	0.8
4cb8f2d0b0ce6f82469f2a88fc33cf0f	k__Bacteria; p__Proteobacteria; c__Betaproteobacteria; o__Methylophilales; f__Methylophilaceae; g__; s__	0.8
b8fbea748ab63b5174885f40b8fa5339	k__Bacteria; p__Proteobacteria; c__Betaproteobacteria; o__Burkholderiales; f__Comamonadaceae	1.0
1d543d171974f42c366fe460fcc8ff0e	k__Bacteria; p__Proteobacteria; c__Gammaproteobacteria	1.0
54aeb0803130018f1234752606cd5852	Unassigned	0.0
51883f5dda0e2a62050e46777162d49c	k__Bacteria; p__Chlorobi; c__OPB56; o__; f__; g__; s__	1.0
24a1912851b983b6ddadc41635113595	k__Bacteria; p__Planctomycetes; c__Planctomycetia; o__Gemmatales; f__Gemmataceae; g__Gemmata; s__	1.0
154b255efe204fca1f6eab8ba46402d4	k__Bacteria; p__Gemmatimonadetes; c__Gemmatimonadetes	1.0
ac5aab8ed2ffe7398ed9e1c17180ce27	k__Bacteria; p__Proteobacteria; c__TA18; o__CV90; f__; g__; s__	1.0
dfaef00a5c5d608f97d511594bad7864	k__Bacteria; p__Proteobacteria; c__Deltaproteobacteria; o__Desulfovibrionales; f__Desulfovibrionaceae; g__; s__	1.0
bae14518dd5d616587a6d5896486dd97	k__Bacteria; p__Actinobacteria; c__Actinobacteria; o__Actinomycetales; f__ACK-M1; g__; s__	1.0
b66b534a32c5275de63c4e6ac76b4c06	k__Bacteria; p__Proteobacteria; c__Betaproteobacteria; o__Ellin6067; f__; g__; s__	1.0
cfbbd4065072513328735a9958ec268c	k__Bacteria; p__Proteobacteria; c__Alphaproteobacteria; o__Rhodospirillales; f__Rhodospirillaceae; g__; s__	0.7
26960e8ada584d6e027b2f616b5cb95d	k__Bacteria; p__Bacteroidetes; c__Sphingobacteriia; o__Sphingobacteriales; f__; g__; s__	1.0
4716f6c23e001945feda498b2614ee05	k__Bacteria; p__Proteobacteria; c__Gammaproteobacteria; o__Pseudomonadales; f__Pseudomonadaceae; g__Pseudomonas; s__	0.8
edf14c0d3b06e86da31c6cf0d1e2991c	k__Bacteria; p__Proteobacteria; c__Alphaproteobacteria; o__Rickettsiales; f__Rickettsiaceae; g__; s__	1.0
18e066368a6d6d99499402baf62465b5	k__Bacteria; p__Actinobacteria; c__Actinobacteria; o__Actinomycetales; f__ACK-M1; g__; s__	0.9
c5877cbdd244f8d8f122debe142e71e4	k__Bacteria; p__Firmicutes; c__Clostridia; o__Clostridiales	1.0
ac93e248a1328bbb031fed4ffee8537c	k__Bacteria; p__Bacteroidetes; c__[Saprospirae]; o__[Saprospirales]; f__Saprospiraceae; g__; s__	1.0
41c93ada0e7d874d83b1c56a0eb1b276	k__Bacteria; p__OP3; c__koll11; o__; f__; g__; s__	1.0
740b1179a184e2ba4b697fc8d25ebd6f	k__Bacteria; p__Proteobacteria; c__Alphaproteobacteria; o__Rhodobacterales; f__Rhodobacteraceae; g__; s__	0.7
5596d960ac31b6dac8851e2c691e42df	k__Bacteria; p__Gemmatimonadetes; c__Gemmatimonadetes; o__; f__; g__; s__	1.0
16e21f900a8beae2048fbee6092f71ad	k__Bacteria; p__Proteobacteria; c__Deltaproteobacteria; o__Desulfuromonadales; f__Desulfuromonadaceae; g__; s__	0.8
eb123db4922f8bfb2c3a9ca1deb4c85c	k__Bacteria; p__Proteobacteria; c__Betaproteobacteria; o__Burkholderiales	0.9
09a4287c45cc7b4998c29858951af068	k__Bacteria; p__Actinobacteria; c__Actinobacteria; o__Actinomycetales; f__Microbacteriaceae; g__; s__	0.8
5eaae503c29e0c47163d43f37069cfc3	k__Bacteria; p__Firmicutes; c__Clostridia; o__Clostridiales; f__Ruminococcaceae; g__; s__	0.8
82be78c0a45effbc7ba611936f877cb0	k__Bacteria; p__Proteobacteria; c__Gammaproteobacteria; o__Legionellales; f__Legionellaceae; g__; s__	0.6
09d8ccaab5ffba40b407cc5b1c7da15e	k__Bacteria; p__Cyanobacteria; c__Chloroplast; o__Euglenozoa; f__; g__; s__	0.7
1d5ad6eb0ff9d24da0035b301abcb361	k__Bacteria; p__Proteobacteria; c__Deltaproteobacteria; o__Bdellovibrionales; f__Bdellovibrionaceae; g__Bdellovibrio; s__	1.0
65be11df6b83cefe8dd8f94a24bdeeb8	Unassigned	0.0
0a01aa7e3295a4637c01aae0c0b43e58	k__Bacteria; p__Verrucomicrobia; c__[Pedosphaerae]; o__[Pedosphaerales]; f__; g__; s__	1.0
8abcdd4798e5560f4fb4c2a70060ba72	k__Bacteria; p__Verrucomicrobia; c__Opitutae; o__Opitutales; f__Opitutaceae; g__; s__	1.0
c45e43088c878460fd19d9a80e38b906	k__Bacteria; p__Verrucomicrobia; c__Verrucomicrobiae; o__Verrucomicrobiales; f__Verrucomicrobiaceae; g__; s__	1.0
1309c819aca3feffdd1daade55f2f7e1	k__Bacteria; p__Proteobacteria; c__Deltaproteobacteria; o__Bdellovibrionales; f__Bdellovibrionaceae; g__Bdellovibrio; s__	1.0
a17edb8b7eeccca1f2a335a16e2d14da	k__Bacteria; p__Proteobacteria; c__Alphaproteobacteria; o__Rhizobiales; f__; g__; s__	1.0
cbecda90490a97c856204539e97ee9f1	k__Bacteria; p__Proteobacteria; c__Gammaproteobacteria; o__Alteromonadales; f__Alteromonadaceae; g__Cellvibrio; s__	1.0
27a2c603d8d788fd292c4a218a10b3d6	k__Bacteria; p__Proteobacteria; c__Alphaproteobacteria; o__Rhizobiales; f__Rhizobiaceae	0.7
b7d96b00e28f06fc06977a6976f44cd8	k__Bacteria; p__Bacteroidetes; c__Cytophagia; o__Cytophagales; f__Cytophagaceae; g__Leadbetterella; s__	1.0
cdb92be1abeb5eb6b1b636da1e61f72e	k__Bacteria; p__Planctomycetes; c__Planctomycetia; o__Gemmatales; f__Gemmataceae; g__Gemmata; s__	1.0
a58d1a5720ff9f66cc0ad4a98500e9a0	k__Bacteria; p__OD1; c__ZB2; o__; f__; g__; s__	1.0
ea64c10be7677fad254bc1cc04e3ffdc	k__Bacteria; p__Cyanobacteria; c__Chloroplast; o__Stramenopiles; f__; g__; s__	1.0
997c1b178691c49d166fdae601de17ee	k__Bacteria; p__Proteobacteria; c__Alphaproteobacteria; o__Rhodospirillales; f__Acetobacteraceae; g__; s__	0.6
f8b5094e10b2e9fdbefba68d3b3b97d8	k__Bacteria; p__Bacteroidetes; c__Sphingobacteriia; o__Sphingobacteriales; f__Sphingobacteriaceae; g__Sphingobacterium; s__multivorum	1.0
b2045fe6e9fc5e6f09ec5a41da1c90a2	k__Bacteria; p__Gemmatimonadetes; c__Gemmatimonadetes; o__Gemmatimonadales; f__Gemmatimonadaceae; g__Gemmatimonas; s__	1.0
2dda78edc83471ce2a251dc20ea9cf6d	k__Bacteria; p__Proteobacteria; c__Alphaproteobacteria; o__Rhizobiales; f__; g__; s__	1.0
74f760bcb2e99e0e666e5e8fee7d7a4e	k__Bacteria; p__Proteobacteria; c__Deltaproteobacteria; o__Bdellovibrionales; f__Bacteriovoracaceae; g__Bacteriovorax; s__	0.6
9aa1b72dc8978b77a3456c3b1175734f	k__Bacteria; p__Proteobacteria; c__Deltaproteobacteria; o__Syntrophobacterales; f__Syntrophobacteraceae; g__; s__	0.8
6c3de2597726c22077d7319319c29577	k__Bacteria; p__Proteobacteria; c__Deltaproteobacteria; o__Spirobacillales; f__; g__; s__	1.0
ab33f0c016ebbd883bc87d7cf3bdd841	k__Bacteria; p__Proteobacteria; c__Betaproteobacteria; o__SBla14; f__; g__; s__	0.7
db6da9808baf343b8c7b47b4fe6b8e49	k__Bacteria; p__Firmicutes; c__Clostridia; o__Clostridiales; f__Lachnospiraceae; g__Roseburia; s__	0.9
015a29d15aa102e3489bb575245af3a0	k__Bacteria; p__Cyanobacteria; c__Oscillatoriophycideae; o__Chroococcales; f__Cyanobacteriaceae; g__Cyanobacterium; s__	1.0
ad863aaa9c56d9825002b1bd2d3ee0bc	k__Bacteria; p__Proteobacteria; c__Alphaproteobacteria; o__Rhodospirillales; f__Rhodospirillaceae; g__; s__	0.8
0ca31c4edfa0b4d57e2884854d084061	Unassigned	0.0
21fec854d92717bb3ecd90944725febc	k__Bacteria; p__Proteobacteria	1.0
80ad5b9c74997b4ee62fd8bc6f2276b0	k__Bacteria; p__OD1; c__; o__; f__; g__; s__	1.0
c9e4a6c8874afefaf4466a947e57f28e	k__Bacteria; p__Verrucomicrobia; c__Opitutae; o__Opitutales; f__Opitutaceae; g__Opitutus; s__	0.9
22eec8aded59b9502fddb67fe997055f	k__Bacteria; p__Verrucomicrobia; c__[Pedosphaerae]; o__[Pedosphaerales]; f__R4-41B; g__; s__	0.6
b3cd858e08e349dad887a0ad8f85d449	k__Bacteria; p__Chloroflexi; c__Thermomicrobia; o__JG30-KF-CM45; f__; g__; s__	1.0
f36d9695ec6e3ab31766c1b1fa416abc	k__Bacteria; p__Planctomycetes; c__Planctomycetia; o__Gemmatales; f__Gemmataceae; g__Gemmata; s__	1.0
7fc198caa0f02c631f94a5a536f4bb5d	k__Bacteria; p__Chlamydiae; c__Chlamydiia; o__Chlamydiales; f__Parachlamydiaceae	0.6
00f94e2adef36fd4e474ce884996b7dd	k__Bacteria; p__Proteobacteria; c__Betaproteobacteria; o__Burkholderiales; f__Oxalobacteraceae	0.8
471090bf99019fbfcbd92f69a9b6e00d	k__Bacteria; p__Planctomycetes; c__Planctomycetia; o__Planctomycetales; f__Planctomycetaceae; g__Planctomyces; s__	1.0
ccdfcb4f8168e633790d050275b22ce3	k__Bacteria; p__Proteobacteria; c__Betaproteobacteria; o__Burkholderiales; f__Comamonadaceae	1.0
f7cc58361976938047f9b32069c3a90a	k__Bacteria; p__Proteobacteria; c__Betaproteobacteria; o__Burkholderiales; f__Comamonadaceae	0.9
dfdc5f13e3c5bcaec7dbae2db9007c77	k__Bacteria; p__Cyanobacteria; c__Chloroplast; o__Chlorophyta; f__Chlamydomonadaceae	0.6
74b00ece360833ac3f4faa20a4ef526a	k__Bacteria; p__Bacteroidetes; c__[Saprospirae]; o__[Saprospirales]; f__Chitinophagaceae; g__; s__	0.9
fbb3f4b7e4892855fb14583c7896aa6e	k__Bacteria; p__Chloroflexi; c__Anaerolineae; o__SBR1031; f__A4b; g__; s__	0.9
4160ed66c99959b5e797c3abaacb44f7	k__Bacteria; p__Planctomycetes; c__Planctomycetia; o__Pirellulales; f__Pirellulaceae; g__; s__	1.0
d3afd74a9d815aa1b469dad7bd3f6f1b	k__Bacteria; p__Proteobacteria; c__Gammaproteobacteria; o__Xanthomonadales; f__Xanthomonadaceae; g__; s__	1.0
2404420247d90d645e67af8d6feb55c1	k__Bacteria; p__Firmicutes; c__Clostridia; o__Clostridiales; f__Ruminococcaceae; g__; s__	0.6
434953519008cd1866c430cc4c294ce8	k__Bacteria; p__OP3; c__BD4-9; o__; f__; g__; s__	1.0
550b7fb9cd0eb63620dac20ca08ca20c	k__Bacteria; p__Proteobacteria; c__Deltaproteobacteria; o__Desulfovibrionales; f__Desulfovibrionaceae; g__; s__	1.0
92149b1837cf0ce32f098e36ce34f35b	Unassigned	0.0
3c5b9c96b63bc4085dffccabbbad85ed	k__Bacteria; p__Proteobacteria; c__Alphaproteobacteria; o__Rickettsiales; f__mitochondria; g__Phytophthora	0.6
9fdb07937902182b261a4c455c3d58ab	k__Bacteria; p__Proteobacteria; c__Betaproteobacteria; o__Burkholderiales; f__Comamonadaceae	1.0
51627481870fdedd0d7270a31cd7f478	k__Bacteria; p__Bacteroidetes; c__Bacteroidia; o__Bacteroidales; f__[Paraprevotellaceae]; g__Paraprevotella; s__	0.6
165160701f31e7075b1d7add262e51b2	k__Bacteria; p__Verrucomicrobia; c__Verrucomicrobiae; o__Verrucomicrobiales; f__Verrucomicrobiaceae; g__Prosthecobacter; s__	0.8
8bdb87cc497b45d73ccab7b4ff6ef0fa	k__Bacteria; p__Proteobacteria; c__Gammaproteobacteria; o__Thiotrichales; f__Piscirickettsiaceae	0.6
6a26fc5b5ec89d22b44e1a975c5617ab	k__Bacteria; p__Proteobacteria; c__Deltaproteobacteria; o__Bdellovibrionales; f__Bacteriovoracaceae; g__; s__	1.0
2d36db9bcb8c0063522a6bdb01c4b974	k__Bacteria; p__Proteobacteria; c__Alphaproteobacteria; o__Rhodospirillales	0.8
9f0d83cfcb4820e0bb072538e50f837e	k__Bacteria; p__Planctomycetes; c__Planctomycetia; o__Planctomycetales; f__Planctomycetaceae; g__Planctomyces; s__	1.0
256be1137e9d22687cfd42a9e494b48b	k__Bacteria; p__Spirochaetes; c__Spirochaetes; o__Spirochaetales; f__Spirochaetaceae; g__Spirochaeta; s__aurantia	1.0
9b44ac2d55d65fec06d35bb3e4bee8e5	k__Bacteria; p__Proteobacteria; c__Gammaproteobacteria; o__Xanthomonadales; f__Xanthomonadaceae; g__Dokdonella; s__	0.7
d3dceff320c749139fda712aa77180f9	k__Bacteria	1.0
9442d130f36b26bfb38b886f6c9ff131	Unassigned	0.0
6de6ad10dcaa88bcd504351adba61461	k__Bacteria; p__Proteobacteria; c__Alphaproteobacteria; o__Sphingomonadales; f__Sphingomonadaceae; g__Novosphingobium; s__	0.9
a7120d3d6548ff34059e0d48d854299a	k__Bacteria; p__Bacteroidetes; c__Bacteroidia; o__Bacteroidales; f__Porphyromonadaceae; g__Paludibacter; s__	0.7
b39ced6f156fc8370721a5dc2b74da03	k__Bacteria; p__Actinobacteria; c__Acidimicrobiia; o__Acidimicrobiales; f__; g__; s__	0.6
3b09323e2e6f7daeccbf85a3db558e0a	k__Bacteria; p__Proteobacteria; c__Alphaproteobacteria; o__Caulobacterales; f__Caulobacteraceae; g__; s__	1.0
106ab39775e010bb87de5b3fecb4f2e6	k__Bacteria; p__Cyanobacteria; c__; o__; f__; g__; s__	0.7
d704303fb37a3e058370447a651ebda1	k__Bacteria; p__Proteobacteria; c__Deltaproteobacteria; o__Bdellovibrionales; f__Bacteriovoracaceae; g__; s__	0.6
06f265c2d48fe877f6bdb55c3ff9fdc5	k__Bacteria; p__Chlorobi; c__OPB56; o__; f__; g__; s__	1.0
2151a743680415760ec61aa8180a6b88	k__Bacteria; p__Proteobacteria; c__Gammaproteobacteria; o__Methylococcales; f__Crenotrichaceae; g__Crenothrix; s__	0.7
ac3baae9cfd997c620a195810ddd4e42	k__Bacteria; p__Proteobacteria; c__Gammaproteobacteria; o__Alteromonadales; f__[Chromatiaceae]; g__Rheinheimera; s__	0.9
fcbfc2540dec027607171c61d899c4b9	k__Bacteria; p__Acidobacteria; c__[Chloracidobacteria]; o__PK29; f__; g__; s__	1.0
3315e2505ee1422c259acfecc4746a72	k__Bacteria; p__Verrucomicrobia; c__[Spartobacteria]; o__[Chthoniobacterales]; f__[Chthoniobacteraceae]; g__; s__	0.8
54daecc1dec9b0461c19596d31972540	k__Bacteria; p__TM6; c__SJA-4; o__; f__; g__; s__	1.0
7e283658e8b816f204ca44c22c558f83	k__Bacteria; p__TM6; c__SJA-4; o__; f__; g__; s__	0.7
5f290628212a547ea1e3b5c9b8b58f70	k__Bacteria; p__Proteobacteria; c__Deltaproteobacteria; o__Myxococcales; f__; g__; s__	1.0
7c0517535b9e6c7fb0683cacb9ce8e48	k__Bacteria; p__Proteobacteria; c__Alphaproteobacteria; o__Rhodobacterales; f__Rhodobacteraceae; g__Paracoccus	0.8
55e295de0a3cced565b7a71b1a10fb2b	k__Bacteria; p__Planctomycetes; c__Planctomycetia; o__Pirellulales; f__Pirellulaceae; g__; s__	0.9
015734675be2b92284037a8d8b34b2ef	k__Bacteria; p__Bacteroidetes; c__Flavobacteriia; o__Flavobacteriales; f__Cryomorphaceae; g__; s__	1.0
fd68a250e48aac46964a8f9bf094bdee	k__Bacteria; p__Actinobacteria; c__Acidimicrobiia; o__Acidimicrobiales; f__C111; g__; s__	1.0
8134d1dda67b023aa4d0e05a6f0d4af8	k__Bacteria; p__Proteobacteria; c__Alphaproteobacteria; o__Sphingomonadales; f__Sphingomonadaceae; g__Sphingomonas	0.7
b5a36a08945829424e0634b3ff5483e4	k__Bacteria; p__Proteobacteria; c__Gammaproteobacteria; o__Legionellales; f__Coxiellaceae; g__; s__	1.0
3be7143d8356820f4ef697b9fefad33a	k__Bacteria; p__Fusobacteria; c__Fusobacteriia; o__Fusobacteriales; f__Fusobacteriaceae; g__Cetobacterium; s__somerae	1.0
34d4a5a9a5d79e1193127bd10130fe11	k__Bacteria; p__Proteobacteria; c__Alphaproteobacteria; o__Sphingomonadales; f__Sphingomonadaceae	0.6
bd1af19a32af22376d6515e172af5a2e	k__Bacteria; p__Bacteroidetes; c__Sphingobacteriia; o__Sphingobacteriales; f__Sphingobacteriaceae; g__Pedobacter; s__	0.6
d2847cd896f8bd9f43caf88a1e31c9a5	Unassigned	0.0
bc1d9ddd7e159d2ed72fab3eb84789fe	k__Bacteria; p__Proteobacteria; c__Betaproteobacteria	1.0
61ab9187ec6b550251494858d10063ac	k__Bacteria; p__Chlamydiae; c__Chlamydiia; o__Chlamydiales	0.9
750db20dd4bcc0d32ecbcd4f1e786bcb	k__Bacteria; p__Firmicutes; c__Clostridia; o__Clostridiales; f__Ruminococcaceae; g__; s__	0.6
086ea763df5174b5191dc361818ebded	k__Bacteria; p__Proteobacteria; c__Gammaproteobacteria; o__Methylococcales; f__Crenotrichaceae; g__Crenothrix; s__	1.0
9714577fe8dbd13aa003d0ee7cabacdc	k__Bacteria; p__Bacteroidetes; c__[Saprospirae]; o__[Saprospirales]; f__Saprospiraceae; g__; s__	1.0
39a0a49b5ef01865614e2d8a712cc6ca	k__Bacteria; p__Proteobacteria; c__Deltaproteobacteria; o__NKB15; f__; g__; s__	0.9
e63caef8985288572b208c8aefa36b41	k__Bacteria; p__Chloroflexi; c__Anaerolineae; o__SHA-20; f__; g__; s__	0.7
64ff241cd5e90d6128cfa3f09b3e172e	k__Bacteria; p__Bacteroidetes; c__[Saprospirae]; o__[Saprospirales]; f__Chitinophagaceae; g__; s__	1.0
534b5042dcf6cf6ab34afe723e76d4f9	k__Bacteria; p__Bacteroidetes; c__Flavobacteriia; o__Flavobacteriales; f__Flavobacteriaceae; g__Flavobacterium; s__	0.9
887fff0b54b18ead5678f4a1076e974a	k__Bacteria; p__Tenericutes; c__Mollicutes; o__Mycoplasmatales; f__Mycoplasmataceae	0.9
45533653ecae2503810830e1cff15c4f	k__Bacteria; p__Actinobacteria; c__Actinobacteria; o__Actinomycetales; f__Nocardiaceae; g__Rhodococcus; s__	1.0
01fb0a80e128885a9f3eb26b23d80b6a	k__Bacteria; p__Firmicutes; c__Clostridia; o__Clostridiales; f__Eubacteriaceae; g__Acetobacterium; s__	1.0
c36ec752c06f3fe8a829d397fe00fe0a	k__Bacteria; p__Proteobacteria; c__Alphaproteobacteria; o__Rhodospirillales; f__Rhodospirillaceae; g__; s__	0.9
953c362d0f142f46e06a05b51a9513fd	k__Bacteria; p__Bacteroidetes; c__[Saprospirae]; o__[Saprospirales]; f__Saprospiraceae; g__; s__	1.0
98c0ade104c29b18593cc4303fa44aed	k__Bacteria; p__Firmicutes; c__Clostridia; o__Clostridiales; f__Lachnospiraceae; g__; s__	0.6
3c0748a20c732246e169cdf262dfc8bc	k__Bacteria; p__Cyanobacteria; c__Synechococcophycideae; o__Synechococcales; f__Acaryochloridaceae	0.8
d2d76d5c3bc2d57fadfeb4f4396a9d7c	k__Bacteria; p__Proteobacteria; c__Gammaproteobacteria; o__Chromatiales; f__Chromatiaceae; g__; s__	0.6
4d1fc427597329e9c432a30dcdbc61cb	k__Bacteria; p__Bacteroidetes; c__Cytophagia; o__Cytophagales; f__Cytophagaceae; g__Emticicia; s__	1.0
b770783e357de8a020331d00d6a2fef3	k__Bacteria; p__Proteobacteria; c__Alphaproteobacteria; o__Rhizobiales; f__Rhizobiaceae; g__Rhizobium	0.7
3997cee46854e50ceec468912031f852	k__Bacteria; p__Firmicutes; c__Clostridia; o__Clostridiales; f__Peptococcaceae	0.8
387d3ff3cd5775e0211670ed2516117d	k__Bacteria; p__Proteobacteria; c__Alphaproteobacteria; o__Rickettsiales; f__mitochondria; g__; s__	0.7
a162a7eafe8f0a913f5fe07c6cd9545e	Unassigned	0.0
e1b996be19cc3144ae1e82ea0eab49bf	Unassigned	0.0
3967e84f8cc05a5d8ef0013c84ddc8ac	k__Bacteria; p__Proteobacteria; c__Alphaproteobacteria; o__Rickettsiales; f__mitochondria; g__; s__	1.0
74a193b614571de0644cb5529c0bbb1d	k__Bacteria; p__Proteobacteria; c__Alphaproteobacteria; o__BD7-3; f__; g__; s__	1.0
b44ae9fd8ffbae2decb1cf78c99042a1	k__Bacteria; p__Proteobacteria; c__Alphaproteobacteria; o__Rhodospirillales; f__Rhodospirillaceae; g__; s__	1.0
b70ea1e0062e94e0bb14697cde9607ce	k__Bacteria; p__Proteobacteria; c__Betaproteobacteria; o__Methylophilales; f__Methylophilaceae; g__; s__	0.7
cb6c33a975cdadd8716aa8168dde7c9b	k__Bacteria; p__Proteobacteria; c__Gammaproteobacteria; o__Legionellales	0.9
cdbbdd9d1de496564ede6e8f51291ea7	k__Bacteria; p__OP3; c__PBS-25; o__; f__; g__; s__	1.0
da3d1ccfda00a185549d320a2ead3483	Unassigned	0.0
3b707e06129bbf79db1b8d158eda530f	k__Bacteria; p__Proteobacteria; c__Gammaproteobacteria; o__Pseudomonadales; f__Moraxellaceae; g__Perlucidibaca; s__	0.9
8a85d686989d611d2b9f17c0668b15b6	Unassigned	0.0
8c3c05ec73614530fc0e86704604b4a6	k__Bacteria; p__Bacteroidetes	1.0
0fbed81588f408cc4453732d24ff087e	k__Bacteria; p__Proteobacteria; c__Deltaproteobacteria; o__Desulfobacterales; f__Desulfobulbaceae; g__Desulfobulbus; s__	0.6
fda71adbfde2cdbc341be2a7bd702e60	k__Bacteria; p__Proteobacteria; c__Alphaproteobacteria; o__; f__; g__; s__	1.0
aaefafa252192e6a37957c609d9d4e7c	Unassigned	0.0
e14afdf88844ce569cbd7e1ac52ae866	k__Bacteria; p__Bacteroidetes; c__Bacteroidia; o__Bacteroidales; f__; g__; s__	1.0
9325f11d4197a01147c84f13e43dfc1c	k__Bacteria; p__Bacteroidetes; c__Flavobacteriia; o__Flavobacteriales; f__[Weeksellaceae]; g__Chryseobacterium; s__	0.8
38516bf128f4d92602ded5041881db76	k__Bacteria; p__Proteobacteria; c__Deltaproteobacteria; o__Spirobacillales; f__; g__; s__	0.9
a65ed87617c19105d216043f533f3c8e	k__Bacteria; p__Bacteroidetes; c__[Saprospirae]; o__[Saprospirales]; f__Saprospiraceae; g__; s__	0.9
5454140bc656d17ee4519c975b95feb7	k__Bacteria; p__Cyanobacteria; c__Chloroplast; o__Euglenozoa; f__; g__; s__	1.0
b27eef158a8a0f3746003723b6f00318	k__Bacteria; p__Acidobacteria; c__Acidobacteria-6; o__iii1-15; f__mb2424; g__; s__	1.0
43a3b593616134da4f1107e2bb3392e6	k__Bacteria; p__Cyanobacteria; c__Chloroplast; o__Streptophyta; f__; g__; s__	1.0
565c88bd08031a5d723b25ef38f7e773	k__Bacteria; p__Planctomycetes; c__Planctomycetia; o__Pirellulales; f__Pirellulaceae; g__; s__	1.0
3a5cd7927c716d24087646d31c96c7e1	k__Bacteria; p__Bacteroidetes; c__[Saprospirae]; o__[Saprospirales]; f__Saprospiraceae; g__; s__	1.0
9c6ae7fb3cf8f6bd12f750b034f8a61e	k__Bacteria; p__Proteobacteria; c__Alphaproteobacteria; o__Rhodospirillales; f__Rhodospirillaceae; g__; s__	1.0
5f8b4b1d59e302b3665ae80240dac73f	k__Bacteria; p__Proteobacteria; c__Alphaproteobacteria; o__BD7-3; f__; g__; s__	1.0
1104667f808134b4b8250d4610f56c09	k__Bacteria; p__Firmicutes; c__Clostridia; o__Clostridiales; f__Lachnospiraceae; g__Epulopiscium; s__	1.0
229a8db1d0a667854ab4e31d378c1bd1	k__Bacteria; p__Proteobacteria; c__Gammaproteobacteria; o__Legionellales; f__Legionellaceae	1.0
683c6271e5a6cf6d4e22befeab0667d8	k__Bacteria; p__GN02; c__BD1-5; o__; f__; g__; s__	1.0
9374e195b44046b389db9e05bc973f5c	k__Bacteria; p__Proteobacteria; c__Alphaproteobacteria; o__Sphingomonadales; f__Erythrobacteraceae; g__; s__	0.6
9d1d4a785707300e0e09569d436d5fef	k__Bacteria; p__Proteobacteria; c__Deltaproteobacteria; o__Syntrophobacterales; f__Syntrophaceae; g__; s__	1.0
55320986e4ee90f33f85a904d8658b24	k__Bacteria; p__Cyanobacteria; c__Chloroplast; o__Stramenopiles; f__; g__; s__	1.0
dd29c5314db48337a050b3160755988d	k__Bacteria; p__Verrucomicrobia; c__Opitutae; o__Opitutales; f__Opitutaceae; g__Opitutus; s__	1.0
3ef1596403a8db007946f093fc3bf62e	k__Bacteria; p__Proteobacteria; c__Gammaproteobacteria; o__Alteromonadales; f__211ds20; g__; s__	1.0
e3504e21532643d756fe88f0c50f85cc	k__Bacteria; p__Planctomycetes; c__Planctomycetia; o__Gemmatales; f__Gemmataceae; g__; s__	1.0
b402813524ccdb89e353fa65e20ab587	k__Bacteria; p__Bacteroidetes; c__[Saprospirae]; o__[Saprospirales]; f__Chitinophagaceae; g__; s__	1.0
c128f85ed8d8aacdbeb98ff923b7219a	k__Bacteria; p__Planctomycetes; c__OM190; o__CL500-15; f__; g__; s__	1.0
e3eb0bce077b51746013b537dd173e48	k__Bacteria; p__Firmicutes; c__Clostridia; o__Clostridiales; f__Lachnospiraceae; g__; s__	0.7
d7740e98c7a3be46ebf936e99c9bfccb	k__Bacteria; p__Armatimonadetes; c__[Fimbriimonadia]; o__[Fimbriimonadales]	1.0
73834d0949b91db1a9af1f3857cd18a9	k__Bacteria; p__Chlamydiae; c__Chlamydiia; o__Chlamydiales; f__; g__; s__	0.6
52ba1c9c82b12267a1ea4e7063b2d34c	k__Bacteria; p__Acidobacteria; c__Acidobacteria-6; o__iii1-15; f__; g__; s__	1.0
a2c0df1a3bca9a45700230feda50b1aa	k__Bacteria; p__Proteobacteria; c__Alphaproteobacteria; o__Rhizobiales; f__; g__; s__	0.8
a3cbfbf6dc269c57d3290542243b0800	k__Bacteria; p__Proteobacteria; c__Betaproteobacteria; o__Burkholderiales; f__Comamonadaceae; g__; s__	0.8
135021c3a555616de8fa23470287bbbd	k__Bacteria; p__Bacteroidetes; c__Cytophagia; o__Cytophagales; f__Cytophagaceae; g__Leadbetterella; s__	1.0
62ee3748d663a4c58d790bcd69e0d62c	k__Bacteria; p__Proteobacteria; c__Alphaproteobacteria; o__Rhizobiales; f__Rhizobiaceae	0.7
04a192334bb6d039d51f78b3e373fb72	k__Bacteria; p__Proteobacteria; c__Alphaproteobacteria; o__Rhizobiales; f__Phyllobacteriaceae	0.9
5b1d4add70141430c655941c5a8a737b	k__Bacteria; p__Cyanobacteria; c__Chloroplast; o__Stramenopiles; f__; g__; s__	1.0
11ceecbf90fd849b19bfc909947f2ed0	k__Bacteria; p__Proteobacteria; c__Deltaproteobacteria; o__MBNT15; f__; g__; s__	1.0
2ad4e6ea5a86f550035b91195bdf327c	k__Bacteria; p__Proteobacteria; c__Alphaproteobacteria; o__Rickettsiales; f__mitochondria; g__Phytophthora	0.6
402b8503fb5074ac1ead2778d28c6ffe	k__Bacteria; p__Proteobacteria; c__Deltaproteobacteria; o__Spirobacillales; f__; g__; s__	1.0
0f9c44746c2eb22c79ca1ad2bb14aa81	k__Bacteria; p__Proteobacteria; c__Alphaproteobacteria; o__Rickettsiales; f__; g__; s__	1.0
bfc4ebac29c0d82b381ac7d43aad53b5	k__Bacteria; p__Cyanobacteria; c__Chloroplast; o__Streptophyta; f__; g__; s__	1.0
48f16b844c6383e43491bd2fef7d0af8	k__Bacteria; p__Cyanobacteria; c__Chloroplast; o__Stramenopiles; f__; g__; s__	1.0
c8c229269e5262235512e6cb91fa2d0c	k__Bacteria; p__Proteobacteria; c__Alphaproteobacteria; o__Rickettsiales; f__mitochondria; g__Phytophthora	0.6
e86661ae04c179bbc8b687b47aa4826a	k__Bacteria; p__GN02; c__BD1-5; o__; f__; g__; s__	1.0
cf483ef145206c7779e4ac442252b561	k__Bacteria; p__Proteobacteria; c__Betaproteobacteria; o__MND1; f__; g__; s__	0.7
ca7ce905800740a41c6443751c06ae8a	Unassigned	0.0
aff18052546a78748c40454499470a5d	k__Bacteria; p__Proteobacteria; c__Alphaproteobacteria; o__Sphingomonadales; f__Sphingomonadaceae; g__Novosphingobium; s__	0.6
646d32392f992913d886c99daef78286	k__Bacteria; p__Chlamydiae; c__Chlamydiia; o__Chlamydiales	1.0
aa455367dbd423ad0205990b0189f5d5	k__Bacteria; p__Proteobacteria; c__Alphaproteobacteria; o__Rhizobiales; f__Hyphomicrobiaceae; g__; s__	0.9
c27a3891389cc988bb08b423f0ee8bff	k__Bacteria; p__Proteobacteria; c__Deltaproteobacteria; o__Syntrophobacterales; f__Syntrophaceae; g__; s__	0.9
a122a4d011fe7653ab7da750e1a9c0bb	k__Bacteria; p__Proteobacteria; c__Alphaproteobacteria; o__Rickettsiales; f__; g__; s__	0.8
a0bddb5b654eb85e62cd1484f27ef5fb	k__Bacteria; p__Acidobacteria; c__Solibacteres; o__Solibacterales	1.0
f576c41cedd5448abc084fdb0d6a2335	k__Bacteria; p__Verrucomicrobia; c__Opitutae; o__[Cerasicoccales]; f__[Cerasicoccaceae]; g__; s__	1.0
303328317aa5bef8c972a90b30187672	k__Bacteria; p__Proteobacteria; c__Gammaproteobacteria; o__Methylococcales; f__Methylococcaceae; g__Methylomonas; s__	0.8
b531ea9aca10e55432a086b64063bfef	k__Bacteria; p__Planctomycetes; c__Planctomycetia; o__Pirellulales; f__Pirellulaceae; g__; s__	1.0
61073030c2a433698121052589d1ff19	k__Bacteria; p__Proteobacteria; c__Alphaproteobacteria; o__Rickettsiales; f__; g__; s__	1.0
96bda2a85275c4ba7621c08d6b8a9700	k__Bacteria; p__Proteobacteria; c__Betaproteobacteria; o__Burkholderiales; f__Comamonadaceae	0.9
d8e7e839d3dc6935325b02c003ec797e	k__Bacteria; p__Planctomycetes; c__Phycisphaerae; o__WD2101; f__; g__; s__	1.0
847dcef16008922bea5b4ad76f65ec28	k__Bacteria; p__Proteobacteria; c__Epsilonproteobacteria; o__Campylobacterales; f__Campylobacteraceae; g__Arcobacter; s__	1.0
2622170a362dcf8047398e48978844d8	k__Bacteria; p__Cyanobacteria; c__Nostocophycideae; o__Nostocales; f__Nostocaceae; g__Dolichospermum; s__	0.6
0416cabb90227a64a450cabc5255d3d9	k__Bacteria; p__Tenericutes; c__Mollicutes; o__Anaeroplasmatales; f__Anaeroplasmataceae; g__Anaeroplasma; s__	1.0
920153ab61eadce82b0f230019951d1a	k__Bacteria; p__Proteobacteria; c__Betaproteobacteria; o__Neisseriales; f__Neisseriaceae	1.0
216e87a07bbfe6f939b1344541eb2864	k__Bacteria; p__Cyanobacteria; c__Chloroplast; o__Streptophyta; f__; g__; s__	1.0
c0590c25dcae05b7ccdb473f46a633c7	k__Bacteria; p__Proteobacteria; c__Deltaproteobacteria; o__Myxococcales; f__Haliangiaceae; g__; s__	1.0
25fcf8c7bb9972e425a9fd8ff1918638	k__Bacteria; p__Spirochaetes; c__[Leptospirae]; o__[Leptospirales]; f__Leptospiraceae; g__Leptospira; s__	1.0
5b9311f8457c1b87a184217c5410f83b	k__Bacteria; p__Bacteroidetes; c__Cytophagia; o__Cytophagales; f__Cytophagaceae; g__Leadbetterella; s__	1.0
c4acaa0f7cf6c7c8de10d3314150e3db	k__Bacteria; p__Actinobacteria; c__Actinobacteria; o__Actinomycetales; f__ACK-M1; g__; s__	0.6
42c40196b40595791ab1574f3289ff98	k__Bacteria; p__Acidobacteria; c__[Chloracidobacteria]; o__RB41; f__Ellin6075; g__; s__	1.0
b1fb219016230fb3ebe2a229334815b0	k__Bacteria; p__Proteobacteria; c__Betaproteobacteria; o__Rhodocyclales; f__Rhodocyclaceae; g__Dechloromonas; s__	0.9
2bd3bbc922fb07b491461676f3be94e0	k__Bacteria; p__Proteobacteria; c__Betaproteobacteria; o__Burkholderiales; f__Alcaligenaceae; g__; s__	0.8
ce5bcd6fdec7b54242a577b72fa1f985	k__Bacteria; p__Proteobacteria; c__Alphaproteobacteria; o__Rickettsiales; f__; g__; s__	1.0
2669603ab69fe8edd14df23e30bdf172	k__Bacteria; p__Proteobacteria; c__Deltaproteobacteria; o__Myxococcales; f__; g__; s__	1.0
d774911224e67306dc78ad65fecf3a2e	k__Bacteria; p__Bacteroidetes; c__[Saprospirae]; o__[Saprospirales]; f__Saprospiraceae	1.0
aae22b3ec194ca54a86bbbd6a5d825ad	k__Bacteria; p__Bacteroidetes; c__[Saprospirae]; o__[Saprospirales]; f__Chitinophagaceae; g__; s__	1.0
73b1d29a2e67d92d6c2e8d5416445fd8	k__Bacteria; p__Actinobacteria; c__Actinobacteria; o__Actinomycetales; f__ACK-M1; g__; s__	1.0
340b1ccfe1ede8c82ef037a66138311d	k__Bacteria; p__Planctomycetes; c__Phycisphaerae; o__Phycisphaerales; f__; g__; s__	1.0
329837a6294227e0e23d73abae83877a	k__Bacteria; p__Proteobacteria; c__Alphaproteobacteria; o__BD7-3; f__; g__; s__	1.0
253e0f020785149a147ef7a0d33a98e2	k__Bacteria; p__Firmicutes; c__Clostridia; o__Clostridiales; f__Clostridiaceae; g__Clostridium; s__	0.6
389cfa635bec197ecab71b8dc5dae42e	k__Bacteria; p__OD1; c__SM2F11; o__; f__; g__; s__	1.0
720989acb31b342e5530a5b1b885ef87	k__Bacteria; p__Verrucomicrobia; c__[Methylacidiphilae]; o__Methylacidiphilales; f__LD19; g__; s__	0.6666666666666666
78fa17cbb3dc48a35741e5031c7b8953	k__Bacteria; p__Planctomycetes; c__Planctomycetia; o__Gemmatales; f__Isosphaeraceae; g__; s__	1.0
c9a0010dab9d4b2aba15c1eade4692c4	k__Bacteria; p__Proteobacteria; c__Alphaproteobacteria; o__Sphingomonadales; f__; g__; s__	0.7
a947da81efcb5b1ee69577a7608fb621	k__Bacteria; p__Bacteroidetes; c__Flavobacteriia; o__Flavobacteriales; f__[Weeksellaceae]; g__; s__	1.0
85ae65ca54fd505734aa719dac332775	k__Bacteria; p__SR1; c__; o__; f__; g__; s__	1.0
d1fcb2bcd9530e5d595d911b05e39391	k__Bacteria; p__Proteobacteria; c__Gammaproteobacteria; o__Methylococcales; f__Methylococcaceae	1.0
e2095adc8c3623cf11b5540ee150535f	k__Bacteria; p__Verrucomicrobia; c__Verrucomicrobiae; o__Verrucomicrobiales; f__Verrucomicrobiaceae; g__Prosthecobacter; s__	0.9
f12b30ef920504eb8e10a79889759b22	k__Bacteria; p__Firmicutes; c__Clostridia; o__Clostridiales; f__Lachnospiraceae; g__; s__	0.8
fe1bd801598be8d0429f02be85ccc75b	k__Bacteria; p__Proteobacteria; c__Gammaproteobacteria; o__Methylococcales; f__Methylococcaceae; g__; s__	0.6
16d0b6f8ddb57bb7aa2e80d2cb6e9188	k__Bacteria; p__Proteobacteria; c__Alphaproteobacteria; o__Rhodospirillales; f__Rhodospirillaceae; g__; s__	1.0
1da0a0960a9539910c1228d298230006	k__Bacteria; p__Proteobacteria; c__Betaproteobacteria; o__Neisseriales; f__Neisseriaceae; g__Aquitalea	0.6
af3439bd3408eba1a9f11ca915d0ea02	k__Bacteria; p__Firmicutes; c__Clostridia; o__Clostridiales; f__Clostridiaceae; g__; s__	1.0
bfb2c20fa6ba0732321a997a3ae05b8d	k__Bacteria; p__Cyanobacteria; c__Chloroplast; o__Stramenopiles; f__; g__; s__	1.0
7e41255e10ffd771f52bdb7144de84b3	k__Bacteria; p__Proteobacteria; c__TA18; o__PHOS-HD29; f__; g__; s__	1.0
91dafe18c4701a475c70ed363ef1e36e	k__Bacteria; p__Proteobacteria; c__Alphaproteobacteria; o__Rhizobiales; f__Rhizobiaceae; g__Agrobacterium; s__	1.0
9a6f2f097e979afd826cbf540dbf37d5	k__Bacteria; p__Cyanobacteria; c__Chloroplast; o__Chlorophyta	0.6
9e2d8cd599ad109e056620b66e62044c	k__Bacteria; p__Verrucomicrobia; c__[Pedosphaerae]; o__[Pedosphaerales]; f__; g__; s__	0.6
666577df7ecb4fad344d268efea145cc	k__Bacteria; p__Proteobacteria; c__Alphaproteobacteria; o__Rhodobacterales; f__Rhodobacteraceae; g__; s__	0.7
f66a2f745dd4691554cc872c05b1c2e2	k__Bacteria; p__Cyanobacteria; c__Chloroplast; o__Euglenozoa; f__; g__; s__	1.0
6379a2287473d6ceb360b4766e46dbfd	k__Bacteria; p__Planctomycetes; c__Planctomycetia; o__Pirellulales; f__Pirellulaceae; g__; s__	0.9
7a8e8702eea44925c10746c662bad048	k__Bacteria; p__Proteobacteria; c__Alphaproteobacteria; o__Rickettsiales; f__mitochondria; g__Bigelowiella; s__natans	1.0
cd87536c18bce9ac3bc1e1c30b59805e	k__Bacteria; p__Proteobacteria; c__Gammaproteobacteria; o__Vibrionales; f__Vibrionaceae; g__Vibrio; s__	0.5454545454545454
0cd0a22d43fff57c60689c79335505e8	k__Bacteria; p__Chloroflexi; c__Anaerolineae; o__SBR1031; f__A4b; g__; s__	0.9
33f5513bbe7024bf23365f64eba1866d	k__Bacteria; p__Cyanobacteria; c__4C0d-2; o__MLE1-12; f__; g__; s__	0.8
f8cc16b130cc2f03f894bdc5c3c1aaf1	k__Bacteria; p__Actinobacteria; c__Actinobacteria; o__Actinomycetales; f__; g__; s__	1.0
c1617a11bf24ffd088b537cb3a4d6437	k__Bacteria; p__Proteobacteria; c__Alphaproteobacteria; o__BD7-3; f__; g__; s__	0.6
db5b14953cec0df34eb7823cd567316b	k__Bacteria; p__Bacteroidetes; c__Bacteroidia; o__Bacteroidales	0.9
f56a6eba5c2d47c0eaf0f095166990a9	k__Bacteria; p__Actinobacteria; c__Acidimicrobiia; o__Acidimicrobiales; f__; g__; s__	1.0
0c253ca8d947af410c5ed72cf2cb9fa1	Unassigned	0.0
3a2aeb6b785558f717af3ebcb9c76f80	k__Bacteria; p__Proteobacteria; c__Deltaproteobacteria; o__Myxococcales; f__; g__; s__	1.0
830b6ba46a0a062e3676974671bb8519	k__Bacteria; p__Proteobacteria; c__Deltaproteobacteria	0.7
efc8b8acafce262a05b2527040d97595	k__Bacteria; p__Armatimonadetes; c__[Fimbriimonadia]; o__[Fimbriimonadales]; f__[Fimbriimonadaceae]	1.0
bb3010b800c3d644b178cae1760991a6	k__Bacteria; p__Proteobacteria; c__Alphaproteobacteria; o__Rhizobiales; f__Hyphomicrobiaceae; g__Rhodoplanes; s__	1.0
f0ece522a47309167a52eac79fc26736	k__Bacteria; p__Proteobacteria; c__Gammaproteobacteria; o__Xanthomonadales; f__Xanthomonadaceae; g__; s__	1.0
e373e179d9c0b0c39ffa6d3fcf76ef1e	k__Bacteria; p__Proteobacteria; c__Betaproteobacteria; o__Burkholderiales; f__Comamonadaceae	1.0
dc748404989dfbd90c41c26d4e3611db	k__Bacteria; p__Proteobacteria; c__Alphaproteobacteria; o__Rhodobacterales; f__Rhodobacteraceae; g__Rhodobacter; s__	1.0
e2a052ef1ced615c434ea64feca142f5	k__Bacteria; p__Chloroflexi; c__SL56; o__; f__; g__; s__	0.8
265e083432da555fa093622a02b2aabe	k__Bacteria; p__Proteobacteria	1.0
92088fe57a14cc0fec1031169c181439	k__Bacteria; p__Proteobacteria; c__Gammaproteobacteria; o__Xanthomonadales; f__Sinobacteraceae; g__; s__	1.0
0ce55de1a8d9f46cb97efeafc6dd5240	k__Bacteria; p__Cyanobacteria; c__Synechococcophycideae; o__Synechococcales; f__Synechococcaceae	0.7
233f10784900b8e336f237c508605eef	k__Bacteria; p__Cyanobacteria; c__4C0d-2; o__MLE1-12; f__; g__; s__	0.7
8fc7a4cc2b03bb8ecfff5a0c76c049ec	k__Bacteria; p__Chloroflexi; c__Anaerolineae; o__SBR1031; f__A4b; g__; s__	1.0
738539e67bae92c83aa509f81d666735	k__Bacteria; p__Proteobacteria; c__Gammaproteobacteria; o__Legionellales; f__Legionellaceae; g__Legionella; s__	0.7
2bd618136549618d86bf323283da2542	k__Bacteria; p__Proteobacteria	1.0
45d0183eb914bd73241b0c55f20cc40d	k__Bacteria; p__Proteobacteria; c__Gammaproteobacteria; o__Xanthomonadales; f__Sinobacteraceae; g__; s__	1.0
d9708c130dec81cde9870b76f4614bf0	k__Bacteria; p__Proteobacteria; c__Alphaproteobacteria; o__Rickettsiales; f__; g__; s__	1.0
c051800c115531ae4c9f868dc7dd8be1	k__Archaea; p__Euryarchaeota; c__Methanobacteria; o__Methanobacteriales; f__Methanobacteriaceae; g__; s__	0.9
c4c4668e0ad9c5021943dde1391dad91	k__Bacteria; p__Proteobacteria; c__Alphaproteobacteria; o__Rhizobiales; f__; g__; s__	1.0
fc291547a12b6cf1aeb8b193d06f572d	k__Bacteria; p__Actinobacteria; c__Actinobacteria; o__Actinomycetales; f__; g__; s__	1.0
bdbd5c5318adc36310d3eea488c7db10	k__Bacteria; p__Bacteroidetes; c__[Saprospirae]; o__[Saprospirales]; f__Saprospiraceae; g__; s__	1.0
221f031b2e08864dd966f8bf4de49c65	k__Bacteria; p__Proteobacteria; c__Alphaproteobacteria; o__Rhodospirillales; f__Acetobacteraceae	1.0
38b8fd2da02f99617714b56ccb98a3a3	k__Bacteria; p__Firmicutes; c__Clostridia; o__Clostridiales; f__Ruminococcaceae; g__; s__	0.6
fd85027b18f02c14ffaa99cd81a55292	Unassigned	0.0
9f4d2c44b407ac0cd333211ea2d443c1	k__Bacteria; p__Verrucomicrobia; c__Opitutae; o__Opitutales; f__Opitutaceae; g__Opitutus; s__	0.6
5f47c96509975312a8ae65ab85879aaf	k__Bacteria; p__Proteobacteria; c__Betaproteobacteria; o__; f__; g__; s__	0.9
0460ed52bcabcbbc53b69f6b338a52ac	k__Bacteria; p__Proteobacteria; c__Alphaproteobacteria; o__Rhizobiales; f__; g__; s__	0.6
fb7a13438cad8993cf36f63865dd60b1	k__Bacteria; p__Bacteroidetes; c__[Saprospirae]; o__[Saprospirales]; f__Saprospiraceae; g__; s__	1.0
0b3029e7a475e0195970b1d9837f829f	k__Bacteria; p__Actinobacteria; c__Actinobacteria; o__Actinomycetales; f__Microbacteriaceae; g__; s__	0.7
c1efe1d5e061ffa531c2c84259e3eb81	k__Bacteria; p__Firmicutes; c__Bacilli; o__Bacillales; f__Planococcaceae; g__Lysinibacillus; s__boronitolerans	1.0
489e3b82364418267d022a08224c2b24	k__Bacteria; p__Planctomycetes; c__Planctomycetia; o__Gemmatales; f__Gemmataceae; g__Gemmata	1.0
dbd2025704130cc31c0f5ec5749ae199	k__Bacteria; p__Proteobacteria; c__Epsilonproteobacteria; o__Campylobacterales; f__Helicobacteraceae; g__Sulfuricurvum; s__kujiense	1.0
711b15263018ad6700d479a74dc42eb6	k__Bacteria; p__Proteobacteria; c__Gammaproteobacteria; o__Legionellales; f__Legionellaceae	1.0
cdc1e850edcfcb254555409c8f478c16	k__Bacteria; p__Proteobacteria; c__Deltaproteobacteria; o__Desulfuromonadales; f__Geobacteraceae; g__Geobacter; s__	1.0
bc0fed8e485f963e28fffdedf7c7f5d1	k__Bacteria; p__Chloroflexi; c__Ellin6529; o__; f__; g__; s__	1.0
73826a23ba7eb371930cb60852498cc4	k__Bacteria; p__Proteobacteria; c__Alphaproteobacteria; o__Rhodobacterales; f__Rhodobacteraceae; g__Rhodobacter; s__	0.8
e5683411ac083250e5d2e7da9528fd17	k__Bacteria; p__Bacteroidetes; c__Flavobacteriia; o__Flavobacteriales; f__Cryomorphaceae; g__; s__	1.0
2b61363506712ce0bae5030b15d71d8a	Unassigned	0.0
c5aa350f163d42ea0a74492a6a36794a	k__Bacteria; p__Proteobacteria; c__Deltaproteobacteria; o__Bdellovibrionales; f__Bdellovibrionaceae; g__Bdellovibrio; s__	1.0
dd217779c28badd65493c977fe002710	k__Bacteria; p__Proteobacteria; c__Betaproteobacteria; o__MWH-UniP1; f__; g__; s__	1.0
f72ab9b8a2b45390ab9b067f7c18fbfb	k__Bacteria; p__Planctomycetes; c__Planctomycetia; o__Gemmatales; f__Gemmataceae; g__; s__	1.0
c2bfb9fb552c4e3769218be88f5baf55	k__Bacteria; p__Bacteroidetes; c__Cytophagia; o__Cytophagales; f__[Amoebophilaceae]; g__SC3-56; s__	0.6
a6f366c480113e3be4fb5523312f65cc	k__Bacteria; p__Bacteroidetes; c__Flavobacteriia; o__Flavobacteriales; f__Cryomorphaceae; g__; s__	0.6
91246463dab5637a74769714c598b3f9	k__Bacteria; p__Proteobacteria; c__Gammaproteobacteria; o__Methylococcales; f__Crenotrichaceae; g__Crenothrix; s__	0.7
28b8944f07b2e0b4667677807c7c412f	k__Bacteria; p__Proteobacteria; c__Betaproteobacteria; o__Burkholderiales; f__Oxalobacteraceae; g__; s__	1.0
3eb13d34164f69dc03eb78ce8652b230	k__Bacteria; p__Firmicutes; c__Erysipelotrichi; o__Erysipelotrichales; f__Erysipelotrichaceae	0.6
321ea95d53ad30c1e204fa01ec6a0e4a	k__Bacteria; p__TM7; c__TM7-1; o__; f__; g__; s__	1.0
98a3b4ed4b9c52387f5affb1b7c555bd	k__Bacteria; p__Proteobacteria; c__Gammaproteobacteria; o__Alteromonadales; f__Alteromonadaceae	0.75
c17cc693b57f80d1b30c3641bd31b27f	k__Bacteria; p__Proteobacteria; c__Deltaproteobacteria; o__Spirobacillales; f__; g__; s__	1.0
a821966d9cc3215ccf31f5655979a65f	k__Bacteria; p__Proteobacteria; c__Gammaproteobacteria; o__Pseudomonadales; f__Pseudomonadaceae	1.0
07c97619c897724287dd26883f892739	k__Bacteria; p__Bacteroidetes; c__Sphingobacteriia; o__Sphingobacteriales; f__Sphingobacteriaceae; g__; s__	0.8
0d23dafc28b349346957ffd5976a83c6	k__Bacteria; p__Actinobacteria; c__OPB41; o__; f__; g__; s__	1.0
3a49565ea589c96d4797c66134eaabfb	k__Bacteria; p__Proteobacteria; c__Deltaproteobacteria; o__Syntrophobacterales; f__Syntrophorhabdaceae; g__; s__	1.0
d9394db18c0c02319f50de807e7fbdae	k__Bacteria; p__Proteobacteria; c__Deltaproteobacteria; o__Desulfovibrionales; f__Desulfovibrionaceae; g__Desulfovibrio; s__	1.0
655c37a8d1ef45a3f7b65466ed88be7d	k__Bacteria; p__Firmicutes; c__Clostridia; o__Clostridiales; f__Clostridiaceae; g__Clostridium; s__	0.7
c3749bf966dc1a4a5dfa736fa9760dae	k__Bacteria; p__Proteobacteria; c__Alphaproteobacteria; o__Rhodospirillales; f__Rhodospirillaceae; g__; s__	0.9
f17697a6d2af7e8f861f68490a463ee9	k__Bacteria; p__WPS-2; c__; o__; f__; g__; s__	1.0
48775c0e5667b8d37fdb15a9a0db043e	k__Bacteria; p__Proteobacteria; c__Alphaproteobacteria; o__Rickettsiales; f__mitochondria	0.7142857142857143
eb2208b50d2043f802878c1dbc8d6140	k__Bacteria; p__Bacteroidetes; c__Cytophagia; o__Cytophagales; f__Cytophagaceae; g__Leadbetterella; s__	1.0
b0a5af08500b5fe9e521a35924bf5def	k__Bacteria; p__Proteobacteria; c__Gammaproteobacteria; o__Legionellales; f__Coxiellaceae; g__Aquicella; s__	1.0
0dafeefe5310a509362b43c40350be20	k__Bacteria; p__Proteobacteria; c__Alphaproteobacteria	1.0
45ca0552c5534d5077130ff02813a963	k__Bacteria; p__Proteobacteria; c__Betaproteobacteria; o__Rhodocyclales; f__Rhodocyclaceae	1.0
c031fc7f4cb3ef5d306aa42a5012bc9d	k__Bacteria; p__OD1; c__; o__; f__; g__; s__	0.8
62e067d3f0b0e430d5eae7af58ace786	k__Bacteria; p__OD1; c__; o__; f__; g__; s__	1.0
1811767d1c0dffb049b59d5606b8a881	k__Bacteria; p__Proteobacteria; c__Deltaproteobacteria; o__Desulfarculales; f__Desulfarculaceae; g__; s__	0.7
1dd8382aef7a2ef4123795eb59328cb2	Unassigned	0.0
656fc1022ca0708faf7c8c765d20a10d	k__Bacteria; p__Chloroflexi; c__Chloroflexi; o__Chloroflexales; f__Chloroflexaceae	0.6
968e0b9da790c0efc9c1fbfcec16786f	k__Bacteria; p__Proteobacteria; c__Alphaproteobacteria; o__Sphingomonadales; f__Sphingomonadaceae; g__; s__	0.7
6fc524c0154aafdf6ffb95148b7cb74c	k__Bacteria; p__Proteobacteria; c__TA18; o__CV90; f__; g__; s__	0.8
5e37d3ed73ece433bcc321b6189e7888	k__Bacteria; p__Proteobacteria; c__Gammaproteobacteria; o__Pseudomonadales; f__Moraxellaceae; g__Perlucidibaca; s__	0.7
96f42da8685a18be290d6058d2979db5	k__Bacteria; p__Planctomycetes; c__vadinHA49; o__DH61; f__; g__; s__	1.0
d6c1d22587a275e32418ec1eee63c6ff	k__Archaea; p__Euryarchaeota; c__Methanobacteria; o__Methanobacteriales; f__Methanobacteriaceae; g__; s__	0.9
0eb2b02dadb94a11d99d96bbe9973e58	k__Bacteria; p__Proteobacteria; c__Alphaproteobacteria; o__Rhodobacterales; f__Hyphomonadaceae; g__; s__	0.6
2bf7c362c1e397369fc1fe93eefb7ae2	k__Bacteria; p__TM7; c__TM7-1; o__; f__; g__; s__	1.0
48ad8d9c97ce3600b03cf34641f018e0	k__Bacteria; p__Proteobacteria; c__Betaproteobacteria; o__Burkholderiales; f__Comamonadaceae; g__; s__	0.9
5597146ca5b7fa551a8022722cf6a4bf	k__Bacteria; p__Proteobacteria; c__Gammaproteobacteria; o__Chromatiales; f__Ectothiorhodospiraceae; g__Halorhodospira; s__	0.8
3c6bcc4a44694b9af2d77ad42bca0fc6	k__Bacteria; p__Proteobacteria; c__Gammaproteobacteria; o__Alteromonadales; f__Alteromonadaceae; g__Cellvibrio; s__	1.0
da27c692c87aaeffab1c2721129895c3	k__Bacteria; p__Proteobacteria; c__Betaproteobacteria	1.0
39283a78a51b143e060aad9bfe4a6886	k__Bacteria; p__Bacteroidetes; c__[Saprospirae]; o__[Saprospirales]; f__Saprospiraceae; g__; s__	1.0
ebd5d3e0288c30663d92f866ceb311e4	k__Bacteria; p__OD1; c__SM2F11; o__; f__; g__; s__	0.8
9705efe995faafad018514acae3a550c	k__Bacteria; p__OD1; c__ZB2; o__; f__; g__; s__	1.0
c15ddeac888fb869c7826c36b0dc4ff3	k__Bacteria; p__Proteobacteria	0.6
3e3bb09f2d84c3e592a8923ee40c5b7b	k__Bacteria; p__Chloroflexi; c__Anaerolineae; o__SJA-15; f__; g__; s__	1.0
af6f4a5fd736d83185fcd2c8a01ec2c0	k__Bacteria; p__Cyanobacteria; c__4C0d-2; o__YS2; f__; g__; s__	1.0
321b7120d9bb92f62c3707eee5975a8d	k__Bacteria; p__Bacteroidetes; c__Flavobacteriia; o__Flavobacteriales; f__Flavobacteriaceae; g__Flavobacterium; s__	1.0
a0bcbe5f9e8b0ce3880a7433aa0cd97e	k__Bacteria; p__Proteobacteria; c__Gammaproteobacteria; o__Legionellales; f__; g__; s__	0.7
74ac3f49d2046ef92ef893c55649fd7c	k__Bacteria; p__Proteobacteria; c__Alphaproteobacteria; o__Caulobacterales; f__Caulobacteraceae; g__; s__	1.0
c0ed8c12e64a41c0978854d6a4c1dfdd	k__Bacteria; p__Proteobacteria; c__Deltaproteobacteria; o__Desulfovibrionales; f__Desulfovibrionaceae; g__Desulfovibrio; s__putealis	0.7
07745dfba9bcf943a749e6ec01ebe3f8	k__Bacteria; p__Proteobacteria; c__Alphaproteobacteria; o__Rhizobiales; f__Rhizobiaceae	0.8
fdef6ffb430d9dfb2ff1de74b124725c	k__Bacteria; p__Proteobacteria; c__Betaproteobacteria; o__Burkholderiales; f__Alcaligenaceae; g__Sutterella; s__	0.9
cde48dffb09c505126cb1ddf61fee9ba	k__Bacteria; p__Proteobacteria; c__Alphaproteobacteria; o__Rickettsiales; f__mitochondria	1.0
bcb9b574e2dcc804fb2650593934d37f	k__Bacteria; p__Actinobacteria; c__Actinobacteria; o__Actinomycetales; f__Nocardioidaceae; g__; s__	0.8
a2e5efca3fe518bfe936abf773b4d50d	k__Bacteria; p__Proteobacteria; c__TA18; o__CV90; f__; g__; s__	1.0
46b4dfd0bab820f2119cf79639907d71	k__Bacteria; p__Acidobacteria; c__Solibacteres; o__Solibacterales; f__[Bryobacteraceae]; g__; s__	1.0
72c5cd355146273f8e22676aeb1fc539	k__Bacteria; p__Cyanobacteria; c__Chloroplast; o__Chlorophyta	0.6
191192d7c87adf48dd6a29b65a6e4b04	k__Bacteria	1.0
5155a404277c1f3adb88413d427b8637	k__Bacteria; p__Planctomycetes; c__OM190; o__CL500-15; f__; g__; s__	1.0
0be49801a72893b22c0e225890f3ce66	k__Bacteria; p__Fusobacteria; c__Fusobacteriia; o__Fusobacteriales; f__; g__; s__	0.7
e33ed63c15ec5687568aac544492423d	k__Bacteria; p__Bacteroidetes; c__Sphingobacteriia; o__Sphingobacteriales; f__; g__; s__	0.9
387b697b28aaa0462229da89e176e492	k__Bacteria; p__Bacteroidetes; c__Sphingobacteriia; o__Sphingobacteriales; f__; g__; s__	1.0
aa339f59c00ce31abc8437e57783c76f	k__Archaea; p__[Parvarchaeota]; c__[Parvarchaea]; o__WCHD3-30; f__; g__; s__	1.0
22d8a63d0eb9b7411fbe5723d5adb41c	k__Bacteria; p__Bacteroidetes; c__[Saprospirae]; o__[Saprospirales]; f__Chitinophagaceae; g__; s__	0.7
eb4e603929eef985365f61a5bddeb0a9	k__Bacteria; p__Proteobacteria; c__Betaproteobacteria; o__Burkholderiales; f__Comamonadaceae	1.0
7f5d366f852adce8fc4ffffc92a4d16c	k__Bacteria; p__Bacteroidetes; c__[Saprospirae]; o__[Saprospirales]; f__Chitinophagaceae	1.0
ebaed0a27856549fa97cc632998ca5ff	k__Bacteria; p__Proteobacteria; c__Alphaproteobacteria; o__Rhizobiales; f__Rhizobiaceae; g__Rhizobium; s__	0.8
788c77356af6a1d0c35027bbb2b89aa9	k__Bacteria; p__Proteobacteria; c__Betaproteobacteria; o__Burkholderiales; f__Comamonadaceae	0.9
c3e675a1420700b42a03c13b14fdccc3	k__Bacteria; p__Proteobacteria; c__Alphaproteobacteria; o__Rhizobiales; f__; g__; s__	0.9
cd140d52735dc35d7be28f1ecd6d8713	Unassigned	0.0
8fc1e1e0db6558585543e290af2c0115	k__Bacteria; p__Proteobacteria; c__Alphaproteobacteria; o__Rhizobiales	1.0
93e242fad6d3dddcb5390ad6a78bc907	k__Bacteria; p__Cyanobacteria; c__Nostocophycideae; o__Nostocales; f__Nostocaceae; g__Cylindrospermopsis; s__	1.0
8e39ef59629134557146ff42ee065a06	k__Bacteria; p__Verrucomicrobia; c__Verrucomicrobiae; o__Verrucomicrobiales; f__Verrucomicrobiaceae; g__Luteolibacter; s__	1.0
16636c21a6cc3cb04bb3db867465ba52	k__Bacteria; p__Planctomycetes; c__vadinHA49; o__DH61; f__; g__; s__	1.0
8e835d7fa29f82f5bfd0e69284fea386	k__Bacteria; p__GN02; c__BD1-5; o__; f__; g__; s__	0.7
617fb3acc90623d3e9bfcbd8f223fcf7	k__Bacteria; p__GN02; c__BD1-5; o__; f__; g__; s__	1.0
fd7e3b2e527c0c2aee7c7c5be6773645	Unassigned	0.0
f4f012767de5848a7bd60454ee018e4f	k__Bacteria; p__Proteobacteria; c__Betaproteobacteria; o__Neisseriales; f__Neisseriaceae	1.0
ae86564821c9be5f88eef5617f7ee4af	k__Bacteria; p__TM6; c__SJA-4; o__; f__; g__; s__	1.0
303d22079d036116b791c304624f2b7b	k__Bacteria; p__Proteobacteria; c__Alphaproteobacteria; o__; f__; g__; s__	1.0
5cb518f91b0d214a34d9617841c9f655	k__Bacteria; p__Bacteroidetes; c__[Saprospirae]; o__[Saprospirales]; f__Saprospiraceae; g__; s__	1.0
61f30a3c480d55c8e079b32586ad36d3	k__Bacteria; p__Bacteroidetes; c__Sphingobacteriia; o__Sphingobacteriales; f__; g__; s__	1.0
2000c9870e9fa22c491afe679d6196ec	k__Bacteria; p__Proteobacteria; c__Betaproteobacteria; o__Methylophilales; f__Methylophilaceae	0.7
c0556500d40eb0b371f84b3c3e357b06	k__Bacteria; p__Armatimonadetes; c__Armatimonadia; o__Armatimonadales; f__Armatimonadaceae	1.0
f41d2c3f20c9a93d9dda64b64cd6c9f5	k__Bacteria; p__Proteobacteria; c__Alphaproteobacteria	0.5714285714285714
e7eaeedd8984792caf63e1b2e719792a	k__Bacteria; p__Cyanobacteria; c__Chloroplast; o__Stramenopiles; f__; g__; s__	1.0
dd553752bc65c1b18cfbeaf65635509f	k__Bacteria; p__Proteobacteria; c__Alphaproteobacteria	1.0
528da817c759490f1513d599b7381ceb	k__Bacteria; p__Proteobacteria; c__Deltaproteobacteria; o__; f__; g__; s__	1.0
07f8e3b51d57dad0b90362f7142d8c68	k__Bacteria; p__Bacteroidetes	1.0
c94b2ee6db2486e62089378c93fd5691	k__Bacteria; p__Proteobacteria; c__TA18; o__CV90; f__; g__; s__	0.9
e9e81a1dce3e4f5d5591308ece8f7ccc	k__Bacteria; p__Proteobacteria; c__Alphaproteobacteria; o__Rhodospirillales	1.0
1e044e341cd4518cbacf58f4d8212b19	k__Bacteria; p__Proteobacteria; c__TA18; o__CV90; f__; g__; s__	1.0
7a89ad775ac5e51f120f06229916092c	k__Bacteria; p__Actinobacteria; c__Actinobacteria; o__Actinomycetales; f__Micromonosporaceae; g__Actinoplanes; s__	1.0
fa3396328bac581c0dc446519fc63bc6	k__Bacteria; p__Proteobacteria	0.8
c9a3c190fd7743dee37f66ff08fb7cc8	k__Bacteria; p__Actinobacteria; c__Actinobacteria; o__Actinomycetales; f__Micromonosporaceae; g__Dactylosporangium; s__	0.9
1f17b9ae91d4af8d4fff49ad390413a4	k__Bacteria; p__Proteobacteria; c__Alphaproteobacteria	1.0
986e55f9b36a9d9873cf8a8553be2d5c	k__Bacteria; p__Proteobacteria; c__Alphaproteobacteria; o__Rhodospirillales; f__Acetobacteraceae; g__; s__	0.8
b34cde605c17b357c5b143fd1349a45f	k__Bacteria; p__Proteobacteria; c__Deltaproteobacteria; o__Desulfarculales; f__Desulfarculaceae; g__; s__	0.6
f3ec2217926e056a3400c06cb4bac688	k__Bacteria; p__Chlamydiae; c__Chlamydiia; o__Chlamydiales; f__Rhabdochlamydiaceae; g__Candidatus Rhabdochlamydia; s__	0.6
1b7ff92fd782e5ac642ceaa60e33845e	k__Bacteria; p__Proteobacteria; c__Betaproteobacteria; o__Neisseriales; f__Neisseriaceae; g__Vogesella; s__	0.9
372000183aebc5d34fe3edb7e9492524	k__Bacteria; p__Proteobacteria; c__Alphaproteobacteria; o__Rickettsiales; f__; g__; s__	0.9
d634e0b030c5fb1c6e5389cf51f03108	k__Bacteria; p__Verrucomicrobia; c__[Spartobacteria]; o__[Chthoniobacterales]; f__[Chthoniobacteraceae]; g__Candidatus Xiphinematobacter; s__	1.0
b63973dd0c15d0a5374e372e0daa3596	k__Bacteria; p__Planctomycetes; c__vadinHA49; o__DH61; f__; g__; s__	1.0
e13a70fc4f9fa7414e4491dd6d3f275f	k__Bacteria; p__Proteobacteria; c__Betaproteobacteria; o__Burkholderiales; f__Oxalobacteraceae; g__Polynucleobacter; s__	0.9
1bb0c0285cc410e253e40562a0e6b7ae	k__Bacteria; p__Chloroflexi; c__SL56; o__; f__; g__; s__	0.8
bbaf2a9ebe71d54dd80684128aadfbd4	k__Bacteria; p__OD1; c__ABY1; o__; f__; g__; s__	1.0
c04a6f76250b2c55260374111ae26953	k__Bacteria; p__Proteobacteria; c__Betaproteobacteria; o__Rhodocyclales; f__Rhodocyclaceae; g__Dechloromonas; s__	0.7
aeeeff0e4ea6d68875c666e8ccf45c47	k__Bacteria; p__Firmicutes; c__Erysipelotrichi; o__Erysipelotrichales; f__Erysipelotrichaceae; g__PSB-M-3; s__	0.7
f50180c21e3245c2ba7a19b98b9060c6	k__Bacteria; p__OD1; c__; o__; f__; g__; s__	1.0
188d14c11446381f6dc745f6cace54a7	k__Bacteria; p__Firmicutes; c__Bacilli; o__Bacillales; f__Planococcaceae	0.6
69ed7efc4092c9d8498471da85767a97	Unassigned	0.0
47477cb97b9844f38f16abe621a0a5c0	k__Bacteria; p__Cyanobacteria; c__Chloroplast; o__Stramenopiles; f__; g__; s__	1.0
f6ee6bdcfd93ad29580abc23c39210b4	k__Bacteria; p__Cyanobacteria; c__Synechococcophycideae; o__Pseudanabaenales; f__Pseudanabaenaceae; g__Leptolyngbya	0.6
2ee29f9aac794352f3883adfad41a630	k__Bacteria; p__Gemmatimonadetes; c__Gemm-1; o__; f__; g__; s__	1.0
235b8d2dfca87ec9c18e8141b26a4209	Unassigned	0.0
e109e32baf95dcefdc26243dafa88419	Unassigned	0.0
10c009a3d195be885387a2d8f0a0f1a3	k__Bacteria; p__Proteobacteria; c__Gammaproteobacteria; o__Legionellales; f__; g__; s__	1.0
055c84cc4099d21c942cbded52fd1fc5	k__Bacteria; p__Proteobacteria; c__Alphaproteobacteria; o__Rhodospirillales; f__Acetobacteraceae; g__Roseococcus; s__	1.0
3c75d151f0f9a864b2bf15f5620e4e51	k__Bacteria; p__OD1; c__ZB2; o__; f__; g__; s__	1.0
d09989718b10192d66c3fa064b10e839	k__Bacteria; p__Proteobacteria; c__Alphaproteobacteria; o__; f__; g__; s__	1.0
5af60af76f897b0191afc298cb47776c	k__Bacteria; p__Proteobacteria; c__Gammaproteobacteria; o__Legionellales; f__Coxiellaceae; g__; s__	1.0
69ccb418fb3943b9d9b0aa067cf5bc01	k__Bacteria; p__Proteobacteria; c__Alphaproteobacteria; o__Rhodospirillales; f__Acetobacteraceae; g__Roseomonas; s__	0.8
8bec303c8c74d912e9701ddc97122578	k__Bacteria; p__Proteobacteria; c__Gammaproteobacteria; o__Xanthomonadales; f__Sinobacteraceae; g__; s__	1.0
f054d73a744637b85313698523b492a4	k__Bacteria; p__Proteobacteria; c__Alphaproteobacteria; o__Rickettsiales; f__mitochondria	0.625
cc37916b27005771b2d407c4a19713ed	k__Bacteria; p__Bacteroidetes; c__Sphingobacteriia; o__Sphingobacteriales; f__; g__; s__	1.0
86f0e6a2576467ad6c1e47963b8c8a35	k__Bacteria; p__Proteobacteria; c__Deltaproteobacteria; o__Desulfuromonadales; f__Geobacteraceae; g__Geobacter; s__lovleyi	0.8
650883da0b4963b671c1023aa2b4a32a	k__Bacteria; p__Proteobacteria; c__Alphaproteobacteria; o__Rhizobiales; f__; g__; s__	1.0
ba1e14ad502b3196491469aed7c41f3b	k__Bacteria; p__Proteobacteria; c__Betaproteobacteria; o__Rhodocyclales; f__Rhodocyclaceae; g__; s__	0.9
2a7d65d0c8d78212335f66050caed1f4	k__Bacteria; p__Proteobacteria; c__Deltaproteobacteria; o__Myxococcales; f__OM27; g__; s__	1.0
ed4101d2b4021625801da7b8bb4ef933	k__Bacteria; p__Proteobacteria; c__Deltaproteobacteria; o__Spirobacillales; f__; g__; s__	1.0
e0ea0b7be7fea06cf92a66ad92fa2553	k__Bacteria; p__Bacteroidetes; c__VC2_1_Bac22; o__; f__; g__; s__	0.7
5396eb0fd51c1f093af906ca17703262	k__Bacteria; p__Acidobacteria; c__DA052; o__Ellin6513; f__; g__; s__	0.5714285714285714
7dd732fc6c41864bb77e82b7bd6d49e6	k__Bacteria; p__Bacteroidetes; c__Bacteroidia; o__Bacteroidales; f__Porphyromonadaceae	0.6
49c7b9171cbd2b4cdf5b935c020c2428	k__Bacteria; p__Proteobacteria; c__Alphaproteobacteria; o__; f__; g__; s__	0.7
1e73744ccd43b123c4388582a269f8a2	k__Bacteria; p__Firmicutes	0.7
789299b1d40084524a2396b3b4f4eec4	k__Bacteria; p__Proteobacteria; c__Deltaproteobacteria; o__Myxococcales; f__; g__; s__	0.6
19cdfebf591fc8a31046c243f1011859	k__Bacteria; p__Bacteroidetes; c__Flavobacteriia; o__Flavobacteriales	0.6
a4ca871b4e9e902598a1924c253de6c5	k__Bacteria; p__Proteobacteria; c__Betaproteobacteria; o__Rhodocyclales; f__Rhodocyclaceae; g__Dechloromonas; s__	0.8
1e2e4ab6a7a6eb4a86a9ae79271f8320	k__Bacteria; p__Proteobacteria; c__Deltaproteobacteria; o__Myxococcales; f__OM27; g__; s__	0.7
5a6689ab3fca4f0e5398222764b01baf	k__Bacteria; p__Proteobacteria; c__Alphaproteobacteria; o__Sphingomonadales; f__Sphingomonadaceae; g__; s__	0.7
7d21787be1e3a19b391dfea6f85f91f4	Unassigned	0.0
3ead7eb516c96847a41aa4ba82a4f32c	k__Bacteria; p__Proteobacteria; c__Epsilonproteobacteria; o__Campylobacterales; f__Campylobacteraceae; g__Sulfurospirillum; s__	1.0
fca1eedd189c4b322b6d2c551f88f76a	k__Bacteria; p__Planctomycetes; c__Planctomycetia; o__Gemmatales; f__Gemmataceae; g__Gemmata; s__	1.0
558a09c5131858b68d83c14ca6a29474	k__Bacteria; p__Armatimonadetes; c__[Fimbriimonadia]; o__[Fimbriimonadales]; f__[Fimbriimonadaceae]	0.8
914c759f094b811b627496a5d34121fe	k__Bacteria; p__Proteobacteria; c__Betaproteobacteria; o__Methylophilales; f__Methylophilaceae; g__; s__	0.9
85c3da9950611638d33b6ca10bdbb27c	k__Bacteria; p__Proteobacteria; c__Alphaproteobacteria; o__Rhizobiales; f__Hyphomicrobiaceae; g__Hyphomicrobium; s__	0.9
824749cffdb189c2b4eedf3d5ebdac12	k__Bacteria; p__Cyanobacteria; c__Chloroplast; o__Stramenopiles; f__; g__; s__	1.0
8563b62e6097d20634c3e19ab0c67425	k__Bacteria; p__Proteobacteria; c__Betaproteobacteria; o__Methylophilales; f__Methylophilaceae; g__; s__	0.9
37d0724b4e40c80e80eee15c5ee45eb3	k__Bacteria; p__Proteobacteria; c__Alphaproteobacteria; o__; f__; g__; s__	1.0
93b8e63d05f56bc7fb3f92497889df1c	k__Bacteria; p__Firmicutes; c__Bacilli; o__Lactobacillales; f__Lactobacillaceae; g__Lactobacillus; s__	0.7
e2c4f8925901cbff9d7b6ea7cdbea267	k__Bacteria; p__Proteobacteria; c__TA18; o__PHOS-HD29; f__; g__; s__	1.0
2a702c08b629aa9bc8f2b0dedff42781	k__Bacteria; p__OD1; c__ZB2; o__; f__; g__; s__	0.8
3a8875b0874413ecfcef282f5861d951	k__Bacteria; p__Proteobacteria; c__Alphaproteobacteria; o__Rickettsiales; f__mitochondria; g__Cyanophora; s__paradoxa	1.0
d49a4f45e64ed9d7d6298be0a987abdc	k__Bacteria; p__Proteobacteria; c__Alphaproteobacteria; o__; f__; g__; s__	0.6
23efaafad32a28d26df071206452e2ff	k__Bacteria; p__Proteobacteria; c__Betaproteobacteria; o__Burkholderiales; f__Comamonadaceae; g__Leptothrix; s__	0.8
d29ef3a30b94e63ad6e6509e9158b58f	k__Bacteria; p__Proteobacteria; c__Betaproteobacteria; o__Rhodocyclales; f__Rhodocyclaceae; g__Dechloromonas; s__	0.8
8fcce519920df2f6b65455708b3d8698	k__Bacteria; p__Proteobacteria; c__Alphaproteobacteria	0.7
c2a275a0955ce849e98e9bb1f2094436	k__Bacteria; p__Actinobacteria; c__Actinobacteria; o__Actinomycetales; f__Nocardiaceae; g__Rhodococcus; s__	1.0
4646dc18c08e6dd95ac8174f5aa94c9b	k__Bacteria; p__Bacteroidetes	1.0
0af837ce7a7969992c67f08ad5a639f4	k__Bacteria; p__Actinobacteria; c__Acidimicrobiia; o__Acidimicrobiales; f__C111; g__; s__	1.0
a2cf078ebac7283d92ff2d5d0d705eaf	k__Bacteria; p__Cyanobacteria	1.0
5dd6509d8f56a579c3d7ea0cdfdded82	k__Bacteria; p__Proteobacteria; c__Alphaproteobacteria; o__Sphingomonadales; f__Sphingomonadaceae; g__Novosphingobium; s__	0.8
98cb1044eee03eebd901b354065e52db	k__Bacteria; p__Verrucomicrobia; c__[Pedosphaerae]; o__[Pedosphaerales]; f__R4-41B; g__; s__	0.6
a57efbae4104edbc039795e7b6471ba7	k__Bacteria; p__Firmicutes; c__Clostridia; o__Clostridiales; f__Dehalobacteriaceae; g__Dehalobacterium; s__	0.9
323ce3428345d704d82a06d2d72e90d7	k__Bacteria; p__Bacteroidetes; c__[Saprospirae]; o__[Saprospirales]; f__Chitinophagaceae; g__; s__	1.0
345a227c0d6519d6626bd4a17d39c38f	k__Bacteria; p__Proteobacteria; c__Gammaproteobacteria; o__Enterobacteriales; f__Enterobacteriaceae	1.0
66b74fd7390a70a3cfc095f8211e60e3	Unassigned	0.0
d7705df2fd843db06fe4fc704f2d03f3	k__Bacteria; p__Verrucomicrobia; c__[Spartobacteria]; o__[Chthoniobacterales]; f__[Chthoniobacteraceae]; g__Candidatus Xiphinematobacter; s__	1.0
a165ad3b0f72651f88315ce16091eefc	k__Bacteria; p__Firmicutes; c__Clostridia; o__Clostridiales; f__Clostridiaceae; g__Clostridium; s__	0.7
270dcc49ac1caee4c8ae7b7fcf74ae15	k__Bacteria; p__Cyanobacteria; c__Chloroplast; o__Stramenopiles; f__; g__; s__	1.0
cee5f83dfd0bbe3e8eb88704054bc6db	k__Bacteria; p__Proteobacteria; c__Alphaproteobacteria; o__; f__; g__; s__	1.0
9bd29b043d242b2971b71434358fb291	k__Bacteria; p__Proteobacteria; c__Alphaproteobacteria; o__BD7-3; f__; g__; s__	1.0
bdd47786e324873980ca6d9c67279a7e	Unassigned	0.0
b2655df007117a753fd3db186518a987	k__Bacteria; p__Firmicutes; c__Clostridia; o__Clostridiales; f__Lachnospiraceae; g__Epulopiscium; s__	1.0
56340620bfd0bbb6e3dd6722c99a9a7b	k__Bacteria; p__Actinobacteria; c__Actinobacteria; o__Actinomycetales; f__; g__; s__	0.7
766ec3ac1b0c6719009aa8dc716833f7	k__Bacteria; p__Bacteroidetes; c__Sphingobacteriia; o__Sphingobacteriales; f__; g__; s__	0.7
564fbec91f8806f356f0f04b531c1c50	k__Bacteria; p__OD1; c__; o__; f__; g__; s__	1.0
3f8773a1e46800a6248230b69f42edab	k__Bacteria; p__Proteobacteria; c__Betaproteobacteria; o__Burkholderiales; f__Comamonadaceae	1.0
10f21602caa1b88700a7c5a2a7da7974	k__Bacteria; p__Proteobacteria; c__Alphaproteobacteria; o__Rickettsiales; f__mitochondria	0.8333333333333334
dc8f10ea803dbbc9738ebfb68b86d2d3	k__Bacteria; p__SR1; c__; o__; f__; g__; s__	0.7
a00a5ed9d3752d30466c66e749336d19	k__Bacteria; p__Bacteroidetes; c__Bacteroidia; o__Bacteroidales; f__Rikenellaceae; g__Blvii28; s__	1.0
03b949c6c5bb78ff8a02ac436f4c339d	k__Bacteria; p__Chlorobi; c__OPB56; o__; f__; g__; s__	1.0
8ec4ae6db4e4341310728d1468c10e20	k__Bacteria; p__Proteobacteria; c__Alphaproteobacteria; o__Rhizobiales; f__; g__; s__	1.0
87651b3060168bc0f92cae9738100778	k__Bacteria; p__Firmicutes; c__Clostridia; o__Clostridiales; f__Clostridiaceae; g__Clostridium; s__perfringens	1.0
e57a70eb0702926789d0d82898056fee	k__Bacteria; p__Proteobacteria; c__Gammaproteobacteria; o__Alteromonadales; f__211ds20; g__; s__	0.9
c3dacf340c0184161cf5f876900f1289	k__Bacteria; p__Cyanobacteria; c__Chloroplast; o__Stramenopiles; f__; g__; s__	1.0
05877bdeb9cd07ed746dc0c0ce71724d	k__Bacteria; p__Proteobacteria; c__Gammaproteobacteria; o__Pseudomonadales; f__Moraxellaceae; g__Perlucidibaca; s__	1.0
c73d644af01be205986410a5bf04db3c	Unassigned	0.0
9cb2ccd166aa0f9a5412ec2645d49994	k__Bacteria; p__Planctomycetes; c__Phycisphaerae; o__Phycisphaerales; f__Phycisphaeraceae; g__; s__	0.7
271dd330833eb8756b41f7ec0ce50e6b	k__Bacteria; p__Cyanobacteria; c__Synechococcophycideae; o__Pseudanabaenales; f__Pseudanabaenaceae; g__Halomicronema; s__	0.7
b0762f5383d8e1ccec9fc54d3a99e342	k__Bacteria; p__Bacteroidetes; c__[Saprospirae]; o__[Saprospirales]; f__Saprospiraceae; g__; s__	1.0
e6dee614bf5ff304a14dbb94474c4812	k__Bacteria; p__Bacteroidetes; c__[Saprospirae]; o__[Saprospirales]; f__Saprospiraceae; g__; s__	1.0
5c3360f5708c408b54f88959ba8a7421	k__Bacteria; p__Verrucomicrobia; c__[Pedosphaerae]; o__[Pedosphaerales]; f__R4-41B; g__; s__	0.6
f1658be25664e2c4c8b8e5db308045b6	k__Bacteria; p__Actinobacteria; c__Thermoleophilia; o__Gaiellales	1.0
26b67308aef09c9c70ce3f74656f6aa7	k__Bacteria; p__Proteobacteria; c__Betaproteobacteria; o__SC-I-84; f__; g__; s__	0.8
26fa588b29ac05e5a9c43673efc67e77	k__Bacteria; p__Proteobacteria; c__Gammaproteobacteria; o__Legionellales; f__Coxiellaceae; g__Aquicella; s__	1.0
4ff3f41e33c02281c682a679a565c36d	k__Bacteria; p__Proteobacteria; c__Alphaproteobacteria; o__Rickettsiales; f__; g__; s__	0.5555555555555556
09705701f8e2a97e198890a054e307e5	k__Bacteria; p__Bacteroidetes; c__Cytophagia; o__Cytophagales; f__Cytophagaceae; g__Adhaeribacter; s__	0.9
cd66c0738c46069480915736a2576b48	k__Bacteria; p__Cyanobacteria; c__Chloroplast	0.9
2bd0262790009262da4bb410a98a43ab	k__Bacteria; p__Proteobacteria; c__Alphaproteobacteria; o__Rhodobacterales; f__Hyphomonadaceae; g__; s__	1.0
dd7fecd2d4b007ca42d78a9cf269f828	k__Bacteria; p__Proteobacteria; c__Alphaproteobacteria; o__Rickettsiales; f__; g__; s__	1.0
cf29c8617566bf0115fe943b0aa33347	k__Bacteria; p__Bacteroidetes; c__[Saprospirae]; o__[Saprospirales]; f__Saprospiraceae; g__; s__	1.0
fccdc83eff46ecdf7b6ea6521f96acfe	k__Bacteria	1.0
8d750f7ca8c0239bc531c755c8b193bb	k__Bacteria; p__Bacteroidetes; c__Bacteroidia; o__Bacteroidales; f__Bacteroidaceae; g__Bacteroides; s__	0.7
9767747211cf95c29fb19d9754d500f6	k__Bacteria; p__Cyanobacteria; c__Chloroplast; o__Streptophyta; f__; g__; s__	1.0
033a4d2a6fb822432c48b70a8d2b1117	k__Bacteria; p__Proteobacteria; c__Alphaproteobacteria; o__Rhizobiales; f__Hyphomicrobiaceae; g__; s__	0.6
a2c00dc0000f4358ec7186c02ab7341f	k__Bacteria; p__Proteobacteria; c__Gammaproteobacteria; o__Alteromonadales; f__Alteromonadaceae; g__Glaciecola; s__	0.6
9930a413c50107265afa1e0d3e6be930	k__Bacteria; p__Bacteroidetes; c__Bacteroidia; o__Bacteroidales; f__Porphyromonadaceae	0.6666666666666666
0ae91674d125434ccaf98b0a34002b3f	k__Bacteria; p__Chlamydiae; c__Chlamydiia; o__Chlamydiales; f__Parachlamydiaceae	0.7
73812ac1ba78222afbee9fda41e65835	k__Bacteria; p__Proteobacteria; c__Alphaproteobacteria; o__Rhizobiales	1.0
355558ec450cd1d80091af0731cec968	Unassigned	0.0
1d96cbc8f1a7c15af2121bd831a5fd4e	k__Bacteria; p__Verrucomicrobia; c__[Spartobacteria]; o__[Chthoniobacterales]; f__[Chthoniobacteraceae]; g__Candidatus Xiphinematobacter; s__	1.0
fe4957bcd2dd98ebc8d4cc0f3c2b87b3	k__Bacteria; p__Bacteroidetes; c__Flavobacteriia; o__Flavobacteriales; f__Cryomorphaceae; g__Fluviicola; s__	1.0
0da708000560673b1153b2184bf4943a	k__Bacteria; p__Firmicutes; c__Clostridia; o__Clostridiales; f__Peptostreptococcaceae; g__; s__	0.9
969fa604ece95169b488cdc9345d06da	k__Bacteria; p__Bacteroidetes; c__[Saprospirae]; o__[Saprospirales]; f__Saprospiraceae; g__; s__	1.0
3f29fbc8a5b01fbc4a3f7652fec85f63	k__Bacteria; p__Spirochaetes; c__Spirochaetes; o__M2PT2-76; f__; g__; s__	1.0
2eddf3f51c8f0803988cfdd0edbc6c3f	k__Bacteria; p__Proteobacteria; c__Gammaproteobacteria; o__Methylococcales; f__Crenotrichaceae; g__Crenothrix; s__	1.0
68724caa9372fe51acfc132bd9cd462a	k__Bacteria; p__Bacteroidetes; c__Sphingobacteriia; o__Sphingobacteriales; f__; g__; s__	0.9
516cd317f7a91b2aaa3eae8763203601	k__Bacteria; p__Chloroflexi; c__Anaerolineae; o__WCHB1-50; f__; g__; s__	1.0
7d6e247606f1be5af82b4e6dc77ef2fb	Unassigned	0.0
c724d03e0a99c97b8b5115970036af5c	k__Bacteria; p__Proteobacteria; c__Betaproteobacteria; o__Methylophilales; f__Methylophilaceae; g__; s__	0.6
b7b28c8e16ba67fde59365d9df97a9f5	k__Bacteria; p__Planctomycetes; c__Planctomycetia; o__Pirellulales; f__Pirellulaceae; g__; s__	1.0
b50776ba06323d434f3dd544eba9e158	k__Bacteria; p__OD1; c__; o__; f__; g__; s__	1.0
d5bd130077f7f344218b360bfd835fbc	k__Bacteria; p__Bacteroidetes; c__Sphingobacteriia; o__Sphingobacteriales; f__; g__; s__	0.7
4059e6b7e29595f80fde2ff47b3a6bd3	k__Bacteria; p__Proteobacteria; c__Betaproteobacteria; o__Burkholderiales; f__Comamonadaceae	0.9
2cdf5f85ab6eddaf5f3d01edd1f61ab5	k__Bacteria; p__Proteobacteria; c__Deltaproteobacteria; o__Myxococcales; f__OM27; g__; s__	1.0
664cc4fe2d8b012f133e3ad87ec5e7b2	k__Bacteria; p__Chlamydiae; c__Chlamydiia; o__Chlamydiales; f__Parachlamydiaceae	0.8
5042bf2ae1f06da2f140642c964db7f0	k__Bacteria; p__Proteobacteria; c__Alphaproteobacteria; o__Rhizobiales; f__Brucellaceae	0.6
9bef183c1521440f970b1cdd4e8d9572	k__Bacteria; p__Proteobacteria; c__Alphaproteobacteria; o__; f__; g__; s__	1.0
ffb0d1ab4876ab02af9915455efb8478	k__Bacteria; p__Bacteroidetes; c__[Saprospirae]; o__[Saprospirales]; f__Saprospiraceae; g__; s__	1.0
227768581211f6447ed875739011231d	k__Bacteria; p__Actinobacteria; c__Actinobacteria; o__Actinomycetales; f__Microbacteriaceae; g__; s__	0.6
f86474f45789e56a945d5a59117cc9be	k__Bacteria; p__Cyanobacteria; c__Chloroplast; o__Streptophyta; f__; g__; s__	1.0
30810e702abdd61f13afbe715d1a8bee	k__Bacteria; p__Proteobacteria; c__Alphaproteobacteria; o__Sphingomonadales; f__Erythrobacteraceae	0.6
b2c01392af782ae92d21ba0fd0bbea84	k__Bacteria; p__Cyanobacteria; c__Chloroplast; o__Chlorophyta; f__Trebouxiophyceae	0.6
80a09cc51e60ebe224192287acf20ff8	k__Bacteria; p__Proteobacteria; c__Betaproteobacteria; o__Burkholderiales; f__Comamonadaceae; g__; s__	0.7
be1b32339fda8aa198d297f31c453530	k__Bacteria; p__Proteobacteria; c__Gammaproteobacteria; o__Pseudomonadales; f__Pseudomonadaceae; g__Pseudomonas; s__	1.0
90babc753b80ff4e2c1481e8756267ee	k__Bacteria; p__Proteobacteria; c__Gammaproteobacteria	1.0
f9009394358cce5983533064142ed838	k__Bacteria; p__Bacteroidetes; c__Sphingobacteriia; o__Sphingobacteriales; f__; g__; s__	0.8
342d4092d8fa429ac876c19ff3dd1a9c	k__Bacteria; p__Verrucomicrobia; c__Verruco-5; o__WCHB1-41; f__; g__; s__	0.8
8c315dd4af77a888465cbfdffafc0dbd	k__Bacteria; p__OD1; c__ZB2; o__; f__; g__; s__	1.0
6f656806314a2bfc3bdbaeecfa66d28a	k__Bacteria; p__Proteobacteria; c__Alphaproteobacteria; o__Rhodospirillales; f__Acetobacteraceae; g__; s__	0.9
bce36cc300d4080eae7f6a7596af9519	k__Bacteria; p__Planctomycetes; c__Planctomycetia; o__Pirellulales; f__Pirellulaceae; g__; s__	1.0
0df59f2e48912f4e3c3b193016440b3a	k__Bacteria; p__Proteobacteria; c__Deltaproteobacteria; o__Desulfovibrionales; f__Desulfovibrionaceae; g__; s__	1.0
fda3a9d206c88b323d831cb0de16f4ec	k__Bacteria; p__Planctomycetes; c__Planctomycetia; o__Pirellulales; f__Pirellulaceae; g__; s__	1.0
ae603de90458667be4e075d441733318	k__Archaea; p__[Parvarchaeota]; c__[Parvarchaea]; o__WCHD3-30; f__; g__; s__	1.0
dcd00828411f7cd1452476299786e4df	k__Bacteria; p__Proteobacteria; c__Gammaproteobacteria; o__HOC36; f__; g__; s__	1.0
d29e228da79ad849a4cbb80fb97b38d8	k__Bacteria; p__Proteobacteria; c__Alphaproteobacteria; o__BD7-3; f__; g__; s__	1.0
af5ba0042d57666391945e4a7bbd9a52	k__Bacteria	1.0
f127b579cf9b8d825c0a96e09c41b7eb	k__Bacteria; p__Proteobacteria; c__Alphaproteobacteria; o__Rhizobiales; f__Rhizobiaceae	0.8
d27d6e58be2342b8fc026ca6bd89d945	k__Bacteria; p__Proteobacteria; c__Alphaproteobacteria; o__Rhodospirillales; f__Acetobacteraceae	0.6
adcf8c04c512f62ac1f0bff9fdc90a0e	k__Bacteria; p__Proteobacteria; c__Deltaproteobacteria; o__Desulfobacterales; f__Desulfobulbaceae; g__Desulfobulbus; s__	0.9
83889a31dc95f1d7b242ecfe5affc6bc	k__Bacteria; p__Proteobacteria; c__Betaproteobacteria; o__Burkholderiales; f__Comamonadaceae; g__; s__	0.6
74fc47d6efb6494d7f1397c6b5190691	k__Bacteria; p__Proteobacteria; c__Deltaproteobacteria; o__Desulfarculales; f__Desulfarculaceae; g__; s__	0.6
a79524d5f3ffe94564ee167b4358b842	k__Bacteria; p__Bacteroidetes; c__[Saprospirae]; o__[Saprospirales]; f__Chitinophagaceae; g__; s__	1.0
12fda0784b00e675dca93cf8702b3afd	k__Bacteria; p__Proteobacteria; c__Alphaproteobacteria; o__Rickettsiales; f__; g__; s__	1.0
d2eb87a7d4a1877d6592634ce40edf35	k__Bacteria; p__Proteobacteria; c__Alphaproteobacteria; o__Rhizobiales; f__Phyllobacteriaceae; g__; s__	0.8
6de3a358a071861e5fed8bcb2d5ab891	k__Bacteria; p__Firmicutes; c__Clostridia; o__Clostridiales	0.7
02181da593bfc67293406e911022a2bb	Unassigned	0.0
aa412687e58cce3697155a956a6f235f	k__Bacteria; p__Proteobacteria; c__Alphaproteobacteria; o__Caulobacterales; f__Caulobacteraceae; g__Asticcacaulis	0.9
132c6c568b56d6becacb50f35dd35d1a	k__Bacteria; p__Proteobacteria; c__TA18; o__CV90; f__; g__; s__	1.0
0d98eee6137a736f2f341f268524f1e1	k__Bacteria; p__Chloroflexi; c__Chloroflexi; o__[Roseiflexales]; f__; g__; s__	0.9
39324bcfa2378364f4eeb3171059de40	Unassigned	0.0
057115f1e1271e3a5ef6abcda70c7f0c	k__Bacteria; p__Proteobacteria; c__Alphaproteobacteria; o__Rhizobiales; f__; g__; s__	0.9
dd1d8788ebac11b514ba1b7d9c7ffc30	k__Bacteria; p__Proteobacteria; c__Gammaproteobacteria; o__Xanthomonadales; f__Sinobacteraceae; g__Nevskia; s__ramosa	0.7
b312fdf6d1a2cec0c2aba60841532a35	k__Bacteria; p__Proteobacteria; c__Alphaproteobacteria; o__Sphingomonadales; f__; g__; s__	1.0
42589fbb18abc25d8d1942ba6943b997	k__Bacteria; p__Proteobacteria; c__Alphaproteobacteria; o__Rhizobiales; f__Hyphomicrobiaceae; g__; s__	0.7
bd2d77da44821634ad62855bb0955b97	k__Bacteria; p__Proteobacteria; c__Gammaproteobacteria; o__Xanthomonadales; f__Sinobacteraceae; g__; s__	1.0
7d7f059079ce149a5009c0d2dc225f93	k__Bacteria; p__Proteobacteria; c__Gammaproteobacteria; o__Pseudomonadales; f__Moraxellaceae	1.0
cc9d138f3e00af6136c255a6ab2750d8	k__Bacteria; p__TM6	0.7
42ae45ac1f6cdee5ae43d5a54bcaa8f8	k__Bacteria; p__Acidobacteria; c__Acidobacteria-6; o__CCU21; f__; g__; s__	1.0
c6c129a2487d8c1092c62c5bbe8014db	k__Bacteria; p__Cyanobacteria; c__Chloroplast; o__Chlorophyta; f__; g__; s__	1.0
bb218c5465ecee6d80cac412f8a82bde	k__Bacteria; p__Proteobacteria; c__Gammaproteobacteria; o__Methylococcales; f__Crenotrichaceae; g__Crenothrix; s__	1.0
45958c5413bd75e8070bfef0cdbf72e5	k__Bacteria; p__Proteobacteria; c__Alphaproteobacteria; o__Rickettsiales; f__; g__; s__	0.7
0586a48ff53a0947be3ea883bb311421	k__Bacteria; p__Proteobacteria; c__Alphaproteobacteria; o__Rhodobacterales; f__Rhodobacteraceae	1.0
12bfe88ef074a6f0544ce4dda26d3782	k__Bacteria; p__Cyanobacteria; c__Nostocophycideae; o__Nostocales; f__Nostocaceae; g__Cylindrospermopsis; s__	0.8
c3e44a4ac9c3dd46fec092d0ba4feddf	k__Bacteria	1.0
9b5a66cca5d9089cc19d3396373bfdf7	k__Bacteria; p__Fibrobacteres	0.9
e10c298e458a2d90d15d83dd92591764	k__Bacteria; p__Chloroflexi; c__Anaerolineae; o__GCA004; f__; g__; s__	1.0
798302ef5f0f4a513110b8019b70415a	k__Bacteria; p__Bacteroidetes; c__Cytophagia; o__Cytophagales; f__Cytophagaceae; g__; s__	1.0
b7e2ddabfeb5dbad3c2e7e9f4d8f43c5	k__Bacteria; p__Chlamydiae; c__Chlamydiia; o__Chlamydiales	1.0
8dce8aaf3ed668ff3983fe5969d4fbbd	k__Bacteria; p__Actinobacteria; c__Thermoleophilia; o__Gaiellales; f__; g__; s__	1.0
625e72fc943130e4dc40325bf7cb093b	k__Bacteria; p__Firmicutes; c__Clostridia; o__Clostridiales	0.6
9ff5b262c6173d2b905d7d6d1bbe369e	k__Bacteria; p__Firmicutes; c__Clostridia; o__Clostridiales; f__Ruminococcaceae; g__; s__	1.0
5a4f0321ef9636e804d7d505c5ca3b6d	k__Bacteria; p__Proteobacteria	0.6
b03c8daab02e676db45a0981a804f1ba	k__Bacteria; p__Acidobacteria; c__DA052; o__Ellin6513; f__; g__; s__	0.6
88192fd04d74ce213be899be11f60c18	k__Bacteria; p__Planctomycetes; c__Planctomycetia; o__Gemmatales; f__Gemmataceae; g__; s__	0.9
54c18bc8b94238a0dacdc052facccd7f	k__Bacteria; p__Proteobacteria; c__Deltaproteobacteria; o__Myxococcales; f__; g__; s__	1.0
6697d7b7c5a2bc007d732b5e4234fb13	k__Bacteria; p__Proteobacteria; c__Deltaproteobacteria; o__Syntrophobacterales; f__Syntrophaceae; g__Syntrophus; s__	0.6
c846abb65cd69b4b7fe0ef344c5bcd52	k__Bacteria; p__Proteobacteria; c__Gammaproteobacteria; o__Xanthomonadales; f__Sinobacteraceae; g__; s__	1.0
e2c2df44cfe7d8f49fe54795d101be0e	k__Bacteria; p__Bacteroidetes	1.0
0541e1fd230f887e9c13a377d2a69e57	k__Bacteria; p__Proteobacteria; c__Gammaproteobacteria; o__Legionellales; f__Legionellaceae	1.0
d5f0b056c8b91e0e79b2830f882d3595	k__Bacteria; p__Planctomycetes; c__Planctomycetia; o__Gemmatales; f__Gemmataceae; g__Gemmata; s__	1.0
4f14cdebc7cf91554bf7783b98bfa635	k__Bacteria; p__Cyanobacteria; c__Oscillatoriophycideae	0.6
e9c8a41b9b891ec49d18c60fbea07705	k__Bacteria; p__TM6; c__SJA-4; o__; f__; g__; s__	0.9
24ca17d4dbc91026c7923bcb7dd9b482	k__Bacteria; p__Proteobacteria; c__Deltaproteobacteria; o__MIZ46; f__; g__; s__	1.0
f79e3011c7cbdb0d7f7dae6e5b97f87f	k__Bacteria; p__Actinobacteria; c__Actinobacteria; o__Actinomycetales; f__Microbacteriaceae; g__Candidatus Aquiluna; s__rubra	0.8
3efa6f169ff216c8e653fed29ddfb3ec	k__Bacteria; p__Proteobacteria; c__Gammaproteobacteria; o__Chromatiales; f__; g__; s__	0.6
28aaf546e7f126fc84b6b72e8f858a77	k__Bacteria; p__Proteobacteria; c__Alphaproteobacteria; o__Rickettsiales; f__; g__; s__	0.8
fb1c6a558a2f6883f2a47a219999894a	k__Bacteria; p__Proteobacteria; c__Deltaproteobacteria; o__Syntrophobacterales; f__Syntrophobacteraceae; g__Syntrophobacter; s__	1.0
4c7500cca946302472f668b20c85f0a8	k__Bacteria; p__Proteobacteria; c__Deltaproteobacteria; o__Myxococcales; f__Myxococcaceae; g__Anaeromyxobacter; s__	1.0
e127070ac5d6a2e80d13cbcb6563b4e2	k__Bacteria; p__Proteobacteria; c__Alphaproteobacteria; o__Rickettsiales; f__Pelagibacteraceae; g__; s__	1.0
e42de875026138a00e43736da4dc8fd4	k__Bacteria; p__Proteobacteria; c__Gammaproteobacteria; o__Alteromonadales; f__211ds20; g__; s__	1.0
4e209c7bd7fcb44e14a2991431b583c8	k__Bacteria; p__Proteobacteria; c__Deltaproteobacteria; o__Bdellovibrionales; f__Bdellovibrionaceae; g__Bdellovibrio; s__	0.6
42ac95ea79dab58918edd8c98515944e	k__Archaea; p__[Parvarchaeota]; c__[Parvarchaea]; o__WCHD3-30; f__; g__; s__	1.0
db833a39eb03d6c5cfb33d30a446eb8e	k__Bacteria; p__Proteobacteria; c__Alphaproteobacteria; o__Caulobacterales; f__Caulobacteraceae; g__Phenylobacterium; s__	1.0
0c643437d454fa1d50d4cedc54f452ed	k__Bacteria; p__Proteobacteria; c__Gammaproteobacteria; o__Legionellales; f__Coxiellaceae; g__; s__	0.9
d1ebfa855565f605a858f190fa85efbf	k__Bacteria; p__Proteobacteria; c__Betaproteobacteria; o__Rhodocyclales; f__Rhodocyclaceae	0.8
e19e4b9645c6507da02bcc3aaddca0f7	k__Bacteria; p__Proteobacteria; c__Alphaproteobacteria; o__Rhizobiales; f__Rhizobiaceae	0.6
4fd5bb1e4fe24c6e5d2cf7906ddc697c	k__Bacteria; p__Firmicutes; c__Clostridia; o__Clostridiales; f__Ruminococcaceae; g__; s__	0.9
999f2fa884f2e7e0f882ae3fd4866eef	k__Bacteria; p__Proteobacteria; c__Alphaproteobacteria; o__Caulobacterales; f__Caulobacteraceae; g__; s__	1.0
2544fcbe780d07ee989eec1340423d69	k__Bacteria; p__Cyanobacteria; c__Chloroplast; o__Streptophyta; f__; g__; s__	1.0
a7d20a8acbf021eb98c8baac79b6f3e9	k__Bacteria; p__Actinobacteria; c__Actinobacteria; o__Actinomycetales; f__; g__; s__	0.6
5ec891d4dc96dd160f7063022173c033	k__Bacteria; p__Planctomycetes; c__Planctomycetia; o__Gemmatales; f__Gemmataceae; g__Gemmata; s__	0.7
19fee2336d635fb1b34675ee320eae94	k__Bacteria	1.0
2532683abb65d6094a3a11ee4c5ded01	k__Bacteria; p__Chlorobi; c__OPB56; o__; f__; g__; s__	1.0
acc26b3f181587c08211529a47975169	k__Bacteria; p__Cyanobacteria; c__Chloroplast; o__Stramenopiles; f__; g__; s__	1.0
e3d070b263cf4037bbab9e7fa4889860	k__Bacteria; p__Bacteroidetes; c__Flavobacteriia; o__Flavobacteriales; f__Flavobacteriaceae; g__Flavobacterium; s__	1.0
f6d91addae5d34ad0bf0b92a635f77f2	Unassigned	0.0
e294c46c712d44d804e85e5ae2498f12	k__Bacteria; p__Proteobacteria; c__Alphaproteobacteria; o__Rhodospirillales; f__Rhodospirillaceae; g__; s__	1.0
35fc5ed31b5faa0c127a2245973af10b	k__Bacteria; p__Planctomycetes; c__Planctomycetia; o__Pirellulales; f__Pirellulaceae; g__; s__	1.0
fc14a29c5522878f49e7e9dd43b6a5ac	k__Bacteria; p__Proteobacteria; c__Deltaproteobacteria; o__Myxococcales; f__OM27; g__; s__	1.0
d3d05763b7d349cabcac9bda9fabccd0	k__Bacteria; p__Acidobacteria; c__[Chloracidobacteria]; o__PK29; f__; g__; s__	1.0
e432b7d53a51d8812bd6624a328ffc01	k__Bacteria; p__Proteobacteria	0.6666666666666666
a74ec4c516097dca463838cd86d4f3d6	k__Bacteria; p__Cyanobacteria; c__Chloroplast; o__Chlorophyta; f__Chlamydomonadaceae	0.6
7be52af50319b23594fc299db130886c	k__Bacteria; p__Verrucomicrobia; c__[Spartobacteria]; o__[Chthoniobacterales]; f__[Chthoniobacteraceae]; g__Candidatus Xiphinematobacter; s__	0.9
e6a66baf7d95b83272b7b7066cc68495	k__Bacteria; p__Proteobacteria; c__Gammaproteobacteria; o__Legionellales; f__Coxiellaceae; g__; s__	1.0
61a82c5b3195809b684028558ad77eb9	k__Bacteria; p__Proteobacteria; c__Alphaproteobacteria; o__Rickettsiales; f__; g__; s__	1.0
0a2267fc1034afe35726a68cc6e4aea0	k__Bacteria; p__Proteobacteria; c__Alphaproteobacteria; o__Rhodobacterales; f__Rhodobacteraceae; g__Rhodobacter; s__	0.9
2445bdbd3d41897ba309c4227e67da61	k__Bacteria; p__Proteobacteria; c__Gammaproteobacteria; o__Methylococcales	1.0
7c43232899181979d5aafe24991a3fea	k__Bacteria; p__Proteobacteria; c__Gammaproteobacteria; o__Enterobacteriales; f__Enterobacteriaceae; g__Buchnera; s__	1.0
f8317dd37e1112e95978a1d471a70359	k__Bacteria; p__Bacteroidetes; c__[Saprospirae]; o__[Saprospirales]; f__Saprospiraceae; g__; s__	1.0
9035322d5652c12886e7a02d9372239b	k__Bacteria; p__Proteobacteria; c__Alphaproteobacteria	1.0
1c5c350d51e452579744030ec21510c7	k__Bacteria; p__Proteobacteria; c__Gammaproteobacteria; o__Xanthomonadales; f__Sinobacteraceae; g__; s__	0.8
fd01184f8cba71cc61aa969c98aa6cb8	k__Bacteria; p__Actinobacteria; c__Acidimicrobiia; o__Acidimicrobiales; f__C111; g__; s__	1.0
7bb2abfd95b1847cb6086853fb3fb2f0	k__Bacteria; p__Proteobacteria; c__Deltaproteobacteria; o__Myxococcales; f__; g__; s__	1.0
7b6c7a802e53db38ed8b59dc6a40f16b	k__Bacteria; p__Chloroflexi; c__Anaerolineae; o__SBR1031; f__A4b; g__; s__	0.8
26b6e06204ff08482bab52eaaf082d1a	k__Bacteria; p__Bacteroidetes; c__Cytophagia; o__Cytophagales; f__[Amoebophilaceae]; g__SC3-56; s__	0.6
190412dd11a9540a413cfc270a07a358	k__Bacteria; p__Firmicutes; c__Bacilli; o__Bacillales; f__Bacillaceae; g__Bacillus; s__flexus	1.0
bf86ccc54345e06356492eb7943d9646	k__Bacteria; p__Proteobacteria; c__Betaproteobacteria; o__Procabacteriales; f__Procabacteriaceae; g__; s__	0.8
560a34456fb0566ef3c1c3ce120e8595	k__Bacteria; p__OD1; c__ZB2; o__; f__; g__; s__	1.0
6748d2448e9b8b08952399c44a83cf9c	k__Bacteria; p__Actinobacteria; c__Acidimicrobiia; o__Acidimicrobiales; f__; g__; s__	1.0
5012667e0c10c3fde257cc9f0ef973b7	k__Bacteria; p__Verrucomicrobia; c__[Spartobacteria]; o__[Chthoniobacterales]; f__[Chthoniobacteraceae]; g__; s__	0.9
4ca48790f293a960d710e232a1a29c47	k__Bacteria; p__Proteobacteria; c__Betaproteobacteria; o__Rhodocyclales; f__Rhodocyclaceae; g__Thauera; s__	0.6
490f5b582b9d9b6d3b5f3b96c63d40b0	k__Bacteria; p__Proteobacteria; c__Deltaproteobacteria; o__Myxococcales	0.7
be911d774099bdee0c03977677143778	k__Bacteria; p__Acidobacteria; c__Acidobacteriia; o__Acidobacteriales; f__Acidobacteriaceae; g__; s__	0.7
293b9bedc4edff079866cfb18ea229a6	k__Bacteria; p__Proteobacteria; c__Alphaproteobacteria; o__Rhizobiales; f__Rhizobiaceae; g__Agrobacterium; s__	1.0
7c0185e116acaff91bbc963fd4298f68	k__Bacteria; p__Proteobacteria; c__Deltaproteobacteria	1.0
a6ec2ee58ac7fa0ca76b51e78487eee7	k__Bacteria; p__Proteobacteria; c__Epsilonproteobacteria	0.8
3ace4378b3a4e41b72f2db8c3b0912f3	k__Bacteria; p__Proteobacteria; c__Alphaproteobacteria; o__; f__; g__; s__	0.7
0da4005d515dff654fbf1cde1819b387	k__Bacteria; p__Proteobacteria; c__Alphaproteobacteria; o__Rhodospirillales; f__Rhodospirillaceae; g__Azospirillum; s__	1.0
603bb9b2f64bfb9692597861bc01b50d	k__Bacteria; p__Chloroflexi; c__Chloroflexi; o__[Roseiflexales]; f__; g__; s__	0.9
d5b625c4587609c75f6e376bacc8f6e8	k__Bacteria; p__Planctomycetes; c__Planctomycetia; o__Pirellulales; f__Pirellulaceae; g__; s__	1.0
67bb6da1ec27bb9390bc8351b4c1b05b	k__Bacteria; p__Verrucomicrobia; c__[Pedosphaerae]; o__[Pedosphaerales]	1.0
dd22274d7394a2d2c484985f948fc88c	k__Bacteria; p__Proteobacteria; c__Gammaproteobacteria; o__Xanthomonadales; f__Sinobacteraceae; g__; s__	1.0
53959e3f39e1653df1d6107eaf1f496b	k__Bacteria; p__Firmicutes; c__Clostridia; o__Clostridiales; f__Peptostreptococcaceae; g__; s__	0.8
4c7abc1175d7f9fde3a671e80824ab88	k__Bacteria; p__Verrucomicrobia; c__Verruco-5; o__WCHB1-41; f__; g__; s__	1.0
e57eca592fb872c5d3d3e2e5be0bbfae	k__Bacteria; p__OD1; c__; o__; f__; g__; s__	1.0
b1cc6fd0f06c41361b19cba5b256594b	k__Bacteria; p__Proteobacteria; c__Alphaproteobacteria; o__BD7-3; f__; g__; s__	1.0
1dab7dd89edf1ca223f80647b914d37a	k__Bacteria; p__Bacteroidetes; c__Flavobacteriia; o__Flavobacteriales; f__Flavobacteriaceae; g__Flavobacterium; s__	1.0
7d214421163a12f0a205c6c7cbe1b558	k__Bacteria; p__Proteobacteria; c__Alphaproteobacteria; o__Rhodospirillales; f__Rhodospirillaceae; g__; s__	1.0
e12c950e62beb9fd9d4d781c8fd09bfe	k__Bacteria; p__Proteobacteria; c__Betaproteobacteria; o__Methylophilales; f__Methylophilaceae; g__; s__	0.8
d98d763fea90584b5c7967128da6941d	k__Bacteria; p__Proteobacteria; c__Alphaproteobacteria	0.7
6ebc2b5b441e52937f6443dee07c7094	k__Bacteria; p__Proteobacteria; c__Deltaproteobacteria; o__Bdellovibrionales; f__Bacteriovoracaceae; g__; s__	0.9
83a23a92dd25bc9bc8843bbec246fff6	Unassigned	0.0
7f8064ff29b805ffddf1667ca995ab1e	Unassigned	0.0
8dbdb9137a0fec2098216fec84811e4c	k__Bacteria; p__Chlorobi; c__OPB56; o__; f__; g__; s__	1.0
a0caf492a271d8b60c2552b00b406e3f	k__Bacteria; p__Cyanobacteria; c__Chloroplast; o__Stramenopiles; f__; g__; s__	1.0
0c1a7404a5f4dcadc46fa395a86aed04	k__Bacteria; p__WPS-2; c__; o__; f__; g__; s__	1.0
5dd23e7a237085cb856deffde4fabc93	k__Bacteria; p__Bacteroidetes; c__Sphingobacteriia; o__Sphingobacteriales; f__; g__; s__	0.9
46adc56147745a72ced8813eb974d7a2	k__Bacteria; p__Bacteroidetes; c__Bacteroidia; o__Bacteroidales; f__Bacteroidaceae; g__Bacteroides	0.6
610c7212be6e70b053832c6d0e380c2c	k__Bacteria; p__Proteobacteria; c__Alphaproteobacteria; o__Rickettsiales; f__; g__; s__	0.9
c210558d744475ed39f29c61f1415a14	k__Bacteria; p__OP3; c__koll11; o__GIF10; f__kpj58rc; g__; s__	1.0
a9f3533ef13f303cce88f4e962e235e7	k__Bacteria; p__Proteobacteria; c__TA18; o__CV90; f__; g__; s__	0.6
f03a11a7d6653e57b539716cc7c40627	k__Bacteria; p__Proteobacteria; c__Deltaproteobacteria; o__Bdellovibrionales; f__Bdellovibrionaceae; g__Bdellovibrio; s__	0.6
87bb533d568a72cafb3f643637a5aa56	k__Bacteria; p__Proteobacteria; c__Alphaproteobacteria; o__Caulobacterales; f__Caulobacteraceae; g__Mycoplana; s__	0.6
e5f6877c18d21c23ba45603b050c479f	k__Bacteria; p__Bacteroidetes; c__Cytophagia; o__Cytophagales; f__Cytophagaceae	0.9
7b6f831d3e3d290a7f263bbd57bcac40	k__Bacteria; p__Actinobacteria; c__Acidimicrobiia; o__Acidimicrobiales; f__; g__; s__	1.0
6a930b65a8e989f2598eb3600a48b0a0	k__Bacteria; p__Proteobacteria; c__Betaproteobacteria; o__Burkholderiales; f__Burkholderiaceae; g__Burkholderia; s__	1.0
df49a1e32110688ca052e36ec85fdd7a	k__Bacteria; p__Bacteroidetes; c__Flavobacteriia; o__Flavobacteriales; f__Cryomorphaceae; g__; s__	0.9
db5d9f2d31348138d39909d2f7dfa782	k__Bacteria; p__Bacteroidetes; c__Bacteroidia; o__Bacteroidales; f__; g__; s__	1.0
94a097675080bf1795ef89ff668a6c9c	k__Bacteria; p__Verrucomicrobia; c__[Spartobacteria]; o__[Chthoniobacterales]; f__[Chthoniobacteraceae]	1.0
f0eb0fc1da08fc09ef66a4adf7b22513	k__Bacteria; p__Chlamydiae; c__Chlamydiia; o__Chlamydiales; f__Parachlamydiaceae	1.0
fedef0ed4f1f3e183c810340743b6f96	k__Bacteria; p__Proteobacteria; c__Gammaproteobacteria; o__Legionellales; f__Coxiellaceae; g__; s__	0.9
6045b4c98d4a2194463936327097e558	k__Bacteria; p__Cyanobacteria; c__Chloroplast	0.8
b94442355dc485ab30a59fbb7aa46e1d	k__Bacteria; p__Proteobacteria; c__Betaproteobacteria; o__Procabacteriales; f__Procabacteriaceae; g__; s__	1.0
8c2f521e1ba23399a7f33471db36e5d5	k__Bacteria; p__Proteobacteria; c__Gammaproteobacteria; o__Legionellales; f__Legionellaceae	1.0
5d7b1b00f9e1ec460019cb9029c4e857	k__Bacteria; p__Proteobacteria; c__Betaproteobacteria; o__Burkholderiales; f__Comamonadaceae; g__Methylibium; s__	0.6
eb2cc42a8de21084410c08273ac3ab3c	k__Bacteria; p__Proteobacteria; c__Deltaproteobacteria; o__; f__; g__; s__	0.6
2f3787310c1e6fb2e6fd2b5bdd5f5e82	k__Bacteria; p__Proteobacteria	0.8
7c28b207f77b1fac007575a16b66633e	k__Bacteria; p__Proteobacteria; c__Gammaproteobacteria	1.0
1757372f09b68e1f410b8f3fcead6732	k__Archaea; p__[Parvarchaeota]; c__[Parvarchaea]; o__YLA114; f__; g__; s__	0.5714285714285714
6c31d5cb75668dbd401f31b33ecdc8f0	k__Bacteria; p__Chloroflexi; c__Anaerolineae; o__Caldilineales; f__Caldilineaceae; g__; s__	1.0
33526681d44790054bf930f51f7352b9	k__Bacteria; p__Proteobacteria; c__Betaproteobacteria; o__Methylophilales; f__Methylophilaceae; g__; s__	1.0
2074f3d98ee747b63f9eb26190a45987	k__Bacteria; p__Nitrospirae; c__Nitrospira; o__Nitrospirales; f__Nitrospiraceae; g__Nitrospira; s__	1.0
3b89ed129ac90b812e34c59affcc668c	k__Bacteria; p__Proteobacteria; c__Deltaproteobacteria; o__Spirobacillales; f__; g__; s__	1.0
10f3a2c312ff82f68b574b1d07f9d77b	k__Bacteria; p__TM6; c__SJA-4; o__; f__; g__; s__	1.0
cbf9eadd37bbb18891eb42b81c4cac34	k__Bacteria; p__Proteobacteria; c__Deltaproteobacteria; o__PB19; f__; g__; s__	1.0
237d263da21030391ebfd08d17dde8d3	k__Bacteria; p__Bacteroidetes; c__Cytophagia; o__Cytophagales; f__Cytophagaceae; g__Flectobacillus; s__	1.0
c05ea312232f6fa5189494c17cf3723f	k__Bacteria; p__Proteobacteria; c__Deltaproteobacteria; o__GW-28; f__; g__; s__	0.9
284dc723f7874d8946278e78673a6c55	k__Bacteria; p__Bacteroidetes; c__Cytophagia; o__Cytophagales; f__Cytophagaceae; g__Flectobacillus; s__	1.0
9ada3e8d8005227fdb5c4af83b2d5c1e	k__Bacteria; p__Firmicutes; c__Clostridia; o__Clostridiales; f__Clostridiaceae; g__; s__	1.0
d5495d10ebd1c054046808e275a545fa	k__Bacteria; p__Proteobacteria; c__Alphaproteobacteria; o__Rhizobiales; f__Methylocystaceae; g__Pleomorphomonas	0.7
59138de6413280abfb45ae1a5f876f89	k__Bacteria; p__Proteobacteria; c__Alphaproteobacteria; o__BD7-3; f__; g__; s__	1.0
8af944027f843149606a9f7ba54e5c9a	k__Bacteria; p__Proteobacteria; c__Alphaproteobacteria; o__Rhizobiales; f__Hyphomicrobiaceae; g__Devosia; s__	1.0
44ed06c9beda23d5f211ff7a664817e9	k__Bacteria; p__Cyanobacteria; c__Chloroplast; o__Stramenopiles; f__; g__; s__	1.0
8afb7a6337f1d0b239d41efb138e828a	k__Bacteria; p__Proteobacteria; c__Deltaproteobacteria; o__GMD14H09; f__; g__; s__	0.9
7fd450a4a3e19e84ba73973e10885276	k__Bacteria; p__Proteobacteria; c__Gammaproteobacteria; o__Chromatiales; f__Halothiobacillaceae; g__Thiovirga; s__	1.0
e99f062632198f1cad32ff55365ed5d5	k__Bacteria; p__Proteobacteria; c__Alphaproteobacteria; o__Sphingomonadales; f__Sphingomonadaceae; g__Novosphingobium; s__	0.6
313ffc881d496f340ba615293493c8ef	k__Bacteria; p__Bacteroidetes; c__Bacteroidia; o__Bacteroidales; f__; g__; s__	0.8
9a3cab28126d07f1020fc5452cd8198b	k__Bacteria; p__Proteobacteria; c__Alphaproteobacteria; o__; f__; g__; s__	1.0
ea8f561dff5d3e4fd3e3a7e9a985ba11	k__Bacteria; p__Proteobacteria; c__Deltaproteobacteria; o__Myxococcales; f__Myxococcaceae; g__Anaeromyxobacter; s__	1.0
ff43fa0e1174bf85d027a17a9cb7cebe	Unassigned	0.0
3d6ac39b7ae30a8ad1d06e20121423a4	k__Bacteria; p__Proteobacteria; c__Alphaproteobacteria; o__Rhizobiales; f__Rhizobiaceae; g__; s__	0.6
d4c38530a5f413a24e217efb2702ec2d	k__Bacteria; p__Proteobacteria; c__Alphaproteobacteria; o__Rhodospirillales; f__Acetobacteraceae; g__Roseococcus; s__	1.0
5d13602cd2040f5ac51bee191a4ca6a3	k__Bacteria; p__Proteobacteria; c__Alphaproteobacteria; o__Rhizobiales; f__; g__; s__	0.7
1a99b68b480c506a799bab6ed68367a5	k__Bacteria; p__Bacteroidetes; c__Bacteroidia; o__Bacteroidales; f__; g__; s__	1.0
18c770e4671beb757c24b01d23b831ba	k__Bacteria; p__Planctomycetes; c__Planctomycetia; o__Pirellulales; f__Pirellulaceae; g__; s__	1.0
573d8f127a4be434d71d3cd0808c55ec	k__Bacteria; p__Proteobacteria; c__Gammaproteobacteria; o__Legionellales; f__Coxiellaceae; g__; s__	0.7
fd97b3863847072dca84dc9272b1e46a	k__Bacteria; p__Proteobacteria; c__Alphaproteobacteria; o__Rhodobacterales; f__Hyphomonadaceae; g__Hyphomonas; s__	1.0
4d89cfa4398ced50d7e5680465353849	k__Bacteria; p__Cyanobacteria; c__4C0d-2; o__YS2; f__; g__; s__	1.0
f7826f11b27571e5083d5d3c0ca3a11c	k__Bacteria; p__TM6; c__SJA-4; o__; f__; g__; s__	0.8888888888888888
e8a67d72e8510a984a6ffa4a38656a36	k__Bacteria; p__Planctomycetes; c__Planctomycetia; o__Gemmatales; f__Gemmataceae; g__Gemmata; s__	1.0
cafaff3740a98b38fb61f687fc1042b3	k__Bacteria; p__Cyanobacteria; c__Synechococcophycideae; o__Pseudanabaenales; f__Pseudanabaenaceae; g__Leptolyngbya; s__	1.0
f4e1462b2eb84fa820140cdb2c3838c5	k__Bacteria; p__Planctomycetes; c__Planctomycetia; o__Planctomycetales; f__Planctomycetaceae; g__Planctomyces; s__	1.0
2294d5d954c7c32fbfc952683e140c9b	k__Bacteria; p__Firmicutes; c__Clostridia; o__Clostridiales	1.0
dd9f0f553e7e747ed260f3d53f1ec3c4	k__Bacteria; p__Proteobacteria; c__Epsilonproteobacteria; o__Campylobacterales; f__Campylobacteraceae; g__Arcobacter; s__	0.9
11794047686147da951f9ea36d4a6ce8	k__Bacteria; p__Proteobacteria; c__Betaproteobacteria; o__Rhodocyclales; f__Rhodocyclaceae; g__; s__	0.9
a426bc48ca956d83227c94f2b6a4e9a6	k__Bacteria; p__Proteobacteria; c__Alphaproteobacteria; o__Rickettsiales; f__; g__; s__	1.0
46a0faec8398d7274b31410a362d8ae1	k__Bacteria; p__Proteobacteria; c__Betaproteobacteria; o__Rhodocyclales; f__Rhodocyclaceae; g__Dechloromonas; s__	0.9
bfbb25954de1616ef9df49106473a5f6	k__Bacteria; p__Proteobacteria; c__Alphaproteobacteria; o__Rhodospirillales; f__Rhodospirillaceae; g__; s__	0.7
60eaededb7aeadba0a96d249eb2a2978	k__Bacteria; p__Proteobacteria; c__Gammaproteobacteria; o__Chromatiales; f__Ectothiorhodospiraceae; g__; s__	0.7
e11fbdfd293dbb84f1b9b0fcffeec121	k__Bacteria; p__Cyanobacteria; c__Chloroplast; o__Stramenopiles; f__; g__; s__	1.0
184c0979a133a7cb14624ce89db346f9	k__Bacteria; p__Firmicutes; c__Erysipelotrichi; o__Erysipelotrichales; f__Erysipelotrichaceae	0.8
bb4f3db44fab08d314014c8e02164b01	k__Bacteria; p__Cyanobacteria; c__Chloroplast; o__Stramenopiles; f__; g__; s__	1.0
f2d18b7fcacea1aeecbc6375c9d551a9	k__Bacteria; p__Bacteroidetes; c__Bacteroidia; o__Bacteroidales; f__Porphyromonadaceae	0.6666666666666666
96e7144bf266ba6c85b11c660bc6f79e	k__Bacteria; p__Proteobacteria; c__Alphaproteobacteria	1.0
0bc3e1e571ebf3bf8fbf525ee98d2536	k__Bacteria; p__Proteobacteria; c__Deltaproteobacteria	1.0
2a005dbc393b22edfb301a7d19e42182	k__Bacteria; p__Planctomycetes; c__Planctomycetia; o__Pirellulales; f__Pirellulaceae; g__; s__	0.9
6b59694656e39ea228a2f50805fa27af	k__Bacteria; p__Firmicutes; c__Clostridia; o__Clostridiales; f__Lachnospiraceae; g__; s__	1.0
680be1974aac443920c5362b12da0624	k__Bacteria; p__[Thermi]; c__Deinococci; o__Deinococcales; f__Trueperaceae	1.0
b4a71c014440f82d1ebdcd2dab428995	k__Bacteria; p__Proteobacteria; c__Alphaproteobacteria; o__Rickettsiales; f__; g__; s__	0.9
e96c1257a2e13e823763877146856e11	k__Bacteria; p__Proteobacteria; c__Deltaproteobacteria; o__Myxococcales; f__OM27; g__; s__	1.0
d2e0f8e9bc81bfca1f00677995990986	k__Bacteria; p__Actinobacteria; c__Actinobacteria; o__Actinomycetales; f__Nocardioidaceae; g__Aeromicrobium; s__	1.0
877be169b9f3a27a5ac2d62e727cde60	k__Bacteria; p__TM6; c__SJA-4; o__; f__; g__; s__	0.8888888888888888
92ffc814446dc3055a2729dd41087035	k__Bacteria; p__Planctomycetes; c__OM190; o__CL500-15; f__; g__; s__	1.0
262634dc53accceb1a34d6d49a0e2662	k__Bacteria; p__Proteobacteria; c__Alphaproteobacteria; o__Rickettsiales; f__mitochondria; g__; s__	0.8333333333333334
8273763ba58829055c3e4710e5941384	k__Bacteria; p__Proteobacteria; c__Deltaproteobacteria; o__MIZ46; f__; g__; s__	1.0
47e04130bb180b61711a46cb0ae86564	k__Bacteria; p__Proteobacteria; c__Alphaproteobacteria; o__Rickettsiales; f__mitochondria; g__Synedra; s__acus	1.0
ffbd42e90907aae8132710888081a025	k__Bacteria; p__Proteobacteria; c__Betaproteobacteria; o__SC-I-84; f__; g__; s__	0.9
a877eb4b6fc015ea5d90ec7bc0dbe5b9	k__Bacteria; p__Proteobacteria; c__Alphaproteobacteria; o__Caulobacterales; f__Caulobacteraceae; g__Caulobacter	0.6
111af8a66f52c45a16b1e3e8c382a8aa	k__Bacteria; p__Bacteroidetes; c__Flavobacteriia; o__Flavobacteriales; f__Flavobacteriaceae; g__; s__	0.6
28d69be165ee6dcf922623dadd10c3a6	k__Bacteria; p__Actinobacteria; c__Acidimicrobiia; o__Acidimicrobiales; f__JdFBGBact; g__; s__	1.0
d6e35d0f1358c593264975657e75bfaf	k__Bacteria; p__Proteobacteria; c__Betaproteobacteria; o__Nitrosomonadales; f__Nitrosomonadaceae; g__; s__	1.0
d9149440ef1179bc3d5741535c13635c	k__Bacteria; p__Acidobacteria; c__Solibacteres; o__Solibacterales; f__[Bryobacteraceae]; g__; s__	1.0
432c06d0c067571fe012558cf5106d1a	k__Bacteria; p__Acidobacteria; c__Holophagae; o__Holophagales; f__Holophagaceae; g__Geothrix; s__	1.0
677cdd26fe5d6939b3898bb7ce1f4053	k__Bacteria; p__Acidobacteria; c__BPC102; o__MVS-40; f__; g__; s__	1.0
d42782e641f9578ce2f0f213943d59bd	k__Bacteria; p__TM7; c__TM7-1; o__; f__; g__; s__	1.0
9e8841b9cc85a81bd8378391144a35a0	k__Bacteria; p__Bacteroidetes; c__Bacteroidia; o__Bacteroidales; f__Porphyromonadaceae; g__Paludibacter; s__	0.8
c2d2eaa40951f65f41c30eaa690da5b1	k__Bacteria; p__Proteobacteria; c__Deltaproteobacteria; o__Myxococcales; f__; g__; s__	1.0
54bd03e10bf3010aa6fcab342d32743e	k__Bacteria; p__Proteobacteria; c__Deltaproteobacteria	1.0
c655b21ae3e61679d37402b34e53fe25	k__Bacteria; p__Actinobacteria; c__Acidimicrobiia; o__Acidimicrobiales; f__C111; g__; s__	1.0
2d15ba198e20ddf44ccd16e4788b68b9	k__Bacteria; p__Proteobacteria; c__Alphaproteobacteria; o__Rhizobiales; f__Hyphomicrobiaceae; g__; s__	0.7
e5987c734b5405976b47756db166e431	k__Bacteria; p__Proteobacteria; c__Alphaproteobacteria; o__Rhodospirillales; f__Rhodospirillaceae; g__Phaeospirillum	1.0
d7a32e137a0ba5a2dde606b29d8c4bb7	k__Bacteria; p__Firmicutes; c__Clostridia; o__Clostridiales; f__[Mogibacteriaceae]; g__; s__	0.7
64dd39f4c6d64392f3204da9ecc227af	k__Bacteria; p__Proteobacteria; c__Betaproteobacteria; o__Burkholderiales; f__Comamonadaceae	1.0
786e124047743dbc2223bfce10ed79a0	k__Bacteria; p__Proteobacteria; c__Alphaproteobacteria; o__Rickettsiales; f__Rickettsiaceae; g__Rickettsia; s__	0.8
5067ca39498c7afff8535321fc112df2	k__Bacteria; p__Actinobacteria; c__Acidimicrobiia; o__Acidimicrobiales; f__; g__; s__	1.0
40132fb5b5e52ef4c2934bf590f33c20	k__Bacteria; p__Proteobacteria; c__Deltaproteobacteria; o__Myxococcales; f__; g__; s__	1.0
d40901da678c3caa970ec28319076194	k__Bacteria; p__Proteobacteria; c__Deltaproteobacteria; o__Desulfovibrionales; f__Desulfovibrionaceae; g__; s__	0.9
c5607beff2c8280a08aaec3cbb9e9084	k__Bacteria; p__Firmicutes; c__Clostridia; o__Clostridiales; f__Ruminococcaceae; g__; s__	1.0
a4194249a39c5a8e86bbe295853f85d6	k__Bacteria	1.0
e82c743ee9b0a9122645e7cddcd0e195	k__Bacteria; p__Spirochaetes; c__Spirochaetes; o__Spirochaetales; f__Spirochaetaceae; g__; s__	0.8
87e994491b6679786e06bc5fa901f5e8	k__Bacteria; p__Proteobacteria; c__Alphaproteobacteria; o__Rickettsiales; f__Rickettsiaceae; g__; s__	0.9
4f9422c1ca882134e834b94704859fac	k__Bacteria; p__Bacteroidetes; c__[Saprospirae]; o__[Saprospirales]; f__Chitinophagaceae; g__; s__	1.0
b4eb04a5f40655deacb0519c4382d308	k__Bacteria	1.0
902b77df8ce30f4f89fff8a4194065ef	k__Bacteria; p__Cyanobacteria; c__Chloroplast; o__Chlorophyta; f__Chlamydomonadaceae; g__; s__	0.6
d76ac7102e8a1e8703ce7ebc22e7d9c5	k__Bacteria; p__Proteobacteria; c__Alphaproteobacteria; o__Rickettsiales; f__mitochondria	1.0
01ae3859617394e825d2dd231511fc2c	k__Bacteria; p__WPS-2; c__; o__; f__; g__; s__	1.0
10f021789b7f590d57d5c6ad5c84f161	k__Bacteria; p__Proteobacteria; c__Alphaproteobacteria; o__Rhizobiales; f__Beijerinckiaceae	0.6
93d96c89d924ce108f45d5e69faf013d	k__Bacteria; p__Bacteroidetes; c__[Saprospirae]; o__[Saprospirales]; f__Chitinophagaceae; g__; s__	0.8
a82172e4546aa55d787154d7f91b7da8	k__Bacteria; p__Bacteroidetes; c__[Saprospirae]; o__[Saprospirales]; f__Chitinophagaceae	1.0
f58d12b7e162483883db1241b56bc0a0	k__Bacteria; p__Proteobacteria; c__Deltaproteobacteria; o__Spirobacillales; f__; g__; s__	1.0
1a73e8cb553dfd0ba9bb0790264a4243	k__Bacteria; p__Proteobacteria; c__Alphaproteobacteria; o__Rickettsiales; f__; g__; s__	1.0
fc38630bee0c7ff011ba2539fddf85bb	k__Bacteria; p__Proteobacteria; c__Alphaproteobacteria; o__Rhizobiales; f__Rhizobiaceae	0.7
57f41ad78a616a3913c5e7daa098f9b5	k__Bacteria; p__Proteobacteria; c__Alphaproteobacteria; o__Rickettsiales; f__; g__; s__	1.0
7bea995f2f45fcf58ab4066c1d17c929	k__Bacteria; p__Planctomycetes; c__Planctomycetia; o__Planctomycetales; f__Planctomycetaceae; g__Planctomyces; s__	1.0
f7522d9a4768cc6fbcbffdb5e0afd6f4	k__Bacteria; p__Acidobacteria; c__Solibacteres; o__Solibacterales; f__; g__; s__	1.0
3d4a5b98376d580c0d412f2adc4f4d33	k__Bacteria; p__Proteobacteria; c__Alphaproteobacteria; o__BD7-3; f__; g__; s__	1.0
1949a6007836c2f260e85c869462ae97	k__Bacteria; p__Proteobacteria; c__Deltaproteobacteria; o__Desulfobacterales; f__Desulfobulbaceae; g__; s__	0.8
63744cda7fd3ecc91e71a346096f8f0a	k__Bacteria; p__Planctomycetes; c__Planctomycetia; o__Pirellulales; f__Pirellulaceae; g__; s__	0.9
c356baa5db25410f37e32e2af909f7af	Unassigned	0.0
4d54a91a6cfd5cf91da47d865ba0aea6	k__Bacteria; p__Cyanobacteria; c__Chloroplast; o__Stramenopiles; f__; g__; s__	1.0
53a7efa3c5640befb973f713063ae146	k__Bacteria; p__Proteobacteria; c__Gammaproteobacteria; o__Enterobacteriales; f__Enterobacteriaceae	1.0
921a56dc8309173cc43c0d301653f501	Unassigned	0.0
1e9a8b924bc4a6ce1a3acf06dd2b634e	k__Bacteria; p__Proteobacteria; c__Deltaproteobacteria; o__Spirobacillales; f__; g__; s__	1.0
04cf41a52ccefe2e38cdd5466379b59f	k__Archaea; p__[Parvarchaeota]; c__[Parvarchaea]; o__WCHD3-30; f__; g__; s__	1.0
6379842efeb4c7d578be35706c712786	k__Bacteria; p__WS3; c__PRR-12; o__GN03; f__; g__; s__	0.8333333333333334
9f6394d2dac9b74d97b2f1df0f3aa0df	Unassigned	0.0
315fb554933023e9150ecba778b4cdce	k__Bacteria; p__Actinobacteria; c__Actinobacteria; o__Actinomycetales; f__Nocardioidaceae; g__Aeromicrobium; s__	1.0
4e19b8c8ad1ab4d60accfc1c8d35b9e5	k__Bacteria; p__Actinobacteria; c__Acidimicrobiia; o__Acidimicrobiales; f__C111; g__; s__	1.0
bd7cd928a5ed165b765ac6dedfe99adb	k__Bacteria; p__Proteobacteria; c__Alphaproteobacteria; o__Caulobacterales; f__Caulobacteraceae; g__; s__	0.9
49d14d554d06f441e04de0224a1fc716	k__Bacteria; p__GN02; c__BB34; o__; f__; g__; s__	0.9
06666c26015374ce5d1afb563c348e48	k__Bacteria; p__Proteobacteria; c__Betaproteobacteria; o__Rhodocyclales; f__Rhodocyclaceae; g__Propionivibrio; s__	0.8
47168044e81a31aaaffc52c51b57f611	k__Bacteria; p__Bacteroidetes; c__Bacteroidia; o__Bacteroidales; f__Porphyromonadaceae	0.6666666666666666
05a89727150f743dd8f08c5f14dab7f7	k__Bacteria; p__Proteobacteria; c__Betaproteobacteria; o__Rhodocyclales; f__Rhodocyclaceae	1.0
ee6214c721c26aa8ae263adcdfaf7f11	k__Bacteria; p__Proteobacteria; c__Alphaproteobacteria; o__Rhodospirillales; f__Acetobacteraceae; g__Roseococcus; s__	1.0
ccde55f5e02ba60c9556a86754b2bb38	k__Bacteria; p__Firmicutes; c__Bacilli; o__Bacillales; f__Bacillaceae; g__Bacillus; s__	1.0
0614ceb6a8084468bef1314e6e1b4dc0	k__Bacteria; p__Gemmatimonadetes; c__Gemmatimonadetes; o__; f__; g__; s__	0.8
bd56961540c647595388dcdd6357fc45	k__Bacteria; p__Proteobacteria; c__Alphaproteobacteria; o__Rickettsiales; f__; g__; s__	1.0
623d7b9fe6d775f14581ea3afc721c30	k__Bacteria; p__Proteobacteria; c__Gammaproteobacteria; o__Legionellales; f__Legionellaceae; g__; s__	0.8
d313af3a3e48f5f0f11cc40e031c01f7	k__Bacteria; p__Proteobacteria; c__Gammaproteobacteria; o__Enterobacteriales; f__Enterobacteriaceae	0.9090909090909091
1f9fece1231c034ad3399a6906f3e674	k__Bacteria; p__Proteobacteria; c__Deltaproteobacteria; o__Bdellovibrionales; f__Bacteriovoracaceae; g__; s__	1.0
09062e1fa6718227b359d04ad632446a	k__Bacteria; p__Proteobacteria; c__Deltaproteobacteria; o__Spirobacillales; f__; g__; s__	1.0
2ce3c40a2a91ea7e30c3b38dc5a39076	k__Bacteria; p__Verrucomicrobia; c__[Methylacidiphilae]; o__Methylacidiphilales; f__LD19; g__; s__	1.0
2ccea7b2999d4c3c19ab876bd00247a7	k__Bacteria; p__Proteobacteria; c__Deltaproteobacteria; o__Desulfuromonadales; f__Geobacteraceae; g__Geobacter; s__	1.0
11c6897b20e0ac919dc83bba22650d00	k__Bacteria; p__Proteobacteria; c__Deltaproteobacteria; o__Bdellovibrionales; f__Bacteriovoracaceae; g__; s__	0.9
2feb576487d60d4512e31421278c957d	k__Bacteria; p__Bacteroidetes; c__VC2_1_Bac22; o__; f__; g__; s__	0.7
c35b32a83efffdb31ca22be6fdf0a99c	Unassigned	0.0
7a6432fb47c95f153c529854827484ab	k__Bacteria; p__Chloroflexi; c__Anaerolineae; o__Caldilineales; f__Caldilineaceae; g__Caldilinea; s__	0.6
cd194c78c82d7e951348407b27175a1a	k__Archaea; p__Euryarchaeota	0.5714285714285714
62d3d7ad1eb5b311d14d8e67e1b02cac	k__Archaea; p__Euryarchaeota; c__Methanobacteria; o__Methanobacteriales; f__Methanobacteriaceae; g__Methanobacterium; s__	0.7
31080c4dee6c535dffaee64fb549761d	k__Bacteria; p__Proteobacteria; c__Alphaproteobacteria; o__Rhodospirillales	1.0
a9556a30bd1dcdc5079a9ac7efcd27c7	k__Bacteria; p__Planctomycetes; c__Planctomycetia; o__Gemmatales; f__Gemmataceae; g__Gemmata; s__	1.0
7ca9b2accd0a6bba2e8e176f7fb1fcd4	k__Bacteria; p__Proteobacteria; c__Deltaproteobacteria; o__Desulfobacterales; f__Desulfobulbaceae; g__; s__	0.9
4bdd322a2028c4b0e2aafea5208e6976	k__Bacteria; p__Proteobacteria; c__Alphaproteobacteria; o__Sphingomonadales; f__; g__; s__	1.0
a870c5f0d98fc24ff17a9d8d97c26cf4	k__Bacteria; p__Proteobacteria; c__Alphaproteobacteria; o__Rhizobiales; f__; g__; s__	1.0
26d9700661db1576ae32d50bfc1ad906	k__Bacteria; p__Firmicutes; c__Clostridia; o__Clostridiales; f__Peptococcaceae; g__Pelotomaculum; s__	0.9
d4fb055b917840c8b46fbc5d6a7eacd5	k__Bacteria; p__Proteobacteria; c__Betaproteobacteria; o__SC-I-84; f__; g__; s__	0.9
e03a4415e00bdd8c75be0078238592f3	k__Bacteria; p__Bacteroidetes; c__Flavobacteriia; o__Flavobacteriales; f__Flavobacteriaceae; g__Flavobacterium; s__	1.0
1a855b9b0fdf98e5704dc7ec540b3411	k__Bacteria; p__OP11; c__OP11-2	1.0
74470cc3bf751a4371918e1eb38e0289	k__Bacteria; p__Proteobacteria; c__Gammaproteobacteria; o__Xanthomonadales; f__Sinobacteraceae; g__; s__	1.0
6c84add33a23f1175bb7a359eb91ce9b	k__Bacteria; p__Verrucomicrobia; c__[Pedosphaerae]; o__[Pedosphaerales]; f__R4-41B; g__; s__	0.6
d9931f528e33d1aee02b26de099afb54	k__Bacteria; p__Proteobacteria; c__Betaproteobacteria; o__Gallionellales; f__Gallionellaceae; g__Gallionella; s__	0.9
facd8a9f30f7817a9858f0e8d905bbb9	k__Bacteria; p__Proteobacteria; c__Alphaproteobacteria; o__Rhizobiales; f__Rhizobiaceae; g__Agrobacterium; s__	1.0
a00b64ef2d979c1e8ad26994d24ee4d3	k__Bacteria; p__Firmicutes; c__Clostridia; o__Clostridiales; f__Ruminococcaceae; g__Oscillospira; s__	1.0
6c3701840fa810ebd5f7c04b78c5baa5	k__Bacteria; p__Planctomycetes; c__vadinHA49; o__DH61; f__; g__; s__	1.0
2eadaca52f8a38ef667d079820395f43	k__Bacteria; p__Proteobacteria; c__Alphaproteobacteria; o__Sphingomonadales; f__Sphingomonadaceae; g__Blastomonas	0.7
baae0910c011a659de6c29a0513fcdd2	k__Bacteria; p__Proteobacteria; c__Alphaproteobacteria; o__Rhizobiales	0.6
b2ebc1cd5117d3fc4299eef073e64b0b	k__Bacteria; p__OD1; c__; o__; f__; g__; s__	1.0
eedf07c8878e85b35cc55b85e18e70ce	k__Bacteria; p__Actinobacteria; c__Thermoleophilia; o__Gaiellales; f__; g__; s__	1.0
16765b7c87e2a768d63aab9a6d63d083	k__Bacteria; p__Bacteroidetes	1.0
b64d063df4bd73c57ba92c16c592f99f	k__Bacteria; p__Proteobacteria; c__Deltaproteobacteria; o__Desulfuromonadales; f__Desulfuromonadaceae; g__; s__	1.0
7873a1ec93ec96705a21802d741e8cda	k__Bacteria; p__Proteobacteria; c__Alphaproteobacteria; o__Rhodobacterales; f__Hyphomonadaceae; g__; s__	0.9
889c8aecb4484ea56990501b677086d2	k__Bacteria; p__[Thermi]; c__Deinococci; o__Thermales; f__Thermaceae; g__Meiothermus; s__	1.0
3d426fb25bdbb2cab203778ae2ffb21c	k__Bacteria; p__GN02; c__BD1-5; o__; f__; g__; s__	0.6
b18a2f9ad73b19b12e0f37c007b4a31a	k__Bacteria; p__Proteobacteria; c__Alphaproteobacteria; o__Rhodospirillales; f__Acetobacteraceae; g__; s__	0.9
116ec42e9120c42a3eed1350b134c452	k__Bacteria; p__Bacteroidetes; c__Cytophagia; o__Cytophagales; f__Cytophagaceae	0.9
17d4774765d36c2a2442ae6ed4b3762c	k__Bacteria; p__Proteobacteria; c__Alphaproteobacteria; o__Rhizobiales; f__Hyphomicrobiaceae; g__Devosia; s__	1.0
c30ed903af1e1ae3d11a35e60f3efb5a	k__Bacteria; p__Actinobacteria; c__Thermoleophilia; o__Gaiellales; f__; g__; s__	1.0
c9ea4e9a3c0fc17ad320c730f0bb66f1	k__Bacteria; p__Proteobacteria; c__Alphaproteobacteria; o__Rhodospirillales; f__Rhodospirillaceae; g__Azospirillum; s__	1.0
d4e6256936094b4c978eb4f8ab316dd3	k__Bacteria; p__Cyanobacteria; c__Chloroplast; o__Stramenopiles; f__; g__; s__	1.0
84e0595bba7e12c67952723051422f64	k__Bacteria; p__Proteobacteria; c__Betaproteobacteria; o__Rhodocyclales; f__Rhodocyclaceae; g__Dechloromonas; s__	1.0
bdebeb68afb60b8f954726bddbded253	k__Bacteria; p__Bacteroidetes	1.0
faa19824c3420f04cc8dc8af793fd63b	k__Bacteria; p__Proteobacteria; c__Alphaproteobacteria; o__Rhizobiales; f__; g__; s__	0.6
fe97b7417f4236a63baf4ad2d3fe084e	k__Bacteria; p__Actinobacteria; c__Acidimicrobiia; o__Acidimicrobiales; f__C111; g__; s__	1.0
4df0645b86083e3e6e7aee9ff1a10f1c	k__Bacteria; p__Bacteroidetes; c__Bacteroidia; o__Bacteroidales; f__; g__; s__	1.0
73217b53b81069727f05bd0240d1fcb0	k__Bacteria; p__Cyanobacteria; c__Chloroplast; o__Stramenopiles; f__; g__; s__	1.0
9e68f8f5d636c0256d4dc5bd771b1ace	k__Bacteria; p__Firmicutes; c__Clostridia; o__Clostridiales	1.0
dc1b246690b6359a8a7e0263d89247ec	k__Bacteria; p__Actinobacteria; c__Acidimicrobiia; o__Acidimicrobiales; f__; g__; s__	1.0
01deef111850c4f0e2846e287abee31b	k__Bacteria; p__Proteobacteria; c__Alphaproteobacteria; o__Rhizobiales; f__; g__; s__	1.0
b315a40fec269769b9641fe49700085b	k__Bacteria	1.0
c332f46bc779079d78d6d49d4e1ba134	k__Bacteria; p__Actinobacteria; c__Actinobacteria; o__Actinomycetales; f__ACK-M1; g__; s__	1.0
cd7e4d0624b14cce983c87ee8fc27faa	k__Bacteria; p__Bacteroidetes; c__[Saprospirae]; o__[Saprospirales]; f__Chitinophagaceae; g__; s__	0.6
2c7d8caca8c85cc054451225fadb5ec2	k__Bacteria; p__Proteobacteria; c__Alphaproteobacteria; o__Rhodobacterales; f__Rhodobacteraceae; g__Rhodobacter; s__	0.7
acfa9964064138f760b5e4f24f8f7cf6	k__Bacteria; p__Planctomycetes; c__BD7-11; o__; f__; g__; s__	1.0
1867082361afbe63908e8d4d70292949	k__Bacteria; p__Proteobacteria	0.75
583927999016c40ca0fb89557cd7a8e2	k__Bacteria; p__Proteobacteria; c__Alphaproteobacteria; o__Rhizobiales; f__Phyllobacteriaceae; g__; s__	0.6
c5821907d3ace935e434bc03df131d63	k__Bacteria; p__Proteobacteria; c__Betaproteobacteria; o__Burkholderiales; f__Comamonadaceae; g__; s__	0.6
7f9229cdc68d03d69e6ea576fbac60d7	k__Bacteria; p__Proteobacteria; c__Alphaproteobacteria; o__Rhodobacterales; f__Rhodobacteraceae	0.7
190cb996232f9becca595ce7c5706e41	k__Bacteria; p__Proteobacteria	1.0
cb7220b0393331fabdfe7c1b389a4692	k__Bacteria; p__Proteobacteria; c__Betaproteobacteria; o__; f__; g__; s__	1.0
978eb1e6ab91338e01381c4711e09ad8	k__Bacteria; p__Verrucomicrobia; c__Opitutae; o__Opitutales; f__Opitutaceae; g__; s__	1.0
82b691e2b15d85ffd72d544a4c2a223e	k__Bacteria; p__Verrucomicrobia; c__[Pedosphaerae]; o__[Pedosphaerales]; f__R4-41B; g__; s__	0.6
6d43a97737e6568ab41352e40130a707	k__Bacteria; p__Proteobacteria; c__Alphaproteobacteria; o__Rhodospirillales; f__Rhodospirillaceae; g__Phaeospirillum; s__fulvum	0.6
de6f377ef7c2f4a7f38677e551113abd	k__Bacteria; p__Proteobacteria; c__Alphaproteobacteria; o__Rhodospirillales; f__Rhodospirillaceae; g__; s__	1.0
122fb6fca74c0447885bb2a90a5990fc	k__Bacteria; p__Cyanobacteria; c__Chloroplast; o__Chlorophyta; f__Trebouxiophyceae	0.7
c244dcd947df10b22db20ff58e858203	k__Bacteria; p__Proteobacteria; c__Betaproteobacteria; o__Burkholderiales; f__Comamonadaceae	1.0
0e7ae3fb24403b882e0ffec5f0425ae0	k__Bacteria; p__Proteobacteria; c__Deltaproteobacteria; o__MIZ46; f__; g__; s__	1.0
44c8d6bd873e33827148beb1325355ae	k__Bacteria; p__Bacteroidetes; c__[Saprospirae]; o__[Saprospirales]	0.6
5496e0ee6ae7b97c80bb13b5d791cb7d	k__Bacteria; p__Proteobacteria	1.0
ecd48be6b751457b6935600af885fae1	k__Bacteria; p__Proteobacteria; c__Betaproteobacteria; o__Burkholderiales; f__Comamonadaceae	1.0
c544a84ef6aa203ef2d9e6d34a1639bb	k__Bacteria; p__Bacteroidetes; c__[Saprospirae]; o__[Saprospirales]; f__Chitinophagaceae; g__; s__	0.6
15f161cf41488034e18a1510d012c93d	k__Bacteria; p__Bacteroidetes; c__Sphingobacteriia; o__Sphingobacteriales; f__; g__; s__	1.0
9dd5cb6bc1a38bde001675e5ee7ca991	k__Bacteria; p__Proteobacteria; c__TA18; o__PHOS-HD29; f__; g__; s__	1.0
256861dbc503f99f4dcb8ca5c11d93ec	k__Bacteria; p__Proteobacteria; c__Gammaproteobacteria; o__Legionellales	0.9
6d9b3e5a69859890c5cb31cfcf4c6049	k__Bacteria; p__Fusobacteria; c__Fusobacteriia; o__Fusobacteriales; f__Fusobacteriaceae; g__Cetobacterium; s__somerae	1.0
d1d801e460b247b646f15f9b8e2b12b9	k__Bacteria; p__TM6; c__SBRH58; o__; f__; g__; s__	0.7
67d85adb839945cff2d417b6a2f24961	k__Bacteria; p__Firmicutes; c__Clostridia; o__Clostridiales; f__; g__; s__	0.6
69dc4f5edfb1e0c4d410b4eae356e663	k__Bacteria; p__Acidobacteria; c__[Chloracidobacteria]; o__PK29; f__; g__; s__	1.0
d97770ef973a478894db9b541b94cef1	k__Bacteria; p__Chloroflexi; c__Anaerolineae; o__WCHB1-50; f__; g__; s__	1.0
64a5dad6c4c5675e532c50e62ec59df4	k__Bacteria; p__Bacteroidetes; c__[Saprospirae]; o__[Saprospirales]; f__Saprospiraceae; g__; s__	0.8
8adc195af5d4815885c34acc3269575a	k__Bacteria; p__GN02; c__BD1-5; o__; f__; g__; s__	0.6
086596776500438e192e142ab50535cc	k__Bacteria; p__Proteobacteria; c__Deltaproteobacteria; o__Myxococcales; f__; g__; s__	0.8
b0cf68d9ab9ecc3b8506b883a4fae398	k__Bacteria; p__Firmicutes; c__Bacilli; o__Bacillales; f__Bacillaceae; g__Bacillus	0.8
37d4524a51518577bb163db1fecaf8ca	k__Bacteria; p__Planctomycetes; c__Planctomycetia; o__Pirellulales; f__Pirellulaceae; g__; s__	1.0
57caf1aad269f9474ad4ef36fd4896e0	k__Bacteria; p__Proteobacteria; c__Alphaproteobacteria; o__Rhizobiales; f__Hyphomicrobiaceae	0.7
644327ed48438a2387781d82560427ae	k__Bacteria; p__OD1; c__; o__; f__; g__; s__	1.0
c28e6d84d9916649a614efc55ee7ec8b	k__Bacteria; p__Cyanobacteria; c__Nostocophycideae; o__Nostocales; f__Nostocaceae	1.0
7dbc4cb43a35e1e7e200498f1a85a80a	k__Bacteria; p__Bacteroidetes; c__[Saprospirae]; o__[Saprospirales]; f__Chitinophagaceae; g__; s__	0.6
b54c2e3fb8a73b80526e0daf0bbecb13	k__Bacteria; p__Bacteroidetes; c__Flavobacteriia; o__Flavobacteriales; f__Cryomorphaceae; g__; s__	0.7
b68927359cefd51b5f6f1b4ebfa63608	k__Bacteria; p__Actinobacteria; c__Actinobacteria; o__Actinomycetales; f__Microbacteriaceae	1.0
f65087906967bc3aa9e46edddf0606b1	k__Bacteria; p__Bacteroidetes; c__[Saprospirae]; o__[Saprospirales]; f__Saprospiraceae; g__; s__	1.0
f3643a2134016fe1532d670b574a8c1b	k__Bacteria; p__Proteobacteria; c__Deltaproteobacteria; o__Myxococcales; f__OM27; g__; s__	1.0
09fb034abd1d5a7209c21b8699447f30	k__Bacteria; p__Proteobacteria; c__Alphaproteobacteria; o__Sphingomonadales; f__; g__; s__	0.8
b308c488785b47f81dfc32aad4794698	k__Bacteria; p__Proteobacteria; c__Gammaproteobacteria; o__Xanthomonadales; f__Xanthomonadaceae; g__; s__	0.8
a5146013e7e6e94aa8631607ac030c9d	k__Bacteria; p__Proteobacteria; c__Alphaproteobacteria; o__Rickettsiales; f__mitochondria; g__; s__	1.0
74132b0c52f2dc85ff37b394f6e9bc95	k__Bacteria; p__Proteobacteria; c__Alphaproteobacteria; o__Rickettsiales; f__Holosporaceae; g__; s__	0.5555555555555556
400184db7c6b0783d413bef4c5c32bfe	k__Bacteria; p__Cyanobacteria; c__Synechococcophycideae; o__Pseudanabaenales; f__Pseudanabaenaceae; g__Leptolyngbya; s__	1.0
31bb933bec015e792b6ff58c65bac06f	k__Bacteria; p__Bacteroidetes; c__[Saprospirae]; o__[Saprospirales]; f__Chitinophagaceae; g__; s__	0.9
5a84604ca4c7d0fe861f78be8ad26f87	k__Bacteria; p__Proteobacteria; c__Alphaproteobacteria; o__Rhizobiales; f__; g__; s__	1.0
4a125a8840d68ef7b48f4bf72c61acf6	k__Bacteria; p__Proteobacteria; c__Betaproteobacteria; o__Rhodocyclales; f__Rhodocyclaceae; g__Propionivibrio; s__	0.6
49fe15456829651cf7a71012c3e06956	k__Bacteria; p__Fibrobacteres; c__TG3; o__TG3-1; f__TSCOR003-O20; g__; s__	1.0
2590874881ee6867d8602ab417cb2444	k__Bacteria; p__Actinobacteria; c__Thermoleophilia; o__Gaiellales; f__; g__; s__	1.0
d9f437c1ae6f9eb786553bf584d901fe	k__Bacteria; p__Bacteroidetes; c__[Saprospirae]; o__[Saprospirales]; f__Saprospiraceae; g__; s__	1.0
4629ce759f787a673ae94b1ccd8811c9	k__Bacteria; p__Proteobacteria; c__Betaproteobacteria; o__Burkholderiales; f__Comamonadaceae; g__Limnobacter; s__	0.9
13e2bbfe49b37ab819fb40490680323d	k__Bacteria; p__Spirochaetes; c__[Leptospirae]; o__[Leptospirales]; f__Leptospiraceae; g__Leptospira; s__	1.0
0eb380e71864b1c01184359486fb5999	k__Bacteria; p__Cyanobacteria; c__Chloroplast; o__Chlorophyta; f__Chlamydomonadaceae; g__; s__	0.6
44a6e0f52c71013f9dba99412947fdf8	k__Bacteria; p__Proteobacteria; c__Alphaproteobacteria; o__Caulobacterales; f__Caulobacteraceae; g__; s__	1.0
9bdd4f2a0febe21369de60c5fece3aa3	k__Bacteria; p__Proteobacteria; c__TA18; o__CV90; f__; g__; s__	1.0
a8dbf422e26ed9e9ed56d104d2bb7099	k__Bacteria; p__Proteobacteria; c__Alphaproteobacteria; o__Caulobacterales; f__Caulobacteraceae; g__; s__	1.0
9ddcdf9e3e4ad3ee9efe67da0ab7e3e8	k__Bacteria; p__Actinobacteria; c__; o__; f__; g__; s__	0.6
1e0a915b8f82f52862007c4fc80553d9	k__Bacteria; p__Bacteroidetes; c__Bacteroidia; o__Bacteroidales; f__Bacteroidaceae; g__Bacteroides; s__	0.8
7a9d9a5009a0eab6adc141d23274dca1	k__Bacteria; p__Proteobacteria; c__Alphaproteobacteria; o__Rickettsiales; f__; g__; s__	1.0
6e917922d6b2dd00aac21af51e870e60	k__Bacteria; p__Proteobacteria; c__Alphaproteobacteria; o__Sphingomonadales; f__Sphingomonadaceae; g__Novosphingobium; s__	0.9
084031cf98da6da918989f306eedee20	k__Bacteria; p__Proteobacteria; c__Betaproteobacteria; o__Thiobacterales; f__; g__; s__	0.7
0c88d1fc067f3894751324c7e972f9f9	k__Bacteria; p__Actinobacteria; c__Thermoleophilia; o__Gaiellales; f__; g__; s__	1.0
32328c1a60401b76f64fc8bc326766c9	k__Bacteria; p__Proteobacteria; c__Alphaproteobacteria; o__; f__; g__; s__	1.0
a3a6a8d4eead73ac04c2af028ecd1434	k__Bacteria; p__Proteobacteria; c__Alphaproteobacteria; o__Rhodospirillales; f__Acetobacteraceae; g__; s__	0.9
59524f99ba0cdb688b0296a2168615d5	k__Bacteria; p__Bacteroidetes; c__Bacteroidia; o__Bacteroidales; f__Bacteroidaceae; g__Bacteroides; s__	0.8
096b33e8ac80f7e1bf03913aa963447b	k__Bacteria; p__Proteobacteria; c__Alphaproteobacteria; o__Sphingomonadales; f__Sphingomonadaceae; g__; s__	0.7
0106835543d0cfcf827b68477d72a41f	k__Bacteria; p__Bacteroidetes; c__Sphingobacteriia; o__Sphingobacteriales; f__; g__; s__	1.0
a703b417ed29b0d120ccce5c015bf8fb	k__Bacteria; p__Verrucomicrobia; c__[Pedosphaerae]; o__[Pedosphaerales]; f__; g__; s__	0.6
95bdaabb282e136f76fcbb200bdff7f7	k__Bacteria; p__Proteobacteria; c__Alphaproteobacteria; o__Rhizobiales; f__Rhizobiaceae; g__Rhizobium; s__	0.6
bf30ee2e3d26a17c31b0309d118ac484	k__Bacteria; p__Gemmatimonadetes; c__Gemmatimonadetes; o__Gemmatimonadales; f__Gemmatimonadaceae; g__Gemmatimonas; s__	1.0
ff06514a758308ebf08cfa2731b85898	k__Bacteria; p__Proteobacteria; c__TA18; o__PHOS-HD29; f__; g__; s__	0.9
59d0d6549eb9c43fbf30de5f3a4e35fd	k__Bacteria; p__Cyanobacteria; c__Synechococcophycideae; o__Pseudanabaenales; f__Pseudanabaenaceae	0.8
302bec02e476accee3db1592885de420	k__Bacteria; p__Bacteroidetes; c__Sphingobacteriia; o__Sphingobacteriales; f__; g__; s__	1.0
b29fede9c90cb61887f478011a3d5156	k__Bacteria; p__Verrucomicrobia; c__[Spartobacteria]; o__[Chthoniobacterales]; f__[Chthoniobacteraceae]; g__Candidatus Xiphinematobacter; s__	0.9
6ae0b8f03b3a94894cec78e9011d6819	k__Bacteria; p__Proteobacteria; c__Alphaproteobacteria; o__Rickettsiales; f__mitochondria; g__Phytophthora	0.6
9831906c1d9534e60b8d5c232ec88d79	k__Bacteria; p__Proteobacteria; c__Alphaproteobacteria; o__Rhizobiales; f__; g__; s__	0.9
f980832bd4d463ed7aaa4b7210a01717	k__Bacteria; p__Verrucomicrobia; c__Verruco-5	1.0
131e4ce10c45a381c23b00ecf202ea58	k__Bacteria; p__Proteobacteria; c__Alphaproteobacteria; o__Rickettsiales; f__; g__; s__	0.8
1d878f911557c21d380b4e956d293083	k__Bacteria; p__Planctomycetes; c__Planctomycetia; o__Pirellulales; f__Pirellulaceae; g__; s__	1.0
0a5504e4843a93fa1dfaf07d3eb89ae8	k__Bacteria; p__Actinobacteria; c__Actinobacteria; o__Actinomycetales; f__ACK-M1; g__; s__	0.9
3616b211f564bf2466a5569d31035bba	k__Bacteria; p__Cyanobacteria; c__Nostocophycideae; o__Nostocales; f__Nostocaceae; g__Anabaena	0.6
0ad38a4a1b69a884f61a7cc93dae5fe8	k__Bacteria; p__Proteobacteria; c__Alphaproteobacteria; o__Rhodospirillales; f__Rhodospirillaceae; g__; s__	0.9
7d82fc63afbddeb59495b1a0a308444d	k__Bacteria; p__TPD-58; c__; o__; f__; g__; s__	0.8
911f72a3dcbde34cd586cdff1e4b149f	k__Bacteria; p__Proteobacteria; c__Deltaproteobacteria; o__Bdellovibrionales; f__Bdellovibrionaceae; g__Bdellovibrio; s__	0.8
40fb0ced496e8ea7f3c6ca01bcdada58	k__Bacteria; p__Verrucomicrobia; c__Verrucomicrobiae; o__Verrucomicrobiales; f__Verrucomicrobiaceae; g__; s__	0.6
8db4f77f4dfed0924603dd8df33da99b	k__Bacteria; p__Proteobacteria; c__Betaproteobacteria; o__Burkholderiales; f__Comamonadaceae; g__Rubrivivax; s__gelatinosus	0.8
ce5643c34af07c6015a7b581d94c3a21	k__Bacteria; p__Proteobacteria; c__TA18; o__CV90; f__; g__; s__	1.0
e5f18ca21e3650546870cd62a1a3577c	k__Bacteria; p__Proteobacteria	1.0
89a45f9ee9278e766d7868b5a871b3a6	k__Bacteria; p__Cyanobacteria; c__; o__; f__; g__; s__	0.6
e19780e05d7c8ab864894c207d64dd79	k__Bacteria; p__Actinobacteria; c__Acidimicrobiia; o__Acidimicrobiales; f__; g__; s__	1.0
ede25229df7168fc5a0da1463cb460c9	k__Bacteria; p__Firmicutes; c__Clostridia; o__Clostridiales; f__Clostridiaceae; g__Clostridium; s__	0.6
d89a56d6b07be0d8c47bbd29d399b274	k__Bacteria; p__Bacteroidetes; c__Flavobacteriia; o__Flavobacteriales; f__Cryomorphaceae; g__; s__	1.0
6c051f4137193f5ab269359fb14e7547	k__Bacteria; p__Actinobacteria; c__Actinobacteria; o__Actinomycetales; f__Streptomycetaceae; g__Streptomyces; s__	0.6
5a77c19d82d9e7d3c2a9cb0a2907c506	k__Bacteria; p__OP3; c__koll11; o__GIF10; f__kpj58rc; g__; s__	1.0
00fcd66e23e9f1ca108116c1c01613ad	k__Bacteria; p__Spirochaetes; c__[Leptospirae]; o__[Leptospirales]; f__Leptospiraceae; g__Leptospira; s__	1.0
e44ffbbbae06fa25c490ffe22f249f1a	k__Bacteria; p__Proteobacteria; c__Alphaproteobacteria; o__Rickettsiales	1.0
5fa24bf845760acef569eec5d46c8751	k__Bacteria; p__Proteobacteria	1.0
e54fa069a06769e228a6c9a806d9abbe	k__Bacteria; p__Proteobacteria; c__Alphaproteobacteria; o__Rhizobiales; f__Hyphomicrobiaceae; g__; s__	0.7
133ce26f5246541f43952108f4ed8ec0	k__Bacteria; p__Bacteroidetes; c__[Saprospirae]; o__[Saprospirales]; f__Chitinophagaceae	1.0
834c99e982b6a91986dfd38daf451eac	k__Bacteria; p__Proteobacteria; c__Gammaproteobacteria; o__Alteromonadales; f__Alteromonadaceae; g__Cellvibrio; s__	1.0
ad2fde74c3c33f6b775369fee5c0c832	k__Bacteria	1.0
570a897c70b4a71d732547d43cfff918	k__Bacteria; p__Firmicutes; c__Clostridia; o__Clostridiales; f__[Tissierellaceae]; g__Anaerococcus; s__	1.0
3c7f3fe83753033dce4b7329404063ca	k__Bacteria; p__Proteobacteria; c__Alphaproteobacteria; o__Rickettsiales; f__; g__; s__	1.0
d66a78f5c90f9195f83c412c038f86db	k__Bacteria; p__Proteobacteria; c__Betaproteobacteria; o__Burkholderiales; f__Comamonadaceae; g__; s__	0.7
bbd567d8c0674968f01e1e077d2552d5	k__Bacteria; p__Firmicutes; c__Clostridia; o__Clostridiales; f__[Acidaminobacteraceae]; g__Fusibacter; s__	1.0
0f3cfe3e8663d7b8ad09f38d5e861b11	k__Bacteria; p__Planctomycetes; c__Planctomycetia; o__Gemmatales; f__Gemmataceae; g__Gemmata; s__	1.0
19014a75353cf0eb3529bffeec54ca34	k__Bacteria; p__Firmicutes; c__Clostridia; o__Clostridiales; f__Clostridiaceae; g__; s__	0.9
9c21245e3e2228fd83d84b9de203b39d	k__Archaea; p__[Parvarchaeota]; c__[Parvarchaea]; o__WCHD3-30; f__; g__; s__	1.0
4c1bc6f312dfd89cb33126a4636ffb02	k__Bacteria; p__Proteobacteria; c__Alphaproteobacteria; o__Rhodospirillales; f__Acetobacteraceae; g__; s__	0.9
5ea25205223b54e215aad69421043f5c	k__Bacteria; p__OD1; c__ZB2; o__; f__; g__; s__	1.0
54023c98602c2c3b9d39f7868e10d2a6	k__Bacteria	1.0
d773fa7532218357421a73fe9a96337d	k__Bacteria; p__Planctomycetes; c__Phycisphaerae; o__WD2101; f__; g__; s__	1.0
960810b593963ad2598ee2ab06a79a81	k__Bacteria; p__Firmicutes; c__Clostridia; o__Clostridiales	0.9
8c504321b698d6475bc2fc3a1d36d39e	k__Bacteria; p__Bacteroidetes; c__[Saprospirae]; o__[Saprospirales]; f__Chitinophagaceae; g__; s__	1.0
93ff685e8d535ff051a7dd7fbd3224c0	k__Bacteria; p__Bacteroidetes; c__[Saprospirae]; o__[Saprospirales]; f__Chitinophagaceae; g__; s__	1.0
3aade14a392f9e714dfb333a43e6ff25	k__Bacteria; p__SR1; c__; o__; f__; g__; s__	1.0
90c8edd2a522a7d58a52b68c8c8223ee	k__Bacteria; p__Chlorobi; c__OPB56; o__; f__; g__; s__	1.0
3a89670bf82dbfc981238261a3fe4db2	k__Bacteria; p__Cyanobacteria; c__Chloroplast; o__Stramenopiles; f__; g__; s__	1.0
75ae759d56b3a0d9d6659a393d45503d	Unassigned	0.0
cd086da312d74ef5e6d771f84c5b1f6d	k__Bacteria; p__Cyanobacteria; c__; o__; f__; g__; s__	0.6
e294546df8a838b0be10734826e15500	k__Bacteria; p__Planctomycetes	0.6666666666666666
c17cf08d43c9f68c512356500a1c8f0c	k__Bacteria; p__Proteobacteria; c__Betaproteobacteria; o__Rhodocyclales; f__Rhodocyclaceae	0.6
ecf40bdab10a4da603bc200420729e6f	k__Bacteria; p__Bacteroidetes; c__[Saprospirae]; o__[Saprospirales]; f__Saprospiraceae; g__; s__	1.0
b8abfad5af685e012886067ea24b2d8a	k__Bacteria; p__Bacteroidetes; c__Cytophagia; o__Cytophagales; f__[Amoebophilaceae]; g__SC3-56; s__	0.6
ee4f2d9e4594d4a0c75e0461313db615	k__Bacteria; p__Planctomycetes; c__OM190; o__CL500-15; f__; g__; s__	1.0
1e66d100ce0c9b986a17dab980e9ad2d	k__Bacteria; p__Proteobacteria; c__Deltaproteobacteria; o__Bdellovibrionales; f__Bdellovibrionaceae; g__Bdellovibrio; s__	1.0
816f400bc57ef7b5254623b826254465	k__Bacteria; p__Proteobacteria; c__Gammaproteobacteria; o__Legionellales; f__Legionellaceae; g__; s__	0.8
59cb1d206cbe59d31dcafe248f559be7	k__Bacteria; p__Bacteroidetes; c__Cytophagia; o__Cytophagales; f__Flammeovirgaceae; g__; s__	0.7
aa66666e89d52e6c0ecca33b56e6e1d7	k__Bacteria; p__Cyanobacteria; c__Chloroplast; o__Stramenopiles; f__; g__; s__	1.0
3d0488b414f66afc46612eb787cfe278	k__Bacteria; p__Proteobacteria; c__Alphaproteobacteria; o__Rhodobacterales; f__Hyphomonadaceae; g__; s__	0.7
28e3b092b0a454adda3e4939910dbeb1	k__Bacteria; p__Actinobacteria; c__Actinobacteria; o__Actinomycetales; f__ACK-M1; g__; s__	1.0
a296df403400119e86b3649b0e952c76	k__Bacteria; p__Proteobacteria; c__Alphaproteobacteria; o__; f__; g__; s__	0.7
5ceaa0a4a23188461c2bc222a3538b43	k__Bacteria; p__Tenericutes; c__Mollicutes; o__RF39; f__; g__; s__	1.0
c913baa62617db3fe1a63a6554d805a1	k__Bacteria; p__Firmicutes; c__Bacilli; o__Lactobacillales; f__Lactobacillaceae; g__Lactobacillus; s__	0.7
ec2affdf937aab33c695dc94d74f8bea	k__Bacteria; p__OD1; c__SM2F11; o__; f__; g__; s__	0.8
c7d3fbea6cd65066b42f0c3b71ad8682	k__Bacteria	1.0
96e9ce502ef49562b85d0c4f55cc0212	k__Bacteria; p__Proteobacteria; c__Betaproteobacteria; o__Burkholderiales; f__; g__; s__	0.7
09daaadc28b199ab3a08c7f244abd3e2	k__Bacteria; p__Proteobacteria; c__Alphaproteobacteria; o__Rickettsiales; f__; g__; s__	0.9
244a95658c9b987523563faa3ada6903	k__Bacteria; p__Armatimonadetes; c__Armatimonadia; o__Armatimonadales; f__Armatimonadaceae; g__; s__	0.7
8d1360566ec320e45336ca5c16567b16	k__Bacteria; p__Proteobacteria; c__Gammaproteobacteria; o__Aeromonadales; f__Aeromonadaceae; g__; s__	0.8
0c9333cca237764a0a02b4d674f1edf4	k__Bacteria; p__Proteobacteria; c__Gammaproteobacteria	0.9090909090909091
43e1838f7f3f2e63dd54fae09e17cb17	k__Bacteria; p__Proteobacteria; c__Gammaproteobacteria; o__Xanthomonadales; f__Sinobacteraceae; g__; s__	0.6
6037f6a1df8a6548d578d46e1a11d8ee	k__Bacteria; p__TM7; c__TM7-1; o__; f__; g__; s__	1.0
48394fed9801add4ff99d3ea680d15de	k__Bacteria; p__Proteobacteria	0.7
cbf3cdfb73a5a2444cbf6890d01ed133	k__Bacteria; p__Cyanobacteria; c__Chloroplast; o__Streptophyta; f__; g__; s__	1.0
2f8605eb34311fa745c47481a21c7c2f	k__Bacteria; p__Proteobacteria; c__Deltaproteobacteria; o__Myxococcales; f__; g__; s__	1.0
e23021c3e9ed5daa07529408b592fc1d	k__Bacteria; p__Planctomycetes; c__OM190; o__CL500-15; f__; g__; s__	1.0
c6fbfe61e884bed269483d1a772da5a3	k__Bacteria; p__Actinobacteria; c__Acidimicrobiia; o__Acidimicrobiales; f__C111; g__; s__	1.0
94ee3e5a0b5c2e312a9fd7e81a3cf4ac	k__Bacteria; p__Proteobacteria; c__Deltaproteobacteria; o__Myxococcales; f__0319-6G20; g__; s__	1.0
e7a623916873e7afb71c050e73143542	Unassigned	0.0
94c048885897b8e69dda0069cdad0d85	k__Bacteria; p__Proteobacteria; c__Deltaproteobacteria; o__Desulfobacterales; f__Desulfobulbaceae; g__; s__	0.8
7cd8aee98f75abbde9bdbdf84c5bbbde	Unassigned	0.0
c99f19f82dc03cd8731654d05b7e603f	k__Bacteria; p__Proteobacteria; c__Alphaproteobacteria; o__Rickettsiales; f__Rickettsiaceae; g__; s__	0.6
ff066c144d52c04339c4e353b33b3586	k__Bacteria; p__Armatimonadetes; c__[Fimbriimonadia]; o__[Fimbriimonadales]; f__[Fimbriimonadaceae]	0.8
13fb36133075abb341d91fe79d48dd83	k__Bacteria; p__Proteobacteria; c__Betaproteobacteria; o__; f__; g__; s__	0.7
653033b8ceb17dad8ad2a7ad01c1fb75	k__Bacteria; p__Proteobacteria; c__Betaproteobacteria	1.0
8cb204d371e499d9e7dbc38032f835f8	k__Bacteria; p__Proteobacteria; c__Betaproteobacteria; o__Burkholderiales; f__Comamonadaceae; g__; s__	0.8
2746b8d8739cd3703930150446954a9f	Unassigned	0.0
95317ab2b646ed7a12868b9d63771114	k__Bacteria; p__Verrucomicrobia; c__Verrucomicrobiae; o__Verrucomicrobiales; f__Verrucomicrobiaceae; g__; s__	0.6
8a1db4ed777eb043a54515220152f372	k__Bacteria; p__Planctomycetes; c__Planctomycetia; o__Gemmatales; f__Gemmataceae; g__Gemmata; s__	1.0
93660f44067d2a72eced7979379dda41	k__Bacteria; p__Firmicutes; c__Clostridia; o__Clostridiales; f__Lachnospiraceae; g__Coprococcus; s__	0.7
a80e2e6f7beb50c8e95db06f6e8ee5de	k__Bacteria; p__Actinobacteria; c__Acidimicrobiia; o__Acidimicrobiales; f__C111; g__; s__	1.0
fd60639de1d19da09847b6733d9b0ba4	k__Bacteria; p__Proteobacteria; c__Alphaproteobacteria; o__Rickettsiales; f__; g__; s__	0.9
3422f5b14c1fd33aa0aca9d62f155bd4	k__Bacteria; p__Bacteroidetes; c__Bacteroidia; o__Bacteroidales	1.0
79090965535f69052e8a3fcd73bd1b78	k__Bacteria; p__Bacteroidetes; c__[Saprospirae]; o__[Saprospirales]; f__Chitinophagaceae; g__Sediminibacterium; s__	1.0
e6f0d6e5bbfbd4fb6e2c12c4ad2c6c34	k__Bacteria; p__Bacteroidetes; c__Bacteroidia; o__Bacteroidales; f__; g__; s__	0.9
2647ff41f0597bbcfe195629a868b59e	k__Bacteria; p__Verrucomicrobia; c__[Pedosphaerae]; o__[Pedosphaerales]	1.0
b41c15b76add08ab82971a30c49b9f63	k__Bacteria; p__Proteobacteria; c__Alphaproteobacteria; o__Rhizobiales; f__Hyphomicrobiaceae; g__Hyphomicrobium; s__	0.9
0af6bddd3799951d6d499f373b04a30b	k__Bacteria; p__Proteobacteria; c__Gammaproteobacteria; o__Methylococcales; f__Methylococcaceae; g__Methylomonas; s__	0.8
dab06b1423e07a637f8a55bbc13ef8c1	k__Bacteria; p__Chloroflexi; c__Anaerolineae; o__Caldilineales; f__Caldilineaceae; g__; s__	1.0
97cf6986d6657d5fe645423985769ab1	k__Bacteria; p__Proteobacteria; c__Alphaproteobacteria; o__; f__; g__; s__	1.0
dfbd06e37c418b5a926be992ad5e15f1	k__Bacteria; p__Proteobacteria; c__Alphaproteobacteria; o__Rhizobiales; f__; g__; s__	1.0
cda3642671629652c80cb4b1d9be2e28	k__Archaea; p__[Parvarchaeota]; c__[Parvarchaea]; o__WCHD3-30; f__; g__; s__	1.0
187580e2350b02930d5bf20b62fb5461	k__Bacteria; p__Proteobacteria; c__Alphaproteobacteria; o__Caulobacterales; f__Caulobacteraceae; g__; s__	1.0
0abfeb8379d028570a712275b0f01aa6	k__Bacteria; p__Proteobacteria; c__Alphaproteobacteria; o__Rickettsiales; f__; g__; s__	1.0
b82aeec1ca466a3f5e274e1f1a69320c	k__Bacteria; p__Proteobacteria; c__TA18; o__PHOS-HD29; f__; g__; s__	1.0
bdcd924d0cd62cb99bd071c0c0fca10d	k__Bacteria; p__Proteobacteria; c__Betaproteobacteria; o__Neisseriales; f__Neisseriaceae; g__; s__	0.6
aca1460bd080fb9fde51b444076629c4	k__Bacteria; p__Planctomycetes; c__Phycisphaerae; o__Phycisphaerales; f__; g__; s__	0.9
c4b58252c1446ba0709e9ed59d36a557	k__Bacteria; p__Bacteroidetes; c__Bacteroidia; o__Bacteroidales	0.9
fd492daf05b3f2bba6c6cb652f0eb0bb	k__Bacteria; p__Proteobacteria; c__Alphaproteobacteria; o__Rickettsiales; f__; g__; s__	1.0
2e1064d870dc0bd7f6126c059c21a689	k__Bacteria; p__Proteobacteria; c__Alphaproteobacteria; o__Sphingomonadales; f__; g__; s__	0.9
b2842fc843354db80cf90cd75014412b	k__Bacteria; p__Chloroflexi; c__Ellin6529; o__; f__; g__; s__	1.0
986f099e0c89cfd9645150f18e239848	k__Bacteria; p__Actinobacteria; c__Actinobacteria; o__Actinomycetales; f__Microbacteriaceae	1.0
3e4ae7ccfb5f46a91e8acf6560c4b033	k__Bacteria; p__Cyanobacteria; c__Chloroplast; o__Stramenopiles; f__; g__; s__	1.0
b044d971c2a719d3f2b8210e3111ac71	k__Bacteria	1.0
bd13a350b93545616b01afe14a40d372	k__Bacteria; p__Bacteroidetes; c__Flavobacteriia; o__Flavobacteriales; f__Cryomorphaceae; g__; s__	0.8
40e1340ae7d9e75f418ca36ef4935191	k__Bacteria; p__Proteobacteria; c__Alphaproteobacteria; o__Rickettsiales; f__; g__; s__	1.0
32e81e1505f6949dd0a98d014c21b640	k__Bacteria; p__Chloroflexi; c__Anaerolineae; o__GCA004; f__; g__; s__	1.0
1154ed90ea6aaa964e54dc05bdd61f46	k__Bacteria; p__Gemmatimonadetes; c__Gemmatimonadetes; o__Gemmatimonadales; f__Gemmatimonadaceae; g__Gemmatimonas; s__	1.0
efd0b19ea0e9522d06d20dacf25ab7da	k__Bacteria; p__Proteobacteria; c__Deltaproteobacteria	1.0
cc10aa23cebac3f993532aa9709b378e	k__Bacteria; p__Bacteroidetes; c__Bacteroidia; o__Bacteroidales; f__; g__; s__	0.9
21c0bd3786f46712cd6954f0537761db	k__Bacteria; p__Firmicutes; c__Clostridia; o__Clostridiales; f__; g__; s__	0.9
4d7877c5b414bdcf817ca7e6abc33aa8	k__Bacteria; p__Proteobacteria; c__Betaproteobacteria; o__Rhodocyclales; f__Rhodocyclaceae; g__Dechloromonas; s__	0.9
34090d124ca6116694245c596771f376	k__Bacteria; p__Elusimicrobia; c__Elusimicrobia; o__IIb; f__; g__; s__	1.0
4cd21542339d3346595543d6a2701ccf	k__Bacteria; p__Bacteroidetes; c__[Saprospirae]; o__[Saprospirales]; f__Saprospiraceae; g__; s__	0.9
f892fa2fdd7d1c58c70a0a90ca4c194a	k__Bacteria; p__Actinobacteria; c__Acidimicrobiia; o__Acidimicrobiales; f__; g__; s__	1.0
56936a2cd528b6015b63335217443041	k__Bacteria; p__Proteobacteria; c__Alphaproteobacteria; o__Rickettsiales; f__mitochondria; g__Vermamoeba; s__vermiformis	1.0
c0c82327c5e4e873b4235e167b169020	k__Bacteria; p__Proteobacteria; c__Alphaproteobacteria; o__Rhodospirillales; f__Rhodospirillaceae; g__; s__	0.6
cd9e50473e33fb09a3fb8a1b13ffb25f	k__Bacteria; p__Proteobacteria; c__Deltaproteobacteria; o__Myxococcales; f__; g__; s__	1.0
6074503d0cc791d36ee30b43a2417e4f	k__Bacteria; p__Bacteroidetes; c__Flavobacteriia; o__Flavobacteriales; f__Flavobacteriaceae; g__Flavobacterium; s__	0.9
da59f210cc8be3f44fc97f4461789612	k__Bacteria; p__Acidobacteria; c__Acidobacteria-6; o__iii1-15; f__mb2424; g__; s__	1.0
5e1dc5b0c9f8f8db4dd506b43d22b7a2	k__Bacteria; p__Proteobacteria; c__Gammaproteobacteria; o__Methylococcales; f__Methylococcaceae; g__Methylocaldum; s__	0.7
c8bbd9e7fe9c6fdb42e308a234bdbf0e	k__Bacteria; p__Planctomycetes; c__OM190; o__agg27; f__; g__; s__	1.0
c3a19fc5e3293832351ba7f3dcabab4d	k__Bacteria; p__Proteobacteria; c__Betaproteobacteria; o__SBla14; f__; g__; s__	0.7
3098ca813d9962fd4576a5bb1ad03c22	k__Bacteria; p__Actinobacteria; c__Acidimicrobiia; o__Acidimicrobiales; f__C111; g__; s__	1.0
18996691f2fe488d49f87fee4291c6a1	k__Bacteria; p__Proteobacteria; c__Deltaproteobacteria; o__Desulfobacterales; f__Desulfobacteraceae; g__; s__	0.7
b720eab92e4cd635c5b50a804431180b	k__Bacteria; p__SR1; c__; o__; f__; g__; s__	1.0
1390d4cb6ae9323d1c82c1cb2857932a	k__Bacteria; p__Gemmatimonadetes; c__Gemmatimonadetes; o__KD8-87; f__; g__; s__	1.0
89977578c8f386df9f1cf9e47a7faf82	k__Bacteria; p__[Thermi]; c__Deinococci; o__Thermales; f__Thermaceae; g__Meiothermus; s__	1.0
3803b8b9ab1ecaf2118cdfabaac259b0	k__Bacteria; p__Cyanobacteria; c__Chloroplast; o__Streptophyta; f__; g__; s__	1.0
481e0dfadca742d7983ab9946c63f066	k__Bacteria; p__Actinobacteria; c__Actinobacteria; o__Actinomycetales; f__Dermacoccaceae; g__Dermacoccus; s__	1.0
120719228e70ea423ac9d1a4dbd990e3	k__Bacteria; p__Bacteroidetes; c__[Saprospirae]; o__[Saprospirales]; f__Chitinophagaceae; g__; s__	0.9
2d663deb149cfde047eca50bea7e1acb	k__Bacteria; p__Proteobacteria	0.6
a6866ca2011405cb2bed4a404dac9928	k__Bacteria; p__Proteobacteria; c__Deltaproteobacteria; o__Bdellovibrionales; f__Bacteriovoracaceae; g__; s__	0.9
aeca7d8e4a8346e45f63747c1f697946	k__Bacteria; p__Planctomycetes; c__Planctomycetia; o__Pirellulales; f__Pirellulaceae; g__; s__	1.0
aff900f481e03139259b3a1535f5ff73	k__Bacteria; p__Firmicutes; c__Bacilli; o__Turicibacterales; f__Turicibacteraceae; g__Turicibacter; s__	1.0
1f504b35ff16c5fcfd880e600cb94491	k__Bacteria; p__OD1; c__ZB2; o__; f__; g__; s__	1.0
28afc3e4902fb257b5d1529fc8b0a642	k__Bacteria; p__Bacteroidetes; c__[Saprospirae]; o__[Saprospirales]; f__Chitinophagaceae; g__Sediminibacterium; s__	1.0
3a9dc8d288e7e6407df8cb4c8f91071f	k__Bacteria; p__Proteobacteria; c__Deltaproteobacteria; o__Syntrophobacterales; f__Syntrophobacteraceae; g__Syntrophobacter; s__	0.8
ac2f85caaef1ccf1da0127ce4379d2e9	k__Bacteria; p__Verrucomicrobia; c__Opitutae; o__[Cerasicoccales]; f__[Cerasicoccaceae]; g__; s__	1.0
fba31c1d542ab36692adce9b290e4d60	k__Bacteria; p__Proteobacteria; c__Alphaproteobacteria; o__Rhizobiales; f__Rhizobiaceae; g__Rhizobium	0.6
205c2e405d712128dfef21970deaaf33	k__Bacteria; p__Bacteroidetes; c__[Saprospirae]; o__[Saprospirales]; f__Saprospiraceae; g__; s__	0.9
b3e238387a765850c380a3795970e380	k__Bacteria; p__Proteobacteria; c__Alphaproteobacteria; o__Rhodospirillales; f__Rhodospirillaceae	0.6
64640e1ad1aed138619a9a70aabdd862	k__Bacteria; p__Proteobacteria; c__Gammaproteobacteria; o__Legionellales; f__Coxiellaceae; g__Aquicella; s__	1.0
4464d0c62997e610500b22e46c9bf51e	k__Bacteria; p__Proteobacteria; c__Alphaproteobacteria; o__Rhodobacterales; f__Hyphomonadaceae; g__; s__	0.9
33872b7a56a7cbfaef8e68d37811c564	Unassigned	0.0
058a5b64d830bbc3f8c856aacbc23820	k__Bacteria; p__Proteobacteria; c__Gammaproteobacteria; o__Xanthomonadales; f__Sinobacteraceae; g__; s__	1.0
36f16cd1a4932d3194e5460bcf8e500c	k__Bacteria; p__Planctomycetes; c__Phycisphaerae; o__Phycisphaerales; f__; g__; s__	1.0
f1e1005d626abba691dc8d5bc71bfd9e	k__Bacteria; p__Cyanobacteria; c__Oscillatoriophycideae	0.6
431ae640c239d25730c0495414a68546	k__Bacteria; p__Proteobacteria; c__Alphaproteobacteria; o__BD7-3; f__; g__; s__	1.0
f59c515eecd04e45ee4749a514f4eebf	k__Bacteria; p__Spirochaetes; c__Spirochaetes; o__Spirochaetales; f__Spirochaetaceae; g__; s__	1.0
f49c1188adfdaafc58c7e2795fbfc147	k__Bacteria; p__Planctomycetes; c__Planctomycetia; o__Pirellulales; f__Pirellulaceae; g__; s__	0.6
94a6cd66edaa74dba617fe2d80c6f33f	Unassigned	0.0
b75a596ab2efe42164c777838f62b5c1	k__Bacteria; p__Bacteroidetes; c__[Saprospirae]; o__[Saprospirales]; f__Saprospiraceae; g__; s__	1.0
e12fb5518ea7fbe1acf2cf056544d367	k__Bacteria; p__Proteobacteria; c__Alphaproteobacteria; o__Rickettsiales; f__; g__; s__	0.9
5364b5a5ae59f3dfbe87e1a1b86289d5	k__Bacteria; p__Bacteroidetes; c__Flavobacteriia; o__Flavobacteriales; f__Cryomorphaceae; g__Fluviicola; s__	1.0
8bd9b486a8147ee47efc77fef26b4cd2	k__Bacteria; p__Bacteroidetes; c__[Saprospirae]; o__[Saprospirales]; f__Chitinophagaceae; g__; s__	1.0
ea94cd1f64845118a51871bf01d490fc	k__Bacteria; p__Verrucomicrobia; c__[Pedosphaerae]; o__[Pedosphaerales]; f__; g__; s__	0.8
3535716045ca7907b59c138d62a3d16c	k__Bacteria; p__Acidobacteria; c__Acidobacteria-6; o__iii1-15; f__mb2424; g__; s__	1.0
ca2142d30918953de47e8ce5d22ba6fb	k__Bacteria; p__Chlamydiae; c__Chlamydiia; o__Chlamydiales; f__; g__; s__	0.6
93618df0219eda300419e3e118f07fef	k__Bacteria; p__[Thermi]; c__Deinococci; o__Thermales; f__Thermaceae; g__Meiothermus; s__	1.0
f1baa5ae60a6c61cc339ff6aea2253c2	k__Bacteria; p__Proteobacteria; c__Alphaproteobacteria; o__Rhizobiales	0.9
3ebe159ccf44c5d170dd3133b9b1cd01	k__Bacteria; p__Planctomycetes; c__Phycisphaerae; o__Phycisphaerales; f__; g__; s__	0.9
48b2496dedc914262fb6e74fb584df32	k__Bacteria; p__Bacteroidetes; c__Flavobacteriia; o__Flavobacteriales; f__Cryomorphaceae; g__Fluviicola; s__	1.0
d270fdd38c2a9de1de75ee7b7c32eac6	k__Bacteria; p__Cyanobacteria; c__Chloroplast; o__Chlorophyta; f__Chlamydomonadaceae	0.7
4802e734227eef8136e29ce497314bde	k__Bacteria; p__Bacteroidetes; c__Flavobacteriia; o__Flavobacteriales; f__Cryomorphaceae; g__Fluviicola; s__	1.0
7b009e71f114af615c032bd9a29e9c60	k__Bacteria; p__Bacteroidetes; c__[Saprospirae]; o__[Saprospirales]; f__Saprospiraceae; g__; s__	1.0
1990a6bfb1b8555f761c9f328b2b190a	Unassigned	0.0
e4c9e84510cdc221c594f9ef020ff5cc	k__Bacteria; p__OD1; c__ZB2; o__; f__; g__; s__	1.0
10f671ed51eab747f77eaa3b570759bc	k__Bacteria; p__Bacteroidetes; c__[Saprospirae]; o__[Saprospirales]; f__; g__; s__	0.8
214db93326ee2b4fb3896b81f5904072	k__Bacteria; p__Actinobacteria; c__Acidimicrobiia; o__Acidimicrobiales; f__Microthrixaceae; g__; s__	1.0
701e91041af6fffe1f7ba8fc0e3c35d5	k__Bacteria; p__Bacteroidetes; c__Flavobacteriia; o__Flavobacteriales; f__Flavobacteriaceae; g__Flavobacterium; s__	1.0
fb2cedaed5c995433ea981b181904f9e	k__Bacteria; p__Verrucomicrobia; c__Opitutae; o__Opitutales; f__Opitutaceae; g__Opitutus; s__	0.8
039a8a253954781a079a65dca651fa36	Unassigned	0.0
c7471a08b3dd47fc4ec633c27fa11005	k__Bacteria; p__Proteobacteria; c__Alphaproteobacteria; o__Sphingomonadales; f__Sphingomonadaceae; g__Sphingomonas; s__	0.9
91bbc38e3e515938f91be134dd4bbbe5	k__Bacteria; p__Acidobacteria; c__RB25; o__; f__; g__; s__	0.8
5454f479b2cb5961f7ebeb978d6db695	k__Bacteria; p__Bacteroidetes; c__Cytophagia; o__Cytophagales; f__Cytophagaceae; g__Leadbetterella; s__	1.0
e1b4e1f86ea4dfb1ba1c39b9664580bb	k__Bacteria; p__Bacteroidetes; c__Bacteroidia; o__Bacteroidales; f__Rikenellaceae; g__Blvii28; s__	1.0
74b9c43c7790755e01e86b6b095cb613	k__Bacteria; p__Proteobacteria; c__Gammaproteobacteria; o__Legionellales; f__Legionellaceae; g__; s__	1.0
7cbf4407da2f79f785dd1a3d479536f3	k__Bacteria; p__Verrucomicrobia; c__[Pedosphaerae]; o__[Pedosphaerales]; f__[Pedosphaeraceae]	0.7
74a448d15c59b410e03e4795fd55ea0f	k__Bacteria; p__Proteobacteria; c__Alphaproteobacteria; o__Rhodobacterales; f__Rhodobacteraceae	0.8
04dee51d544d467804aa6fab104eb89d	k__Bacteria; p__Cyanobacteria; c__Chloroplast; o__Streptophyta; f__; g__; s__	1.0
1a1f2ce3620d5bfbd93565a1ab776567	k__Bacteria; p__Proteobacteria; c__Alphaproteobacteria; o__Rickettsiales; f__mitochondria; g__Phytophthora	0.6
cd505cfc5acf25c09840da181fc65483	k__Bacteria; p__Firmicutes; c__Clostridia; o__Clostridiales; f__Ruminococcaceae; g__; s__	0.9
83667f49ce6518da0f7c1aaa4643e216	k__Bacteria; p__Bacteroidetes; c__Bacteroidia; o__Bacteroidales; f__; g__; s__	0.7
c1f33257c917c0c4fac1316b6e64799d	k__Bacteria; p__Planctomycetes; c__Planctomycetia; o__Pirellulales; f__Pirellulaceae; g__; s__	1.0
a93c5a841216177c27a3e8f3607f2d77	k__Bacteria; p__Proteobacteria; c__Alphaproteobacteria; o__Sphingomonadales; f__Sphingomonadaceae; g__; s__	1.0
fffc55de15a73853036e2139ad410083	k__Archaea; p__[Parvarchaeota]; c__[Parvarchaea]; o__YLA114; f__; g__; s__	1.0
f3c42df61bc6550d6b6301b39215defa	k__Bacteria; p__OD1; c__ABY1; o__; f__; g__; s__	0.9
ebc6cfe4015b88a53dc9ca5b702182d1	k__Bacteria; p__Proteobacteria; c__Gammaproteobacteria; o__Methylococcales; f__; g__; s__	0.6
13fb3a9e08460aa16155b950845987ab	k__Bacteria; p__Proteobacteria; c__Alphaproteobacteria; o__Rhodospirillales; f__Rhodospirillaceae; g__Magnetospirillum; s__	1.0
bffc7ccb7b18699d9793833d4d2cf4f2	k__Bacteria; p__Planctomycetes; c__Planctomycetia; o__Gemmatales; f__Gemmataceae; g__; s__	1.0
211f7a773c04300a03588965c90e81e5	k__Bacteria; p__TM7; c__SC3; o__; f__; g__; s__	1.0
f85597690631d202950e975f28a60f3e	k__Bacteria; p__Proteobacteria; c__Deltaproteobacteria; o__PB19; f__; g__; s__	0.6
5779764f5041fe817870010df1cc5f94	k__Bacteria; p__Proteobacteria; c__Alphaproteobacteria; o__Sphingomonadales; f__Erythrobacteraceae; g__; s__	0.6
f5e7ede755517a4c69c13646fcf1974a	k__Bacteria; p__Proteobacteria; c__Alphaproteobacteria; o__BD7-3; f__; g__; s__	1.0
901a3eb59ccb05df726b30dea6f31f93	k__Bacteria; p__Acidobacteria; c__Solibacteres; o__Solibacterales; f__; g__; s__	0.7
eba63502527e9d6fedabb4fb84dbabea	k__Bacteria; p__Actinobacteria; c__Actinobacteria; o__Actinomycetales; f__Nocardiaceae; g__Rhodococcus; s__	1.0
e31d2c22cac09686fa8e18bee49057eb	k__Bacteria; p__Proteobacteria; c__Deltaproteobacteria; o__Spirobacillales; f__; g__; s__	1.0
db11cc136375646ad0019735a42e62fd	k__Bacteria; p__OD1; c__ZB2; o__; f__; g__; s__	1.0
5a7e02f5e53ae2f9eed2c4e206bd9cfe	k__Bacteria; p__Armatimonadetes; c__[Fimbriimonadia]; o__[Fimbriimonadales]; f__[Fimbriimonadaceae]; g__Fimbriimonas; s__	0.8
ce24148c781d082468a7ee7a590aa43a	k__Bacteria; p__Bacteroidetes; c__Bacteroidia; o__Bacteroidales; f__Bacteroidaceae; g__; s__	0.6
946efef49080e2f8fb04267056acb953	k__Bacteria; p__Proteobacteria; c__Betaproteobacteria; o__Rhodocyclales; f__Rhodocyclaceae; g__Dechloromonas; s__	0.7
a77f0343d164f29db36cc0ca34b07366	k__Bacteria; p__Firmicutes; c__Clostridia; o__Clostridiales; f__Lachnospiraceae; g__; s__	0.7
db54619197e4876faf993e0cd70991cc	k__Bacteria; p__Proteobacteria; c__Alphaproteobacteria	1.0
dbae26cf188b4904c48cbd374e5a1b73	k__Bacteria; p__Bacteroidetes; c__Sphingobacteriia; o__Sphingobacteriales; f__; g__; s__	0.8
34ea757673350e05a52ec60db307f4ff	k__Bacteria; p__Proteobacteria; c__Alphaproteobacteria; o__Rhodospirillales; f__Rhodospirillaceae; g__; s__	1.0
bbb92c3f8c6d069241cc44c9cafd5721	k__Bacteria; p__Verrucomicrobia; c__Verruco-5; o__WCHB1-41; f__; g__; s__	1.0
ded3d81a05abc121e06d4fc45936e50d	k__Bacteria; p__Proteobacteria; c__Alphaproteobacteria; o__Ellin329; f__; g__; s__	0.8
dcfaf0f1e940f5cd9581bb3e58ad3866	k__Bacteria; p__Proteobacteria; c__Alphaproteobacteria; o__Rickettsiales	0.5454545454545454
e9a4bfcb8ede133076922742bb2c4ce9	k__Bacteria; p__Bacteroidetes; c__Cytophagia; o__Cytophagales; f__[Amoebophilaceae]; g__SC3-56; s__	0.6
7ee871996a9e3b94daa0aec376e7b699	k__Bacteria; p__Bacteroidetes; c__Flavobacteriia; o__Flavobacteriales; f__Flavobacteriaceae; g__; s__	0.6
16c51e0d8ebf94c615aba6f06ceefa17	k__Bacteria; p__Proteobacteria; c__Alphaproteobacteria; o__Rhizobiales; f__; g__; s__	0.9
5e8e095a91c7cad11c819d4811f80071	k__Bacteria; p__Proteobacteria; c__Deltaproteobacteria; o__Spirobacillales; f__; g__; s__	0.9
9d6cfae3e0c2e049ca34355bb2f00a22	k__Bacteria; p__Bacteroidetes; c__Flavobacteriia; o__Flavobacteriales; f__Flavobacteriaceae; g__Flavobacterium; s__	1.0
2f431c9cf935705d902b973e8d082d8d	k__Bacteria; p__Gemmatimonadetes; c__Gemmatimonadetes; o__KD8-87; f__; g__; s__	0.9
e664131e4bd87ad5ebce5efa0c33d637	k__Bacteria; p__Proteobacteria; c__Deltaproteobacteria; o__Spirobacillales; f__; g__; s__	0.8
151092c7bbad24ab33820ea307cc4d00	k__Bacteria; p__Proteobacteria; c__Alphaproteobacteria; o__Rhodobacterales; f__Rhodobacteraceae; g__Rhodobacter; s__	0.7
e44a801d0fc3de0d1be7c467b34124e5	k__Bacteria; p__Proteobacteria; c__Alphaproteobacteria; o__BD7-3; f__; g__; s__	1.0
8dacf50ecd7924d922e7d99befe7d6d6	k__Bacteria; p__Bacteroidetes; c__[Saprospirae]; o__[Saprospirales]; f__Chitinophagaceae; g__; s__	1.0
7423c8359cbe9aedae64d7b5a6c48686	k__Bacteria; p__Proteobacteria; c__Alphaproteobacteria; o__Rhizobiales; f__; g__; s__	0.9
6bdec6765f01beab893aca70d68bbb64	k__Bacteria; p__Proteobacteria; c__Gammaproteobacteria; o__Oceanospirillales; f__Halomonadaceae; g__Halomonas; s__	1.0
3b23df0b4bbcd7c34e00cdb442e937fc	k__Bacteria; p__OP3; c__BD4-9; o__; f__; g__; s__	1.0
d436bb7b1e1c5dd1ba69c895313de058	k__Bacteria; p__Actinobacteria; c__Actinobacteria; o__Actinomycetales; f__ACK-M1; g__; s__	1.0
a0193a7b2d4c1a634602011305b1c90c	k__Bacteria; p__Nitrospirae; c__Nitrospira; o__Nitrospirales; f__[Thermodesulfovibrionaceae]; g__; s__	0.6
1311fce1bf1b82081cc7fa48f0f66db9	k__Bacteria; p__Proteobacteria; c__Alphaproteobacteria; o__Rhodospirillales; f__Acetobacteraceae; g__; s__	0.9
4383165461a77b710efcebde4bbf3b70	k__Bacteria; p__Proteobacteria; c__TA18; o__CV90; f__; g__; s__	0.6
a35d2f0a4c13e15c64a67073b92eafd1	Unassigned	0.0
4d76156cb6451b1390598c33a049d849	k__Bacteria; p__Actinobacteria; c__Thermoleophilia; o__Solirubrobacterales; f__Patulibacteraceae; g__; s__	0.9
cd61d08d3978d74fcdd889298a7abaa0	k__Bacteria; p__Cyanobacteria; c__Chloroplast; o__Euglenozoa; f__; g__; s__	1.0
e658de9a7d849d4c899f21ced3ef71fe	k__Bacteria; p__Firmicutes; c__Clostridia; o__Clostridiales; f__Peptostreptococcaceae; g__; s__	1.0
04e9e11b6219633945bce12bfa734113	k__Bacteria; p__Proteobacteria	0.6
6f5f2001136caf09857aeca992675012	k__Bacteria; p__Bacteroidetes; c__Flavobacteriia; o__Flavobacteriales; f__Cryomorphaceae; g__; s__	1.0
abfa6857d2455bdd4f1cd4578d314225	k__Bacteria; p__Bacteroidetes; c__Bacteroidia; o__Bacteroidales; f__; g__; s__	0.7
da69481f0ca7474acb67d36662b0c79a	k__Bacteria; p__Proteobacteria; c__Alphaproteobacteria; o__Sphingomonadales; f__Sphingomonadaceae; g__Novosphingobium; s__	0.9
308a9d5f9ba5536f2cefce719a9e1800	k__Bacteria; p__Proteobacteria; c__Betaproteobacteria; o__Methylophilales; f__; g__; s__	0.6
c2d3df760121d3ff4470c175d071079c	k__Bacteria; p__Planctomycetes; c__Planctomycetia; o__Pirellulales; f__Pirellulaceae; g__; s__	0.7
7caac76cd4ff1eaf540fb4299db112f2	k__Bacteria; p__Proteobacteria; c__Deltaproteobacteria; o__Myxococcales; f__; g__; s__	1.0
b12f351b7c36ad07da91b395a458e854	k__Bacteria; p__Proteobacteria; c__Betaproteobacteria; o__Burkholderiales; f__Comamonadaceae	1.0
55f3055707c552dde9dacc80b217c114	k__Bacteria; p__Proteobacteria; c__Gammaproteobacteria; o__Legionellales	0.9
ae5cfc892d485210310fc646d0347af0	k__Bacteria; p__Proteobacteria; c__Alphaproteobacteria; o__Rickettsiales; f__; g__; s__	1.0
316c02b2c8eeec7ddcff05ec98123c83	k__Bacteria; p__Proteobacteria; c__Deltaproteobacteria; o__Spirobacillales; f__; g__; s__	1.0
a3da8c94f127d2b4efae08f65b9f6e01	k__Bacteria; p__Bacteroidetes; c__Flavobacteriia; o__Flavobacteriales; f__Cryomorphaceae; g__; s__	1.0
fa28efc7adc4d7c311b6e7c74fba9401	k__Bacteria; p__Planctomycetes; c__Planctomycetia; o__Planctomycetales; f__Planctomycetaceae; g__Planctomyces; s__	1.0
d93aa4946170285f8c2b4c180131c9c4	k__Bacteria; p__Proteobacteria; c__Deltaproteobacteria; o__Myxococcales; f__; g__; s__	1.0
ba478b66b5d9a9d7423f2f38be0655ac	k__Bacteria; p__GN02; c__3BR-5F; o__; f__; g__; s__	1.0
e44271324d0b4ee992e3c332194f52b4	k__Bacteria; p__Proteobacteria; c__Gammaproteobacteria; o__Methylococcales; f__Crenotrichaceae; g__Crenothrix; s__	0.7
356dc0c2fdbaacddcbcb81be0ce9b9cd	k__Bacteria; p__Proteobacteria; c__Alphaproteobacteria; o__Sphingomonadales; f__Erythrobacteraceae; g__; s__	0.6
024bb0f41aac5511835772b78fa96131	k__Bacteria; p__Bacteroidetes; c__Sphingobacteriia; o__Sphingobacteriales; f__; g__; s__	1.0
0fde05f7a40204fd8567414ddd246f58	k__Bacteria; p__OP3; c__koll11; o__GIF10; f__kpj58rc; g__; s__	1.0
e716087acf66f4fe22e8312d611fb7eb	k__Bacteria; p__Bacteroidetes; c__[Saprospirae]; o__[Saprospirales]; f__Chitinophagaceae; g__; s__	1.0
6ec54007b6f7f6c5f0d691d52a67ba6f	k__Bacteria; p__Proteobacteria; c__Alphaproteobacteria; o__Rickettsiales; f__; g__; s__	1.0
c20bceb9a32e843540d088d3aa96f691	k__Bacteria; p__Proteobacteria; c__Deltaproteobacteria; o__NB1-j; f__JTB38; g__; s__	1.0
90fb05f7dc46aa415e8768b8c4b45427	k__Bacteria; p__Cyanobacteria; c__Chloroplast; o__Chlorophyta; f__; g__; s__	0.6666666666666666
663cc4698c1f30fbd8632363f4bb27fa	Unassigned	0.0
9d141280d065c7333534d150f124c396	k__Bacteria; p__Proteobacteria; c__Deltaproteobacteria; o__Desulfuromonadales; f__Geobacteraceae; g__Geobacter; s__	0.8
ec31d3d5eb519ec992f12b9977096cd5	k__Bacteria; p__Proteobacteria; c__Alphaproteobacteria; o__Rhodospirillales	0.7
0e75f41ef3c3fb13c70d25ac90a21419	k__Bacteria; p__Proteobacteria; c__Betaproteobacteria; o__Burkholderiales; f__Comamonadaceae	1.0
1a802b1633a5643b6fa44c9ab295197f	k__Bacteria; p__Bacteroidetes; c__[Saprospirae]; o__[Saprospirales]; f__Chitinophagaceae; g__; s__	1.0
726830b26cae58ddb2daceb4d682f32f	k__Bacteria; p__Proteobacteria; c__Alphaproteobacteria; o__Rickettsiales; f__Rickettsiaceae	1.0
364f585a386f758126fd7f205ab4308e	k__Bacteria; p__Proteobacteria; c__Gammaproteobacteria; o__Aeromonadales; f__Aeromonadaceae; g__; s__	0.7272727272727273
07144f18d9a438588eec312ed1f93b69	k__Bacteria; p__Armatimonadetes; c__[Fimbriimonadia]; o__[Fimbriimonadales]; f__[Fimbriimonadaceae]; g__Fimbriimonas; s__	0.8
b6a3a9227449e5b44cd22637f062d4e5	k__Bacteria; p__Verrucomicrobia; c__Opitutae; o__[Cerasicoccales]; f__[Cerasicoccaceae]; g__; s__	1.0
5840672247e37fd0a40ad21a79923e57	k__Bacteria; p__Proteobacteria; c__Deltaproteobacteria; o__Myxococcales; f__; g__; s__	0.9
614b96b423929db9797d4e412e7db9f6	k__Bacteria; p__Bacteroidetes; c__Cytophagia; o__Cytophagales; f__Flammeovirgaceae; g__; s__	0.7
1cbc5ea25b3b4d9f7571f78879f3bc7b	k__Bacteria; p__Cyanobacteria; c__Chloroplast; o__Euglenozoa; f__; g__; s__	1.0
04f836d2ebfc291775de8cd71f13f863	k__Bacteria; p__Proteobacteria	1.0
a1db8596956bdae8c6a8f5627542c641	k__Bacteria; p__Proteobacteria; c__Alphaproteobacteria; o__Rhodospirillales; f__Acetobacteraceae; g__; s__	0.6
a26b6df6252d3df60f9d0deb5b7477c8	k__Bacteria; p__Proteobacteria; c__Alphaproteobacteria; o__Rhodospirillales	1.0
4d559a38600d718cb5d2aeaf8063ccd3	k__Bacteria; p__Proteobacteria; c__Alphaproteobacteria; o__Rhizobiales; f__Hyphomicrobiaceae	1.0
001726765b9ab7a0c50dbd747e736228	k__Bacteria; p__TM6; c__SJA-4; o__; f__; g__; s__	1.0
eac77ce6df73e2d5d7bf61e9058e10ad	k__Bacteria; p__Proteobacteria; c__Deltaproteobacteria; o__Bdellovibrionales; f__Bacteriovoracaceae; g__; s__	0.9
c9d136f1a81497b14f2259985ac33ad6	k__Bacteria; p__OD1; c__; o__; f__; g__; s__	1.0
2c20d845bc8656f6cce7bfbf94638632	k__Bacteria; p__Chloroflexi; c__Anaerolineae; o__SBR1031; f__A4b; g__; s__	1.0
818acb6d3d642da08fba27297dbdb3ba	k__Bacteria; p__Verrucomicrobia; c__Verrucomicrobiae; o__Verrucomicrobiales; f__Verrucomicrobiaceae; g__Luteolibacter; s__	1.0
817230531c1dee9a71b932026145f0bb	k__Bacteria; p__Proteobacteria; c__Betaproteobacteria; o__Burkholderiales; f__Comamonadaceae; g__; s__	0.7
1d7a5980b596a87df5152a52b4b36c74	k__Bacteria; p__Bacteroidetes; c__Flavobacteriia; o__Flavobacteriales; f__Cryomorphaceae; g__Fluviicola; s__	1.0
a78d87122309f5dbf59c8914b042398b	k__Bacteria; p__Proteobacteria; c__Gammaproteobacteria; o__Legionellales; f__Coxiellaceae; g__; s__	0.6
18f35d6ba132fc1dc6eec48021f75cb6	k__Bacteria; p__Proteobacteria; c__Betaproteobacteria; o__Burkholderiales; f__Comamonadaceae	0.9
5276e75eba757116397d9d93fb67cdd2	k__Bacteria; p__Proteobacteria; c__Alphaproteobacteria	1.0
751ba43fa19ec22744320f7494d3f961	k__Bacteria; p__Proteobacteria; c__Alphaproteobacteria; o__Rickettsiales; f__Rickettsiaceae; g__; s__	0.6
29b5aeaaa1e469f38628a3e7014951f2	k__Bacteria; p__Proteobacteria; c__Deltaproteobacteria; o__Myxococcales; f__; g__; s__	1.0
b4a93e9f1c1952dfacfa3a7e29374682	k__Bacteria; p__Planctomycetes; c__Planctomycetia; o__Planctomycetales; f__Planctomycetaceae; g__Planctomyces; s__	1.0
12681e986fe986ce1b8b0bdeff95ed95	k__Bacteria; p__Proteobacteria; c__Alphaproteobacteria; o__Rhizobiales; f__Hyphomicrobiaceae; g__Hyphomicrobium; s__	1.0
010c7bb23ae696c284c04f5da456ec81	k__Bacteria; p__Proteobacteria; c__Gammaproteobacteria; o__Alteromonadales; f__[Chromatiaceae]	0.9
1eab79c0bea5032760f982abec6a7c3f	k__Bacteria; p__Proteobacteria; c__Alphaproteobacteria; o__Rickettsiales; f__mitochondria	1.0
0c74ed012e7bbfbd911672b279716af2	k__Bacteria; p__Firmicutes; c__Clostridia; o__Clostridiales; f__Ruminococcaceae	0.6
aa6c0738d8aedde6397c83f9d7d913e1	k__Bacteria; p__Proteobacteria; c__Alphaproteobacteria; o__Rickettsiales; f__; g__; s__	1.0
0f00870c8c6f5f8454fe29501d29b4f6	k__Bacteria; p__Proteobacteria; c__Gammaproteobacteria; o__Legionellales; f__Coxiellaceae; g__Aquicella; s__	1.0
92c0ba9309d72500402a988084992587	k__Bacteria; p__Firmicutes; c__Clostridia; o__Clostridiales	0.7
d9f25828fa7e94c5626914b1fb8e5d5a	Unassigned	0.0
52a35283ce080a870c150522d6815439	k__Bacteria	1.0
720fb6bf1a23695d4c63dfd415a2bae0	k__Bacteria; p__Proteobacteria; c__Gammaproteobacteria; o__Legionellales; f__Coxiellaceae; g__Aquicella; s__	1.0
aec803d1d4f0b6e81b305c6a11f5abd8	Unassigned	0.0
65cedd40b4b6a5c6f5eb2db6a1081bf9	k__Bacteria; p__Proteobacteria; c__Alphaproteobacteria; o__BD7-3; f__; g__; s__	1.0
6d6f57e71815e7d020102d304d77b981	k__Bacteria; p__Proteobacteria; c__Deltaproteobacteria; o__Syntrophobacterales; f__Syntrophorhabdaceae; g__; s__	0.6
998b427f61a108b3859b518ce6c4b0f5	Unassigned	0.0
7c37c2d97d1269ac626e2c4d4ea68d62	k__Bacteria; p__Proteobacteria; c__Gammaproteobacteria; o__Methylococcales; f__Crenotrichaceae; g__Crenothrix; s__	1.0
aa4bd3cc59ddb07a4da0a3b2e1ae0fc9	k__Bacteria; p__Proteobacteria; c__Alphaproteobacteria; o__Rickettsiales; f__; g__; s__	1.0
03299758882961a28fb9ab53c1de995b	k__Bacteria	1.0
7e1e68fd0ceca545cb2c5d78d3b5dccd	k__Bacteria; p__Tenericutes; c__Mollicutes; o__; f__; g__; s__	0.9
f108dc83884f6322794cfdbc97f585d9	k__Bacteria; p__Proteobacteria; c__Alphaproteobacteria; o__Rickettsiales; f__; g__; s__	1.0
9133ee4da94d40e998e1f03ba3dd6a48	k__Bacteria; p__OP3; c__BD4-9; o__; f__; g__; s__	1.0
d36cbb5a3c11fa8f72844a2d62d9f5d6	k__Bacteria; p__Verrucomicrobia; c__[Pedosphaerae]; o__[Pedosphaerales]; f__auto67_4W; g__; s__	1.0
80a856f9a98f349be3dcfc9554b535df	k__Bacteria; p__Actinobacteria; c__Thermoleophilia; o__Gaiellales; f__; g__; s__	1.0
f15751f55925dffc64e93dbcf4ee6e5b	k__Bacteria; p__Acidobacteria; c__Solibacteres; o__Solibacterales; f__; g__; s__	0.6
ed0c4022ebb3ccb8c79ffbac2c661633	k__Bacteria; p__Proteobacteria; c__Deltaproteobacteria; o__Desulfuromonadales; f__Geobacteraceae; g__Geobacter; s__lovleyi	0.7
b73563f6b1a0bced92eeb31bceada54d	k__Bacteria; p__Proteobacteria; c__Deltaproteobacteria; o__Spirobacillales; f__; g__; s__	0.7
32a558735578e49b1833d236f8f25c7c	k__Bacteria; p__Verrucomicrobia; c__Verruco-5; o__WCHB1-41; f__; g__; s__	0.9
776b9285ed84a5b2dd51eb92bc55ae11	k__Bacteria; p__Planctomycetes; c__Planctomycetia; o__Pirellulales; f__Pirellulaceae	1.0
07f9693cba7dfb1534fc17ef96f397d1	k__Bacteria; p__Firmicutes; c__Bacilli; o__Bacillales; f__Bacillaceae	0.7
304cd7b1971ab31808a49854e5bb4922	k__Bacteria; p__Proteobacteria; c__Alphaproteobacteria; o__Rhizobiales; f__Rhizobiaceae; g__; s__	0.6
6dad84826665ae90212e3c496295ac2b	k__Bacteria; p__Actinobacteria; c__Acidimicrobiia; o__Acidimicrobiales; f__JdFBGBact; g__; s__	1.0
82ade4369cd8ddaa0fb2ad253d08b833	k__Bacteria; p__Proteobacteria; c__Betaproteobacteria; o__Burkholderiales; f__Oxalobacteraceae; g__; s__	0.8
dbd5e1304f2538ae5045f7992f596064	k__Bacteria; p__Firmicutes; c__Clostridia; o__Clostridiales; f__Clostridiaceae; g__Clostridium; s__perfringens	0.7
c5c234164c7c1bb6f754d02e5035a5e8	Unassigned	0.0
3707ac548e3178dfb3d46f1cfe34e080	k__Bacteria; p__Proteobacteria; c__TA18; o__PHOS-HD29; f__; g__; s__	0.7
427252a41585b40db2aaf4e264cf9c19	k__Bacteria; p__Actinobacteria; c__OPB41; o__; f__; g__; s__	0.9
229275decca4bfe78701ad00e53ca2e5	k__Bacteria; p__Proteobacteria; c__Gammaproteobacteria; o__Alteromonadales	0.8
0c80d84e58fb5c6ffc52292f9684ad20	k__Bacteria; p__Proteobacteria; c__Alphaproteobacteria; o__Rickettsiales; f__; g__; s__	0.8
fcdcb983dafee4df8d65e896ef2cee68	k__Bacteria; p__Proteobacteria; c__Alphaproteobacteria; o__Rhizobiales; f__Hyphomicrobiaceae; g__Hyphomicrobium; s__	0.8
3132638322268e802679c6980a802e4d	k__Bacteria; p__Proteobacteria; c__Alphaproteobacteria; o__Rhodospirillales; f__Rhodospirillaceae; g__; s__	0.9
a2c45264b78769974d90a93705752113	k__Bacteria; p__Bacteroidetes; c__Sphingobacteriia; o__Sphingobacteriales; f__; g__; s__	0.9
8afa5b52fec4846c004f4bb17646534a	Unassigned	0.0
d43cfe091833fdcedaddc6780a562f93	k__Bacteria; p__Proteobacteria; c__Alphaproteobacteria; o__BD7-3; f__; g__; s__	1.0
e8bb932ae5eaa60536964e6637f1038f	k__Bacteria	1.0
12d20ec9d9e0168e11e851c16b4b86ee	k__Bacteria; p__Firmicutes; c__Clostridia; o__Clostridiales; f__Ruminococcaceae; g__; s__	0.9
b84a61109ca8e5cc53b66c3d6ee4ac9b	k__Bacteria	1.0
16c21898d6658ebf72ed291e628d39c4	Unassigned	0.0
f839d5cda1f06bcfcab4e36c541a9c15	k__Archaea; p__Crenarchaeota; c__Thaumarchaeota; o__Cenarchaeales; f__Cenarchaeaceae; g__; s__	1.0
b29befef504ac669225fbff73dc41b68	k__Bacteria; p__Cyanobacteria; c__4C0d-2; o__SM1D11; f__; g__; s__	0.6
59f911d4844e8b778720fda11bed52bb	k__Bacteria; p__Firmicutes; c__Clostridia; o__Clostridiales; f__[Mogibacteriaceae]; g__; s__	0.7
6e184caa4153d71d45f2d81429796856	k__Bacteria; p__Proteobacteria; c__Deltaproteobacteria; o__Myxococcales; f__OM27; g__; s__	1.0
5dbb7e452c3ad37336a52dff99e78b73	k__Bacteria; p__Planctomycetes; c__Planctomycetia; o__Pirellulales; f__Pirellulaceae; g__; s__	1.0
b69f87d60b813bd66805dcef6b584031	k__Bacteria; p__Proteobacteria; c__Alphaproteobacteria	0.75
93f33e94e3c46b390889ff8c58e11f99	k__Bacteria; p__Chlorobi; c__OPB56; o__; f__; g__; s__	1.0
a2033d52477c87e01eea82af301b8922	k__Bacteria; p__Proteobacteria; c__Gammaproteobacteria; o__Thiotrichales; f__Piscirickettsiaceae; g__; s__	1.0
7f75f30508edaa0aa00f3dde40e274a1	k__Bacteria; p__Firmicutes; c__Clostridia; o__Clostridiales; f__Lachnospiraceae; g__; s__	1.0
b2a7b757d1f89734c14a629d0e5324b0	k__Bacteria; p__Chloroflexi; c__Anaerolineae; o__; f__; g__; s__	0.6666666666666666
a1c76a95d495f02d473bf0d284d0576b	k__Bacteria; p__Cyanobacteria; c__Chloroplast; o__Stramenopiles; f__; g__; s__	1.0
9ec14cd40c6b5619502b478ed43a5ad7	k__Bacteria; p__Actinobacteria; c__Actinobacteria; o__Actinomycetales; f__Microbacteriaceae; g__Candidatus Aquiluna; s__rubra	0.8
a20c04ece94f3bc9cf30a3c6941855b0	k__Bacteria; p__Firmicutes; c__Clostridia; o__Clostridiales; f__Clostridiaceae; g__; s__	0.6
c085809724aefca8ebc678010756d437	k__Bacteria; p__Cyanobacteria; c__; o__; f__; g__; s__	0.7
796bda7dbad9e23e94d58e438a720f17	k__Bacteria; p__Firmicutes; c__Clostridia; o__Clostridiales; f__Lachnospiraceae; g__; s__	1.0
c6ab2e40d1ac15a5f736b341f750d8d1	k__Bacteria; p__Proteobacteria; c__Alphaproteobacteria; o__Sphingomonadales; f__Sphingomonadaceae; g__Novosphingobium; s__	0.6
14999be5a29931fce194f7620f43f6ce	k__Bacteria; p__Bacteroidetes; c__Bacteroidia; o__Bacteroidales; f__Bacteroidaceae; g__Bacteroides; s__	1.0
517a874c4889de121d60cd9c0cc196ab	k__Bacteria; p__Cyanobacteria; c__Chloroplast; o__Stramenopiles; f__; g__; s__	1.0
c1ba6b6055dce051860afa5058e10d84	k__Bacteria; p__Acidobacteria; c__Solibacteres; o__Solibacterales	1.0
de87590e2782d1a458b56a25a0df4500	k__Bacteria; p__Acidobacteria; c__Solibacteres; o__Solibacterales; f__; g__; s__	1.0
3136ab7561e318cf5689fef6d272c15b	k__Bacteria; p__Proteobacteria; c__Deltaproteobacteria; o__BPC076; f__; g__; s__	1.0
a7bf125f6ed7b3bb0bdd3f2d715ba4a2	k__Bacteria; p__Proteobacteria; c__Betaproteobacteria; o__Neisseriales; f__Neisseriaceae; g__; s__	0.6
93eff6eab309b53b9bd8b0511ddbc1ef	k__Bacteria; p__Proteobacteria; c__Alphaproteobacteria; o__Rickettsiales; f__mitochondria; g__Bigelowiella; s__natans	1.0
f6547f1746d2cafbd91c2e428861e3d5	k__Bacteria; p__Proteobacteria; c__Epsilonproteobacteria; o__Campylobacterales; f__Helicobacteraceae; g__Sulfuricurvum; s__kujiense	1.0
2284177e2d3822d4caf36b578cebf0b5	k__Bacteria; p__Proteobacteria; c__Deltaproteobacteria; o__Syntrophobacterales; f__Syntrophobacteraceae; g__; s__	1.0
54f4fc9d7ebbb7d8cbd72d653d1cc180	k__Bacteria; p__Actinobacteria; c__Actinobacteria; o__Actinomycetales; f__Geodermatophilaceae	0.7
86be32cd5cc7d9b970cdb80dbe4d9e31	k__Bacteria; p__Proteobacteria	1.0
2c8e664bb4debe2cee49abb165c06239	k__Bacteria; p__Proteobacteria	0.7
25e16f4d58d45520f0b330f85d6e752a	k__Bacteria; p__Proteobacteria	1.0
4f95a19cacf3e2aae140455ff184169e	k__Bacteria; p__Proteobacteria; c__Alphaproteobacteria; o__Rhodospirillales	1.0
102a02c78c6d6d9bf94dcd3adb929eb7	k__Bacteria; p__Proteobacteria; c__Alphaproteobacteria; o__Rhizobiales; f__Rhizobiaceae; g__; s__	0.6
f550b5f9b8c6ee972cf55ff5b02e8c34	k__Bacteria; p__Actinobacteria; c__Actinobacteria; o__Actinomycetales; f__ACK-M1; g__; s__	1.0
7188fb000eda62c3bbf43bb3317a5044	k__Bacteria; p__Proteobacteria; c__Betaproteobacteria; o__Burkholderiales; f__Comamonadaceae; g__; s__	0.9
75ff2f49d6d5d91fa797225172ae4c43	k__Bacteria; p__Proteobacteria; c__Alphaproteobacteria; o__Rickettsiales; f__; g__; s__	1.0
052822fec4da4a3ccbb105487d036c45	k__Bacteria; p__Bacteroidetes; c__Bacteroidia; o__Bacteroidales; f__Rikenellaceae; g__Blvii28; s__	1.0
4026e81b060c31ddf9c9f2a1b9265bdf	k__Bacteria; p__Armatimonadetes; c__[Fimbriimonadia]; o__[Fimbriimonadales]; f__[Fimbriimonadaceae]	0.7
5cdbf6a04ead3efcf8e771ab3b796b59	k__Bacteria; p__Proteobacteria; c__Deltaproteobacteria; o__Spirobacillales; f__; g__; s__	1.0
8cd8906ead4eaf6b35c84209383cb5c0	k__Bacteria; p__OD1; c__; o__; f__; g__; s__	1.0
24ba390fbc45f46efa4deb3e809138e2	k__Bacteria; p__Proteobacteria; c__Gammaproteobacteria; o__HTCC2188; f__HTCC2089; g__; s__	1.0
56e0a65c844f6ec162be00971168de81	k__Bacteria; p__Proteobacteria; c__Alphaproteobacteria	0.6
db7f2d04168ff3c9a0d9eb4cccd6b786	k__Bacteria; p__Proteobacteria; c__Alphaproteobacteria; o__Rhodobacterales; f__Rhodobacteraceae; g__Rhodobacter; s__	0.6
149e661dd025289aaf81d0db1c26fdbf	k__Bacteria; p__Proteobacteria; c__Alphaproteobacteria; o__Rhodospirillales; f__Rhodospirillaceae; g__; s__	0.9
51acb0ce25da5cf065c2a8e04f00e2be	k__Bacteria; p__Bacteroidetes; c__[Saprospirae]; o__[Saprospirales]; f__Chitinophagaceae; g__; s__	0.6
5862b18335e810a6ed98bf82100a0f49	k__Bacteria; p__Proteobacteria; c__Betaproteobacteria; o__SC-I-84; f__; g__; s__	0.9
2531f7f3d7c03613c96cbb7c84696eb9	k__Bacteria; p__Proteobacteria; c__Deltaproteobacteria; o__Spirobacillales; f__; g__; s__	1.0
8334a6c2b0a0e2b551675590a11f80e2	k__Bacteria; p__SR1; c__; o__; f__; g__; s__	1.0
b81155ed4280227dfccf13ba4c1b79c2	k__Bacteria; p__Proteobacteria; c__Gammaproteobacteria; o__Legionellales; f__Legionellaceae; g__; s__	0.6
e2619273bdac977f6ac579d9fbecdabf	k__Bacteria; p__Proteobacteria; c__Betaproteobacteria; o__Ellin6067; f__; g__; s__	1.0
ee12beb429b98f84a18b71fa42103d46	Unassigned	0.0
a8540bb821ad3de2a84e473ad3e0e22b	k__Archaea; p__Euryarchaeota; c__Methanobacteria; o__Methanobacteriales; f__Methanobacteriaceae; g__Methanobacterium; s__	0.8
cca92a430b07f76bfaf256305cfd7c88	k__Bacteria; p__Cyanobacteria; c__Synechococcophycideae; o__Pseudanabaenales; f__Pseudanabaenaceae; g__Pseudanabaena; s__	1.0
1336dbba398594fe8184307c044a38e1	k__Bacteria; p__Proteobacteria; c__Betaproteobacteria; o__Rhodocyclales; f__Rhodocyclaceae; g__Propionivibrio; s__	0.9
18a1b2d706b215679da4fc2e153d15da	k__Bacteria; p__Gemmatimonadetes; c__Gemmatimonadetes; o__Gemmatimonadales; f__Gemmatimonadaceae; g__Gemmatimonas; s__	1.0
0232bc97ae3b2daeb705bf6f514f0373	k__Bacteria; p__[Thermi]; c__Deinococci; o__Deinococcales; f__Trueperaceae; g__; s__	0.7
c8e382428a533d982d4608d0f406a5e5	k__Bacteria; p__Firmicutes; c__Clostridia; o__Clostridiales; f__[Acidaminobacteraceae]; g__Fusibacter; s__	1.0
01e597735f2f6ce06407b69f5c770c52	k__Bacteria; p__Bacteroidetes; c__Flavobacteriia; o__Flavobacteriales; f__Cryomorphaceae; g__; s__	1.0
ae04c5451e2d456a9cdfc5fdeba1ac35	k__Bacteria; p__Proteobacteria; c__Alphaproteobacteria; o__Rhodobacterales; f__Rhodobacteraceae; g__Paracoccus; s__	0.6
4953e97cf668d463b93d08725793dfcd	k__Bacteria; p__Proteobacteria; c__Alphaproteobacteria; o__Rickettsiales; f__Rickettsiaceae; g__Rickettsia; s__	0.8
52a407d7b9f7f3b4d6b03d724cf8000f	k__Bacteria; p__Proteobacteria; c__Betaproteobacteria; o__Rhodocyclales; f__Rhodocyclaceae; g__Uliginosibacterium; s__	0.9
2aa9974c10b08fcdf39c80dcbe4ecade	k__Bacteria; p__Proteobacteria; c__Alphaproteobacteria; o__Rhodobacterales; f__Hyphomonadaceae; g__; s__	1.0
89488fdcf7b76502d191a9412ab3b95b	k__Bacteria; p__Proteobacteria; c__Gammaproteobacteria; o__; f__; g__; s__	0.8
14d4c47fac349256297aa3880b9e2b9e	k__Bacteria; p__Proteobacteria; c__Alphaproteobacteria; o__Rhodobacterales; f__Hyphomonadaceae; g__; s__	0.9
a680e4bc4c95200737d68d4e4b58ee51	Unassigned	0.0
042834e00c9fd631960861cdda82a38e	k__Bacteria; p__Proteobacteria; c__Alphaproteobacteria; o__Caulobacterales; f__Caulobacteraceae; g__Asticcacaulis	0.9
acffcd21ef083ffe453fe78fdeef5745	k__Bacteria; p__Proteobacteria; c__Alphaproteobacteria; o__Caulobacterales; f__Caulobacteraceae; g__; s__	1.0
394c23809cd83b1c88c2b925ac51548d	k__Bacteria; p__Proteobacteria; c__Gammaproteobacteria; o__Xanthomonadales; f__Sinobacteraceae; g__; s__	1.0
d1af7ea8799690f6d7fec6250c22b9ea	k__Bacteria; p__Proteobacteria; c__Epsilonproteobacteria; o__Campylobacterales; f__Helicobacteraceae; g__Sulfuricurvum; s__kujiense	1.0
5bec749c33cab1f83c63e13abda62ce4	Unassigned	0.0
927f23ef82daa66d45ab2e640844742f	k__Bacteria; p__Proteobacteria; c__Alphaproteobacteria; o__Rhizobiales; f__; g__; s__	1.0
bd319f0f4fe7db1ee38e7aeebf4ae114	k__Bacteria; p__Firmicutes; c__Clostridia; o__Clostridiales; f__Ruminococcaceae; g__; s__	0.9
f9daf5a69dd2cdfc2b57c1899093cc01	k__Bacteria; p__Actinobacteria; c__Actinobacteria; o__Actinomycetales; f__Microbacteriaceae; g__; s__	0.6
04bafafb6d103d120c0a8cc386ee2192	k__Bacteria; p__Cyanobacteria	0.8888888888888888
08cabfde1925828b38dbe0880ecb225f	k__Bacteria; p__Proteobacteria; c__Deltaproteobacteria; o__MIZ46; f__; g__; s__	1.0
329a0bb2eb66b596ced58ca72cab96ba	k__Bacteria; p__Proteobacteria; c__Alphaproteobacteria; o__Sphingomonadales; f__Sphingomonadaceae; g__Novosphingobium; s__	0.6
0f7bbfb8e76654046eaaaf0290873d71	k__Bacteria; p__Proteobacteria; c__Betaproteobacteria	1.0
3a730bc9f964761523cee70643c0c028	k__Bacteria; p__Bacteroidetes; c__Bacteroidia; o__Bacteroidales; f__Porphyromonadaceae; g__Paludibacter; s__	1.0
84ba543a7362ce01ed16445091143f10	k__Bacteria; p__Proteobacteria; c__Betaproteobacteria; o__Rhodocyclales; f__Rhodocyclaceae; g__Uliginosibacterium; s__	0.7
b8dc629532c7569b0b2ff3e055e54edd	k__Bacteria; p__Proteobacteria	1.0
b8a9d76fc795c2b25bfa2078be46d0a8	k__Bacteria; p__Proteobacteria; c__Alphaproteobacteria	1.0
4aea7a58ba8b162bac75c17e611bdefe	k__Bacteria; p__Proteobacteria; c__Betaproteobacteria; o__Thiobacterales; f__; g__; s__	0.7
a237fd878242ed312b2e8a9b5f46c60d	k__Bacteria; p__Proteobacteria; c__Alphaproteobacteria; o__Rickettsiales; f__mitochondria; g__; s__	0.6666666666666666
88b0d2ce1b7c7ab78e38e16af39d85cd	k__Bacteria; p__Proteobacteria; c__Deltaproteobacteria; o__Desulfobacterales; f__Desulfobulbaceae; g__; s__	0.7
d42161375c9d67b9c185b7feef03120c	k__Bacteria; p__Firmicutes; c__Bacilli; o__Turicibacterales; f__Turicibacteraceae; g__Turicibacter; s__	0.9
fdb6f4514bc44b7868888864ce51558d	k__Archaea; p__[Parvarchaeota]; c__[Parvarchaea]; o__YLA114; f__; g__; s__	0.8
b26db07b1ce0587dd475318682e9bb32	k__Bacteria; p__Proteobacteria; c__Deltaproteobacteria; o__Desulfobacterales; f__Desulfobacteraceae; g__; s__	1.0
6ff18624e0a4a229cce80c2a76a6bf4c	k__Bacteria; p__Planctomycetes; c__Planctomycetia; o__Gemmatales; f__Gemmataceae; g__Gemmata; s__	1.0
14956a1353ab6eb3e6f9e01bf758ec9b	k__Bacteria; p__Bacteroidetes; c__Bacteroidia; o__Bacteroidales; f__; g__; s__	1.0
34b50b896fa2da59160845c6ef35396f	k__Bacteria; p__Planctomycetes; c__vadinHA49; o__DH61; f__; g__; s__	1.0
6a1733e05deb5ba48dbf82d4b1a5a0de	k__Bacteria	1.0
92f3f6d07874ccc18474dbfd2da00970	k__Bacteria; p__Armatimonadetes; c__[Fimbriimonadia]; o__[Fimbriimonadales]; f__[Fimbriimonadaceae]; g__; s__	0.7
4115e16916a6008668ea6d735830f05e	k__Bacteria; p__Proteobacteria; c__Gammaproteobacteria; o__Legionellales; f__Legionellaceae	0.8
4869a5c630212f73a9ac502078ccb332	k__Bacteria; p__Planctomycetes; c__Planctomycetia; o__Planctomycetales; f__Planctomycetaceae; g__Planctomyces; s__	1.0
f8de24291e6ea116c844b3512c682b67	k__Bacteria; p__Firmicutes; c__Clostridia; o__Clostridiales; f__Clostridiaceae; g__Clostridium; s__perfringens	0.9
f7e4d05ba339d3cf7b14785a1b5b9d2d	k__Bacteria; p__Planctomycetes; c__Planctomycetia; o__Gemmatales; f__Gemmataceae; g__Gemmata; s__	1.0
5b3ab10e186f523909db61f12866e729	k__Bacteria; p__Proteobacteria; c__Gammaproteobacteria; o__Xanthomonadales; f__Xanthomonadaceae; g__; s__	0.8
fe69b3a48bd16f4d7b6145bcb5eb4c87	k__Bacteria; p__Proteobacteria; c__Deltaproteobacteria; o__Syntrophobacterales; f__Syntrophaceae; g__; s__	1.0
3abee2c9fbb91b1f59810480d3cd03a8	k__Bacteria; p__Proteobacteria; c__Deltaproteobacteria; o__Spirobacillales; f__; g__; s__	1.0
3cedea3ea53acf05cf8babc9eccd9981	k__Bacteria; p__Verrucomicrobia; c__[Pedosphaerae]; o__[Pedosphaerales]; f__R4-41B; g__; s__	0.6
c0b758f72a08b337cc77ab0d58e902d8	k__Bacteria; p__Actinobacteria; c__Actinobacteria; o__Actinomycetales; f__Microbacteriaceae	0.6
1aac139a852ca6be44fa31316ad51697	k__Bacteria; p__Proteobacteria; c__Alphaproteobacteria	0.6
f4601914f7d6342b8d3043eeca47061b	Unassigned	0.0
032ed61f8e947b207c899d18767110d6	k__Bacteria; p__Bacteroidetes	1.0
1c1369ae14a0b48fd1986811bc8ff8dc	k__Archaea; p__Euryarchaeota; c__Methanobacteria; o__Methanobacteriales; f__Methanobacteriaceae; g__; s__	1.0
d9fd98a1d37b93bfd93814928749d0da	k__Bacteria; p__Chloroflexi; c__TK10; o__AKYG885; f__Dolo_23; g__; s__	1.0
2d0f9c33e746041b31c4e07a9a35f7c9	k__Bacteria; p__Verrucomicrobia; c__Opitutae; o__Opitutales; f__Opitutaceae; g__Opitutus; s__	1.0
cdd778a7c3a98c20ebc4b95dad47df63	k__Bacteria; p__Fibrobacteres; c__TG3; o__TG3-1; f__; g__; s__	0.9
be5a23e220bac96f2f64e9127e146566	Unassigned	0.0
72970c17f38691f6f8e3f51140b3de32	k__Bacteria; p__Bacteroidetes; c__Bacteroidia; o__Bacteroidales; f__Prevotellaceae; g__Prevotella; s__	1.0
000670099717a98331cd9a82eb744e72	k__Bacteria; p__Proteobacteria; c__Gammaproteobacteria; o__Xanthomonadales; f__Sinobacteraceae; g__; s__	1.0
876c488345d29e2d0c60fce477966897	k__Bacteria; p__Proteobacteria; c__Gammaproteobacteria; o__Chromatiales; f__Chromatiaceae; g__; s__	1.0
e7c53117ecfc3a17ac8d658f31505d29	k__Bacteria; p__Acidobacteria; c__Acidobacteria-6; o__iii1-15; f__; g__; s__	1.0
56d64dc1745367559b7619359ed69025	k__Bacteria; p__Verrucomicrobia	0.7
f66f6ececde35d38515c603e8b746fbd	k__Bacteria; p__SR1; c__; o__; f__; g__; s__	1.0
01bb635d774cc7b3bd3df72cc20aac2b	k__Bacteria; p__Planctomycetes; c__Planctomycetia; o__Pirellulales; f__Pirellulaceae; g__; s__	1.0
dcbeefb3cdd770dc83816d2db7fce21f	k__Bacteria; p__Cyanobacteria; c__Chloroplast; o__Euglenozoa; f__; g__; s__	1.0
3735eb36ef020ddf4c36eb5a02c5862d	k__Bacteria; p__Proteobacteria; c__Gammaproteobacteria; o__Legionellales; f__Legionellaceae; g__; s__	1.0
bac8eafbd01f4f2404e246b96da42df4	k__Bacteria; p__Proteobacteria; c__Betaproteobacteria; o__Burkholderiales; f__Comamonadaceae	1.0
3499e3eae99a6071dbcdc16164cfda54	k__Bacteria; p__Proteobacteria; c__Betaproteobacteria; o__SBla14; f__; g__; s__	0.7
e14c27b4d1ace492587e376e47b7231d	k__Bacteria; p__Bacteroidetes; c__Flavobacteriia; o__Flavobacteriales; f__Cryomorphaceae; g__Crocinitomix; s__	0.6
ed4d486677b35ee6f7a80903a99ce52e	k__Bacteria; p__Proteobacteria; c__Gammaproteobacteria	1.0
981962db415769f8afc499cb34e46259	k__Bacteria; p__Proteobacteria; c__Deltaproteobacteria; o__Myxococcales	1.0
44dacfc01f249b5ef355efde57ac4a4d	Unassigned	0.0
4c1b4b7b208e4d3d51c59fdca9108dac	k__Bacteria; p__Proteobacteria; c__Deltaproteobacteria; o__Myxococcales; f__Myxococcaceae; g__; s__	1.0
dd7b5c09145fd9ab66a7b9d6ed9bcd15	k__Bacteria; p__OP3; c__koll11; o__; f__; g__; s__	1.0
e0268af1023ec65526441e65d070228f	k__Bacteria; p__Proteobacteria; c__Gammaproteobacteria; o__Chromatiales; f__Ectothiorhodospiraceae; g__Ectothiorhodospira; s__	1.0
d76dc9cc0609094dd93efea25e3f7a0d	k__Bacteria; p__Firmicutes; c__Bacilli; o__Bacillales	0.9
852088ef314ef9020adeeb2d7dd703db	k__Bacteria; p__Chloroflexi; c__Dehalococcoidetes; o__GIF9; f__; g__; s__	1.0
5eeb0a4d4a9c2fb4544703965921c21c	Unassigned	0.0
8c661dbd96f3faee3473e0342ee3d209	k__Bacteria; p__OD1; c__ABY1; o__; f__; g__; s__	0.8888888888888888
f79722bf6f4b6156b9d58c1ee1987a6f	k__Bacteria; p__Proteobacteria; c__Gammaproteobacteria; o__Xanthomonadales; f__Sinobacteraceae; g__Steroidobacter; s__	0.6
110a55d4acfddebbc0879c06b13b3058	k__Bacteria; p__Firmicutes; c__Bacilli; o__Bacillales; f__Bacillaceae; g__Bacillus; s__	0.9
f2405cd04e6b3947856f2f223103cbfb	k__Bacteria; p__Proteobacteria; c__Alphaproteobacteria; o__Rhizobiales; f__; g__; s__	0.7
e5999819dbc8430db6cb76b3209592a9	k__Bacteria; p__Proteobacteria; c__Betaproteobacteria; o__Methylophilales; f__Methylophilaceae; g__; s__	0.6
cd8929f5ba814700008f1cf6580d3f2f	Unassigned	0.0
247a12284d122bee1d9d412cf1d50174	k__Bacteria; p__OD1; c__; o__; f__; g__; s__	1.0
7c75203df7d6dd1bed6c632e48884441	k__Bacteria; p__Armatimonadetes; c__[Fimbriimonadia]; o__[Fimbriimonadales]; f__[Fimbriimonadaceae]	1.0
8aeb92ec02f37c208f0e4a58ca68c92b	k__Bacteria; p__Proteobacteria; c__Deltaproteobacteria; o__Bdellovibrionales; f__Bacteriovoracaceae; g__; s__	0.9
ace996ee533864b55145fb325a64265e	k__Bacteria; p__Proteobacteria; c__Alphaproteobacteria; o__BD7-3; f__; g__; s__	1.0
fc9ccd52faaf9fb84b1e5bb4ff3b096b	k__Bacteria; p__Proteobacteria; c__Deltaproteobacteria; o__MIZ46; f__; g__; s__	1.0
1671ebeda732c8fa89cf6f6e86a696fb	k__Bacteria; p__Proteobacteria; c__Alphaproteobacteria; o__Sphingomonadales; f__Sphingomonadaceae; g__Blastomonas; s__	0.6
feaf7c1a6eba73d88ca8d30adbf69a51	k__Bacteria; p__Proteobacteria; c__Betaproteobacteria; o__Rhodocyclales; f__Rhodocyclaceae; g__Zoogloea; s__	1.0
4248be907c34279872f7638542f3db00	k__Bacteria; p__Proteobacteria; c__Betaproteobacteria; o__Rhodocyclales; f__Rhodocyclaceae; g__; s__	0.6
dcac8cc9c6fbdb639f7fccb8810ebd54	k__Bacteria; p__Proteobacteria; c__TA18; o__PHOS-HD29; f__; g__; s__	1.0
1fd36671bf6914ffe347bcd6a4c32b85	k__Bacteria; p__Bacteroidetes; c__Cytophagia; o__Cytophagales; f__Cytophagaceae	0.7
d288f367f360f54c0ffef2f0fefc24b3	k__Bacteria; p__Bacteroidetes; c__Flavobacteriia; o__Flavobacteriales; f__Flavobacteriaceae; g__Flavobacterium; s__	1.0
85dcdb9a5e763c15de9026d26ecfb3d4	k__Bacteria; p__Proteobacteria; c__Alphaproteobacteria; o__Sphingomonadales; f__Sphingomonadaceae; g__Novosphingobium; s__	0.6
f6210f72a7b9886de5667232c1b10b5e	k__Bacteria; p__Acidobacteria; c__Solibacteres; o__Solibacterales; f__[Bryobacteraceae]; g__; s__	1.0
f3e6bf09427e45092339b3d46ea3481b	k__Archaea; p__Euryarchaeota; c__Methanomicrobia; o__Methanomicrobiales; f__Methanoregulaceae; g__Methanolinea; s__	0.7
096bb6530a118ceb54a23f7c6c063de8	k__Bacteria; p__Proteobacteria; c__Alphaproteobacteria; o__Rhizobiales; f__Methylocystaceae; g__Methylosinus; s__	1.0
8feeebbd20a14571e9d849b9821240eb	k__Bacteria; p__Proteobacteria; c__Gammaproteobacteria; o__Legionellales; f__Legionellaceae	1.0
e4588c52b1177fdb3159c81e279589e5	k__Bacteria; p__Proteobacteria; c__Alphaproteobacteria; o__Rickettsiales; f__Rickettsiaceae; g__; s__	0.9
68fa0d18dfc668adfef034b45dd2167a	k__Bacteria; p__Bacteroidetes; c__[Saprospirae]; o__[Saprospirales]; f__Saprospiraceae; g__; s__	1.0
3b38d60fc927994908e0e16739d37fd6	k__Bacteria; p__Proteobacteria; c__Alphaproteobacteria; o__Rickettsiales; f__Rickettsiaceae; g__; s__	0.6
827dea974e703999e54e6a2f33e92e96	k__Bacteria; p__Planctomycetes; c__Planctomycetia; o__Pirellulales; f__Pirellulaceae; g__; s__	1.0
f725415e3e80cff6e0301f1ca8a27e17	k__Bacteria; p__Proteobacteria; c__Deltaproteobacteria; o__Myxococcales; f__OM27; g__; s__	1.0
c6a736c4d5daf1d444eb9c45353e8f76	k__Bacteria; p__Bacteroidetes; c__Cytophagia; o__Cytophagales; f__Cytophagaceae; g__Dyadobacter; s__	0.7
6c4b75b6f7dc16bf66843e20fa4b9d9d	k__Bacteria; p__Bacteroidetes; c__Cytophagia; o__Cytophagales; f__[Amoebophilaceae]; g__; s__	0.7
e8a4c30871d0d4657d78275d62604c5e	k__Bacteria; p__Actinobacteria; c__Actinobacteria; o__Actinomycetales; f__Mycobacteriaceae; g__Mycobacterium; s__	1.0
63091586e0c7f0e1f021e1631296e2d3	Unassigned	0.0
751937480d558247c2bdf83d59c4ace6	k__Bacteria; p__Proteobacteria; c__Epsilonproteobacteria; o__Campylobacterales; f__Campylobacteraceae; g__Arcobacter; s__	1.0
14ed0508e17eb2146724c83ba8637007	k__Bacteria; p__Proteobacteria; c__Alphaproteobacteria	1.0
23b823b91f872652a32dbac9c0820078	k__Bacteria; p__Gemmatimonadetes; c__Gemmatimonadetes; o__Gemmatimonadales; f__Gemmatimonadaceae; g__Gemmatimonas; s__	1.0
33a24c78622ce4f0563d0bd211edd3b6	k__Bacteria; p__Planctomycetes; c__Planctomycetia; o__Gemmatales; f__Gemmataceae; g__Gemmata; s__	1.0
a617ab7b6be9737fdef5341c8a521787	k__Bacteria; p__Proteobacteria; c__Epsilonproteobacteria; o__Campylobacterales; f__Helicobacteraceae; g__Sulfurimonas; s__	1.0
a60bc362c4680843ca7f839f0432e455	k__Bacteria; p__Proteobacteria; c__Betaproteobacteria; o__Burkholderiales; f__Comamonadaceae	0.9
5c246d25ae03a109e4b69d254c5083a6	k__Bacteria; p__Proteobacteria; c__Gammaproteobacteria; o__Pseudomonadales; f__Moraxellaceae; g__Acinetobacter; s__rhizosphaerae	0.9
6745988381b3c7718e68de3f953b1200	k__Bacteria; p__Proteobacteria; c__Gammaproteobacteria; o__Pseudomonadales; f__Pseudomonadaceae; g__Pseudomonas; s__	0.7
2d787d2479465787120a629475f2a79a	Unassigned	0.0
29c523826d4330f60677c5fbf242faf9	k__Bacteria; p__Bacteroidetes; c__[Saprospirae]; o__[Saprospirales]; f__Chitinophagaceae; g__; s__	1.0
0ad0f340a0290ce2feb40c194d16992b	k__Bacteria; p__Proteobacteria; c__Alphaproteobacteria; o__Rhizobiales; f__Hyphomicrobiaceae	1.0
2f733cff2631321f0863c316be585998	k__Bacteria; p__Proteobacteria; c__Alphaproteobacteria	1.0
e014acc88dd1e92629ee2d7b16f82cce	k__Bacteria; p__SR1; c__; o__; f__; g__; s__	1.0
e09d31e9876162993b91e0bbad6024b2	k__Bacteria; p__Proteobacteria; c__Deltaproteobacteria; o__Myxococcales; f__OM27; g__; s__	1.0
98eea2023e123e0889a362169f102db8	k__Bacteria; p__Cyanobacteria; c__Chloroplast; o__Streptophyta; f__; g__; s__	1.0
5b7db269bf5f4ce0dd2fb6bce0270370	k__Bacteria; p__Bacteroidetes; c__Cytophagia; o__Cytophagales; f__Cytophagaceae; g__Emticicia; s__	1.0
4d15ec41425271c35b1b9385a0abc5c3	k__Bacteria; p__Proteobacteria; c__Alphaproteobacteria; o__Rhizobiales	1.0
d900d6d219a207b92385604260cff7f6	k__Bacteria; p__Chlorobi; c__OPB56; o__; f__; g__; s__	1.0
56786bf1f2fa08c52b871e50e371a71f	k__Bacteria; p__Verrucomicrobia; c__[Pedosphaerae]; o__[Pedosphaerales]; f__; g__; s__	0.8
f1a6c0434a6ead1cdb67cd5a91ba20e0	k__Bacteria; p__Proteobacteria; c__Alphaproteobacteria; o__Rhodospirillales; f__Rhodospirillaceae; g__; s__	1.0
222a4cceae18d4c317057e51ec6f7aa8	k__Bacteria; p__Proteobacteria; c__Alphaproteobacteria; o__Rhodospirillales	0.7
c80215bc80719ad519d6838800fcd5bb	k__Bacteria; p__Firmicutes; c__Clostridia; o__Clostridiales; f__Lachnospiraceae; g__; s__	0.6
d5ad6ffd73b9aaa4f8c18b9beda788f3	k__Bacteria; p__Planctomycetes; c__Planctomycetia; o__Pirellulales; f__Pirellulaceae; g__; s__	1.0
a42b8377211b07dfe90b1763807b7754	k__Bacteria; p__Proteobacteria; c__Gammaproteobacteria; o__Methylococcales; f__Methylococcaceae; g__Methylocaldum; s__	0.9
7c6bb14222e1acbf3150c18adae47351	k__Bacteria; p__Bacteroidetes; c__Sphingobacteriia; o__Sphingobacteriales; f__; g__; s__	0.7
58a4881eb334a8af8ebfd54a1a5357c0	k__Bacteria; p__Proteobacteria; c__Gammaproteobacteria	1.0
ba7d435589520369ef3b3befb717dbf4	k__Bacteria; p__Proteobacteria; c__Alphaproteobacteria; o__Rickettsiales; f__mitochondria; g__; s__	0.6666666666666666
b610842f9084b1da47bc32a6059623e3	k__Bacteria; p__Proteobacteria; c__Gammaproteobacteria; o__Thiotrichales; f__Piscirickettsiaceae; g__; s__	0.8
581972ff2ae735d77bd31f9ebf2b053e	Unassigned	0.0
982d64dad3c1501080a0913f5a0ac38f	Unassigned	0.0
e880e9c8d89fa0e5567088f005c8a78b	k__Bacteria; p__Cyanobacteria; c__Chloroplast; o__Cryptophyta; f__; g__; s__	1.0
64b0f1be1e8b1d1db3587c48bfb69f9b	k__Bacteria; p__Proteobacteria; c__Deltaproteobacteria; o__Bdellovibrionales; f__Bdellovibrionaceae; g__Bdellovibrio; s__	0.9
3120ae89c664a5fc8a1ba08c9598e553	k__Bacteria; p__Proteobacteria; c__Alphaproteobacteria; o__Rhizobiales	1.0
a73da43e2645fe3df3ca86ee343fd5a9	k__Bacteria; p__Proteobacteria; c__Deltaproteobacteria; o__Spirobacillales; f__; g__; s__	1.0
e2292c203b9bf082126dc84683e92bc2	k__Bacteria; p__Cyanobacteria; c__Synechococcophycideae; o__Synechococcales; f__Synechococcaceae; g__Synechococcus; s__	1.0
2e99b4edf9a37d0e3722d843e84c33fb	k__Bacteria; p__Bacteroidetes; c__Flavobacteriia; o__Flavobacteriales; f__Cryomorphaceae; g__Fluviicola; s__	1.0
fc3772186ece3289cbf05d60af1cae87	Unassigned	0.0
1fbc6552fcf6a5cea5b84c87703e2dcb	k__Bacteria; p__Bacteroidetes; c__Sphingobacteriia; o__Sphingobacteriales; f__; g__; s__	0.9
a4a69febc9c700d78e9c4b444bdf8289	k__Bacteria; p__Proteobacteria; c__Betaproteobacteria; o__Burkholderiales; f__Oxalobacteraceae; g__Janthinobacterium; s__	1.0
1674620707e4d85260949b0605e68347	k__Bacteria	1.0
49c7b597dfcb665ff766dba1b07096c9	k__Bacteria; p__Proteobacteria; c__Alphaproteobacteria; o__Rhizobiales; f__Hyphomicrobiaceae	1.0
4606c34ca18631780c29388ecef95234	k__Bacteria; p__Proteobacteria; c__Betaproteobacteria	1.0
9bfdd97f43fcded959308c35e7a24ca7	k__Bacteria; p__Cyanobacteria; c__Chloroplast; o__Stramenopiles; f__; g__; s__	1.0
362bb4638dcbaf8515fb3bb7bb1933f5	k__Bacteria; p__Proteobacteria; c__Alphaproteobacteria; o__Rhodobacterales; f__Hyphomonadaceae; g__; s__	0.9
e9c32b90bc3515b947855799a98b77c0	k__Bacteria; p__Cyanobacteria; c__Chloroplast; o__Cryptophyta; f__; g__; s__	1.0
622d4aeff1f03598cf94f21e2256e713	k__Bacteria; p__Proteobacteria; c__Alphaproteobacteria; o__Rickettsiales; f__; g__; s__	1.0
f846d30ebfdde01c7dc121c180a5def3	k__Bacteria; p__Cyanobacteria; c__Oscillatoriophycideae	0.6
e7538a11f2ec79a2c16fca02912eb526	k__Bacteria; p__Bacteroidetes; c__[Saprospirae]; o__[Saprospirales]; f__Chitinophagaceae; g__; s__	1.0
17f8dd4e0a0bf6c270ec4bda91713a7d	k__Bacteria; p__Cyanobacteria; c__Synechococcophycideae; o__Pseudanabaenales; f__Pseudanabaenaceae	0.9
3e7a440fd20ef2bbba66567cd740b279	k__Bacteria; p__Spirochaetes; c__Spirochaetes; o__Spirochaetales; f__Spirochaetaceae; g__Spirochaeta; s__aurantia	0.8
8ce9ef57d1e3d156109e9e62fe72734a	k__Bacteria; p__Proteobacteria; c__Alphaproteobacteria; o__Rhodospirillales; f__Rhodospirillaceae; g__; s__	1.0
a7868a276c8b484d7700afd21bf339fe	k__Bacteria; p__Bacteroidetes; c__Bacteroidia; o__Bacteroidales; f__Porphyromonadaceae; g__Paludibacter; s__	1.0
1b30443a00c8f35b0cc37d30a364382e	k__Bacteria; p__Actinobacteria; c__Actinobacteria; o__Actinomycetales; f__Kineosporiaceae; g__Kineosporia; s__	0.7
29377ba34ccf027f5976b9573109b895	k__Bacteria; p__Actinobacteria; c__Thermoleophilia; o__Gaiellales; f__; g__; s__	1.0
8dd0a944468b171281687fab15ca2219	k__Bacteria; p__OD1; c__; o__; f__; g__; s__	1.0
55d1917be5e4372e73c96ac4994b5938	Unassigned	0.0
06040e08d60c3abfd41ad9d6f15bd877	k__Bacteria; p__Firmicutes; c__Clostridia; o__Clostridiales; f__Ruminococcaceae; g__Ruminococcus; s__	0.9
eba64828d03d3202d394014ea54859e1	k__Bacteria; p__Proteobacteria; c__Betaproteobacteria; o__Burkholderiales; f__Comamonadaceae	1.0
fbad75dabf6e90d4448406a3d61739e1	k__Bacteria; p__Proteobacteria; c__Gammaproteobacteria; o__Methylococcales; f__Methylococcaceae	0.8
1718439c253e04e507f3aa4aacb327f8	k__Bacteria; p__Proteobacteria; c__Deltaproteobacteria; o__Bdellovibrionales; f__Bdellovibrionaceae; g__Bdellovibrio; s__	1.0
abd741813f5401c5cd5fd22f1afe6fb1	k__Bacteria; p__Proteobacteria; c__Deltaproteobacteria; o__Spirobacillales; f__; g__; s__	1.0
71eb0421a9d3dccd1f6ae5bb99ed50d4	k__Bacteria; p__Cyanobacteria; c__Chloroplast; o__Chlorophyta; f__; g__; s__	1.0
a7b79367a17cab1ff695c2f0d9edfe09	k__Bacteria; p__OD1; c__ABY1; o__; f__; g__; s__	1.0
f797ab8c95cd259a394d386c0d8c2d21	k__Bacteria; p__Verrucomicrobia; c__Verruco-5; o__WCHB1-41; f__; g__; s__	0.7
2f5af862dbb1f23f5db4713f11b03534	k__Bacteria; p__Proteobacteria; c__Alphaproteobacteria; o__Rickettsiales; f__; g__; s__	1.0
bcc36463513aec642012f7f50af2e977	k__Bacteria; p__Proteobacteria; c__Deltaproteobacteria; o__Bdellovibrionales; f__Bacteriovoracaceae; g__; s__	1.0
8a48edef1342e785871705d9ced4ee5d	k__Bacteria; p__Bacteroidetes; c__Cytophagia; o__Cytophagales; f__Cytophagaceae; g__Runella; s__	1.0
0c11635fe7fddf1d4941da5535dbe43f	k__Bacteria; p__Proteobacteria; c__Alphaproteobacteria; o__Sphingomonadales; f__Sphingomonadaceae; g__; s__	0.7
25b54e88726e3bc63e15c001db100f57	k__Bacteria; p__Tenericutes; c__Mollicutes; o__Entomoplasmatales; f__; g__; s__	1.0
1d828670736029275edfe1c74dc8c908	k__Bacteria; p__Proteobacteria; c__Gammaproteobacteria; o__Alteromonadales; f__211ds20; g__; s__	1.0
04821c789caeeca67f70b01737ed72d7	k__Bacteria; p__Proteobacteria; c__Alphaproteobacteria; o__Sphingomonadales; f__Sphingomonadaceae; g__; s__	0.8
d85b44c095395847d4e66e0e5d1244c8	k__Bacteria; p__Proteobacteria; c__Alphaproteobacteria; o__; f__; g__; s__	0.7
b1ab2a8746526e497fc162a23e096b97	k__Bacteria	1.0
84f4fb16fd1bb09138685c56cfb640ab	k__Bacteria; p__Proteobacteria; c__Gammaproteobacteria; o__Thiotrichales; f__Piscirickettsiaceae; g__; s__	0.6
d6c62f3da7609809df99077b84626311	k__Bacteria; p__Actinobacteria; c__Acidimicrobiia; o__Acidimicrobiales; f__; g__; s__	0.6
10e99ebfd3e0f4844910f201d572e16e	k__Bacteria; p__OP11; c__WCHB1-64; o__K2-4-19; f__; g__; s__	0.7
f8e00736dae2cf135e8f09be1ebe0286	k__Bacteria; p__Planctomycetes; c__Planctomycetia; o__Planctomycetales; f__Planctomycetaceae; g__Planctomyces; s__	1.0
109cf0fd8af6b5a6c3b2b5bc81b0e1f4	k__Bacteria; p__Cyanobacteria; c__Chloroplast; o__Chlorophyta; f__; g__; s__	0.7
35c53ddce7e4b55be1042175850c51d3	k__Bacteria; p__Proteobacteria; c__Betaproteobacteria; o__Burkholderiales; f__Comamonadaceae	1.0
be1a963c1c0893b4ad4ca18fd010307b	k__Bacteria; p__Proteobacteria; c__Gammaproteobacteria; o__HOC36; f__; g__; s__	1.0
f83edba858943c27492adf51a85cda86	k__Bacteria; p__Proteobacteria; c__Alphaproteobacteria; o__Rhodospirillales; f__Acetobacteraceae; g__; s__	0.7
e93df1d563458363484dda62f3244581	k__Bacteria; p__Proteobacteria; c__Deltaproteobacteria; o__Spirobacillales; f__; g__; s__	1.0
8236dfd5b64d420f404e7a16e98c41fa	k__Bacteria; p__Acidobacteria; c__Acidobacteria-6; o__iii1-15; f__mb2424; g__; s__	1.0
ab597a61318b117aeae272edf030b793	k__Bacteria; p__Planctomycetes; c__Planctomycetia; o__Pirellulales; f__Pirellulaceae; g__; s__	1.0
9745035303ad45894ae60772a013ba71	k__Bacteria; p__Actinobacteria; c__Actinobacteria; o__Actinomycetales; f__Mycobacteriaceae; g__Mycobacterium; s__	1.0
4f9daea276e8bd1f61a1c9b22a9c382b	k__Bacteria; p__Verrucomicrobia; c__Opitutae; o__Opitutales; f__Opitutaceae; g__Opitutus; s__	1.0
185726e7abd6d2cbca6da2a6242dc6a7	k__Bacteria; p__Proteobacteria; c__Alphaproteobacteria; o__Rickettsiales; f__; g__; s__	0.9
b235433d400d04b54727f5a1ac31343f	k__Bacteria; p__Proteobacteria; c__Alphaproteobacteria; o__Rhizobiales	1.0
72a2e6a9788cb02bc140d89eacaad462	k__Bacteria; p__Proteobacteria; c__Betaproteobacteria; o__Burkholderiales; f__Comamonadaceae; g__; s__	0.7
f25cad1a668861c6f8dea1b289000572	k__Bacteria; p__Chloroflexi; c__Anaerolineae; o__SBR1031; f__A4b; g__; s__	1.0
e06c80f1d56cb094f5ae02005c5ea712	k__Bacteria; p__Proteobacteria; c__Gammaproteobacteria; o__Legionellales; f__; g__; s__	1.0
51e1a520ed7e541a68c6fc42c6482ea3	k__Bacteria; p__Proteobacteria; c__Alphaproteobacteria	0.7
cb922995a303bd70ec0c2243df82ef74	k__Bacteria; p__Proteobacteria; c__Alphaproteobacteria	0.7
af84154b5cc7e5ad771b64e36d01a11b	k__Bacteria; p__Proteobacteria; c__Gammaproteobacteria; o__Alteromonadales; f__OM60; g__; s__	0.9
911e465f0275ea49b127ebf4b792947c	k__Bacteria; p__Bacteroidetes; c__Flavobacteriia; o__Flavobacteriales; f__Flavobacteriaceae; g__Flavobacterium; s__	1.0
971e3d34345a2e8661eaf5ba46a3fbca	k__Bacteria; p__Bacteroidetes; c__[Saprospirae]; o__[Saprospirales]; f__; g__; s__	1.0
a1a5e642f35babbd210428a764b1f819	k__Bacteria; p__Proteobacteria; c__Deltaproteobacteria; o__Desulfovibrionales; f__Desulfomicrobiaceae; g__Desulfomicrobium; s__	1.0
1ef4ddc659287036e18fbca58b30a06e	Unassigned	0.0
942d96fa0cd2a151ad77934acb61ef53	k__Bacteria; p__Proteobacteria; c__Alphaproteobacteria; o__Sphingomonadales; f__Sphingomonadaceae; g__Sphingomonas; s__	1.0
d962fbb2f5b922f71b8de199da03a3c2	k__Bacteria; p__Proteobacteria; c__Gammaproteobacteria; o__Legionellales; f__Legionellaceae; g__; s__	0.9
829cac802ded51eca273cf61ff504295	k__Bacteria; p__Proteobacteria; c__Deltaproteobacteria; o__Syntrophobacterales; f__Syntrophaceae; g__; s__	1.0
407f7f39482785dc90d018f2970fcc89	Unassigned	0.0
07836ecf5d1247750a90108c8f9343e0	k__Bacteria; p__Actinobacteria; c__Actinobacteria; o__Actinomycetales; f__; g__; s__	0.6
ef53f30a74308a3ee4fd8f167ec6a262	k__Bacteria; p__Proteobacteria; c__Betaproteobacteria; o__Thiobacterales; f__; g__; s__	0.9
30b7cedad97917e35fa80016c1c643c3	k__Bacteria; p__Bacteroidetes; c__Sphingobacteriia; o__Sphingobacteriales; f__; g__; s__	0.8
266cf6aaa4c58dc4e13587e5685c6aca	k__Bacteria; p__Proteobacteria; c__Deltaproteobacteria	1.0
88193a8247e6487e63282edfc07e4dd4	k__Bacteria; p__Spirochaetes; c__Spirochaetes; o__Spirochaetales; f__Spirochaetaceae; g__Spirochaeta; s__	1.0
e007612d1d04ed59c4bddf8237de5f53	k__Bacteria; p__OP3; c__PBS-25; o__; f__; g__; s__	1.0
65141c42dbbd8b1b45490c55b1ba91c1	k__Bacteria; p__Firmicutes; c__Clostridia; o__Clostridiales; f__Peptostreptococcaceae; g__; s__	1.0
ef344015c7a59b92b572d3f5b23754f1	k__Bacteria; p__TM6; c__SJA-4; o__; f__; g__; s__	1.0
43a76d2771b86f4e855a69c0fa8241a2	k__Bacteria; p__Verrucomicrobia; c__[Pedosphaerae]; o__[Pedosphaerales]	1.0
33740a3ef4babee9e016e5122841ad47	k__Bacteria; p__Proteobacteria; c__Alphaproteobacteria; o__Rhizobiales; f__Hyphomicrobiaceae; g__; s__	1.0
8de598d43d07312babd13e757b911b96	k__Bacteria; p__Proteobacteria; c__Gammaproteobacteria; o__Xanthomonadales; f__Sinobacteraceae; g__; s__	1.0
e940764501a6e7c8467bcefa6307babd	k__Bacteria; p__Bacteroidetes; c__Sphingobacteriia; o__Sphingobacteriales; f__; g__; s__	1.0
7076ca316997af5f957a730b60daf929	k__Bacteria; p__Proteobacteria; c__Alphaproteobacteria; o__Rhizobiales; f__Rhizobiaceae	0.8
bccdc960d1beb6bb2670f11258f257a3	k__Bacteria; p__Proteobacteria; c__Alphaproteobacteria; o__Rhodospirillales; f__; g__; s__	1.0
37d77311be6b5df94310c48772efb6e8	k__Bacteria; p__SR1; c__; o__; f__; g__; s__	1.0
81a842fc8cf11e99ecc9b7f7a4d63e48	k__Bacteria; p__Bacteroidetes; c__Flavobacteriia; o__Flavobacteriales; f__[Weeksellaceae]; g__Elizabethkingia; s__meningoseptica	0.8
06e49206879dc6f6421452a1cf868463	k__Bacteria; p__Firmicutes; c__Clostridia; o__Clostridiales; f__Ruminococcaceae; g__; s__	1.0
ae725f9e693b99428ed1f102f978b38a	k__Bacteria; p__Proteobacteria; c__Alphaproteobacteria; o__Rhodobacterales; f__Hyphomonadaceae; g__; s__	0.9
bd0e91b97303b8c3accf941c0ea8d7a8	k__Bacteria; p__Proteobacteria; c__Betaproteobacteria; o__Burkholderiales; f__Oxalobacteraceae; g__Janthinobacterium; s__	1.0
542c7d3cc816e652d526edc3b2cca9cd	k__Bacteria; p__Firmicutes; c__Clostridia; o__Clostridiales; f__Lachnospiraceae; g__; s__	0.7
c90bfb7ad732884c0fbe924549043f35	k__Bacteria; p__Planctomycetes; c__Planctomycetia; o__Pirellulales; f__Pirellulaceae; g__; s__	1.0
ed9171e9082026cc92261a61414e22ec	k__Bacteria; p__Verrucomicrobia; c__[Pedosphaerae]; o__[Pedosphaerales]; f__R4-41B; g__; s__	0.6
01f1f22a8b2f0f48772e6136f016e597	k__Bacteria; p__Verrucomicrobia; c__Opitutae; o__[Pelagicoccales]; f__[Pelagicoccaceae]; g__Pelagicoccus; s__	0.6
b21983799880d824a4e488e61d03def3	k__Bacteria; p__Proteobacteria; c__Alphaproteobacteria; o__Rickettsiales; f__; g__; s__	1.0
7e7cd62185c2d8086a62c286771649b4	k__Bacteria; p__Fusobacteria; c__Fusobacteriia; o__Fusobacteriales; f__Leptotrichiaceae	1.0
31416225a41521554b041f12b0fe913d	k__Bacteria; p__Cyanobacteria; c__Chloroplast; o__Streptophyta; f__; g__; s__	1.0
d3ab21879475902aa49f9e642589ffae	k__Bacteria; p__Proteobacteria; c__Alphaproteobacteria; o__Rhodospirillales; f__Rhodospirillaceae; g__; s__	1.0
f39e83a63cce5b7a4329b798a41b52cc	k__Bacteria; p__Actinobacteria; c__Actinobacteria; o__Actinomycetales; f__Mycobacteriaceae; g__Mycobacterium; s__	1.0
7e37f8c3ed4a38a7e147add0418967c0	k__Bacteria; p__Acidobacteria; c__Acidobacteria-6; o__iii1-15; f__mb2424; g__; s__	1.0
685660680749aef92c64bc18d71f1eee	k__Bacteria; p__Chlorobi; c__OPB56; o__; f__; g__; s__	1.0
584dd598af27fc8e8b1a84c4bcddc5c3	k__Bacteria	1.0
3ab56b7782793ad1789d44a13e1b95e6	k__Bacteria; p__Proteobacteria; c__Alphaproteobacteria; o__; f__; g__; s__	1.0
2ecc573af5357bd15b8b6b9c96577ae9	k__Bacteria; p__Planctomycetes; c__Planctomycetia; o__Pirellulales; f__Pirellulaceae; g__; s__	1.0
1a3f62c562924ae3af06ddb02c359c17	k__Bacteria; p__Proteobacteria	0.8
9d9193c809c22cbe4522db0ccd3dfba0	k__Bacteria; p__Armatimonadetes; c__[Fimbriimonadia]; o__[Fimbriimonadales]; f__[Fimbriimonadaceae]	0.6
17d5e6b28eaefa8d0fc2dc5b7454feed	k__Bacteria; p__Tenericutes; c__Mollicutes; o__Anaeroplasmatales; f__Anaeroplasmataceae; g__Anaeroplasma; s__	1.0
27e1cc243364685a98a2a48f8a5ec3c6	k__Bacteria; p__Acidobacteria; c__[Chloracidobacteria]; o__PK29; f__; g__; s__	1.0
ed6385d1f20c47e523ed88ab834bd747	k__Bacteria; p__Proteobacteria; c__Gammaproteobacteria; o__Legionellales; f__Legionellaceae; g__Legionella; s__	0.9
1eeee2a62d937e400eec4c79c7371826	k__Bacteria; p__Bacteroidetes; c__Sphingobacteriia; o__Sphingobacteriales; f__; g__; s__	1.0
a13ba62fade1699a13d6c49dcfabf1b4	k__Bacteria; p__Proteobacteria; c__Deltaproteobacteria; o__Myxococcales; f__; g__; s__	0.9
47ed21bfbe90b044f092fa5ff3f50310	k__Bacteria; p__TM7; c__TM7-1; o__; f__; g__; s__	1.0
97881e077ca30592671f258295b81db2	k__Bacteria; p__Chlorobi; c__OPB56; o__; f__; g__; s__	1.0
843db9d0d8a88c045a178d745c24ed2b	k__Bacteria; p__Actinobacteria; c__Acidimicrobiia; o__Acidimicrobiales; f__C111; g__; s__	1.0
4bf3dea53f6771ca4fb86f242c4ac5b3	k__Bacteria; p__Proteobacteria; c__Alphaproteobacteria; o__Rickettsiales; f__Holosporaceae; g__; s__	0.7
5684417914cd18dc378fa398b30d9b52	k__Bacteria; p__Actinobacteria; c__Actinobacteria; o__Actinomycetales; f__Cellulomonadaceae; g__Demequina; s__	1.0
e20e984bc08577d9ddc3f12870e9d357	k__Bacteria; p__Verrucomicrobia; c__Verrucomicrobiae; o__Verrucomicrobiales; f__Verrucomicrobiaceae; g__Prosthecobacter	0.7
c22771534b5fbc67399d178bd85985b7	k__Archaea; p__[Parvarchaeota]; c__[Parvarchaea]; o__WCHD3-30; f__; g__; s__	1.0
521e811aa09a9f7309676a537bc63024	k__Bacteria; p__Bacteroidetes; c__Flavobacteriia; o__Flavobacteriales; f__Cryomorphaceae; g__Fluviicola; s__	1.0
43a236dccad9cd59a0c675b953079247	k__Bacteria; p__Proteobacteria; c__Alphaproteobacteria; o__Rhodospirillales; f__Rhodospirillaceae; g__; s__	0.8
ed47ec390bb1f8c57ad22fd95b023dce	Unassigned	0.0
c090bc942dafc39360781f00a2428e36	k__Bacteria; p__Proteobacteria; c__Deltaproteobacteria; o__Myxococcales; f__Myxococcaceae; g__; s__	1.0
d5243ddf2f948b8f076fa5415dec2a95	k__Bacteria; p__Acidobacteria; c__Acidobacteria-6; o__iii1-15; f__; g__; s__	1.0
3f60307fe719202e80ea5e8783481992	k__Bacteria; p__Proteobacteria; c__Deltaproteobacteria; o__Myxococcales; f__Polyangiaceae; g__Sorangium; s__cellulosum	0.6
3010d8a8bb88062159a793847a2ed6ee	k__Bacteria; p__Cyanobacteria; c__Chloroplast; o__Chlorophyta; f__Chlamydomonadaceae; g__; s__	0.6
415ae333f98168570dfd8b7202f95518	k__Bacteria; p__Bacteroidetes; c__Flavobacteriia; o__Flavobacteriales; f__Flavobacteriaceae; g__Flavobacterium; s__	1.0
60bee8f8fab8422a545cf6c5c4a86885	k__Bacteria; p__Proteobacteria; c__Betaproteobacteria; o__Ellin6067; f__; g__; s__	1.0
1242aa211130f8711281d68af16fee0c	k__Bacteria; p__Proteobacteria; c__Gammaproteobacteria; o__Alteromonadales; f__Alteromonadaceae; g__Cellvibrio; s__	1.0
5e7b362565e0f9440d2578ae46a9b32e	k__Bacteria; p__Proteobacteria; c__Betaproteobacteria; o__Burkholderiales; f__Comamonadaceae; g__Comamonas; s__	0.7
60fda90f6cc177d60d10c231970ffbad	k__Bacteria; p__Bacteroidetes; c__Cytophagia; o__Cytophagales; f__Flammeovirgaceae; g__; s__	0.6
77b816b138602899c6d4be1bd5004960	k__Bacteria; p__Proteobacteria; c__Gammaproteobacteria; o__Pseudomonadales; f__Pseudomonadaceae; g__Pseudomonas; s__	0.9
8d129159aa555e89be716adaed71abc4	k__Bacteria; p__Proteobacteria; c__Betaproteobacteria; o__Procabacteriales; f__Procabacteriaceae; g__; s__	1.0
7455153a5662c26f06816bff37bd0a2c	k__Bacteria; p__Proteobacteria; c__Gammaproteobacteria; o__Methylococcales; f__Crenotrichaceae; g__Crenothrix; s__	1.0
fa608e2dc2ab397bda42a8547918fbed	k__Bacteria; p__Proteobacteria; c__Alphaproteobacteria; o__BD7-3; f__; g__; s__	1.0
c3f5fe1a218b27e359195ac67b6315bf	k__Bacteria; p__Verrucomicrobia; c__Opitutae; o__Opitutales; f__Opitutaceae; g__Opitutus; s__	1.0
29bb67041516ddea8f148399afecfd6d	k__Bacteria; p__Proteobacteria; c__TA18; o__PHOS-HD29; f__; g__; s__	1.0
cad50912f3e9e484f665b3e7059d26a7	k__Bacteria; p__Cyanobacteria; c__Chloroplast; o__Stramenopiles; f__; g__; s__	1.0
0b43f689ba24b3e90937cd617e42f46f	k__Bacteria; p__Firmicutes; c__Clostridia; o__Clostridiales; f__[Acidaminobacteraceae]; g__Fusibacter; s__	0.9
9708a13d4e79bc9ec14dc3a288326b43	k__Bacteria; p__Actinobacteria; c__Acidimicrobiia; o__Acidimicrobiales; f__C111; g__; s__	1.0
9111f352435cc1511be8ed143744284d	k__Bacteria; p__Actinobacteria; c__Actinobacteria; o__Actinomycetales; f__Microbacteriaceae; g__Candidatus Rhodoluna; s__	0.6
80f4c28f51c46f5c6c1a398ffdaf90a4	k__Bacteria; p__Proteobacteria	1.0
93075a4b144a03213e9a1323d4c86f94	k__Bacteria; p__Bacteroidetes	1.0
ee86bfb1b8d6b12476f4370650f022df	k__Bacteria; p__Planctomycetes; c__Planctomycetia; o__Pirellulales; f__Pirellulaceae; g__; s__	1.0
d869a6f644db9e33056edd198a2bdad6	k__Bacteria; p__TM6; c__SJA-4; o__; f__; g__; s__	1.0
93ff50eb11a514f1d2b60f9b81bc9aa7	k__Bacteria; p__Proteobacteria; c__Deltaproteobacteria	1.0
052d2de780ac251d7d511269439ef9ab	k__Bacteria; p__Chlorobi; c__OPB56; o__; f__; g__; s__	1.0
5db1bec9f64332cd0748a26141d94418	k__Bacteria; p__Proteobacteria; c__Alphaproteobacteria; o__Rhodospirillales; f__Acetobacteraceae; g__; s__	0.8
e9e318115adce32bf8153b2cb62bd28a	k__Bacteria; p__Actinobacteria; c__Thermoleophilia; o__Gaiellales; f__; g__; s__	1.0
10bc9ea4841c9ecc0321a5fe3ed92429	k__Bacteria; p__Proteobacteria; c__Gammaproteobacteria; o__Enterobacteriales; f__Enterobacteriaceae; g__Candidatus Phlomobacter; s__	0.7
9cee6c3ef5b6299b20a265f657a692c6	Unassigned	0.0
621baf9eda9398448ee56b3f203a8ac8	k__Bacteria; p__Bacteroidetes; c__Sphingobacteriia; o__Sphingobacteriales; f__Sphingobacteriaceae; g__; s__	0.8
2e0f8c6697f38b2858d47d33b8e6d9ed	k__Bacteria; p__Proteobacteria; c__Alphaproteobacteria; o__Rhodobacterales; f__Rhodobacteraceae; g__; s__	0.7
443cd6df0b0f6e8a857c74122035f0c8	k__Bacteria; p__Proteobacteria; c__Gammaproteobacteria; o__Legionellales; f__Coxiellaceae; g__; s__	0.8
82a1132c82fc134e4cc85f712d84a152	k__Bacteria; p__Spirochaetes; c__Spirochaetes; o__Spirochaetales; f__Spirochaetaceae; g__Spirochaeta	0.6
fca55bb448a3d131092bccb5b610b1d7	k__Bacteria; p__OD1; c__; o__; f__; g__; s__	1.0
6fb41a90833b7110a2efbf91c2d3bb1c	k__Bacteria; p__Proteobacteria; c__Betaproteobacteria; o__Burkholderiales; f__Comamonadaceae	1.0
f58ddb002533f3c9c6cc1806a0d7cb50	k__Bacteria; p__Proteobacteria; c__Deltaproteobacteria; o__Myxococcales; f__0319-6G20; g__; s__	0.9
d9a6a067646a8a7a2dc53f075a171288	k__Bacteria; p__Proteobacteria; c__TA18; o__PHOS-HD29; f__; g__; s__	1.0
6d132e2651d9bb898693689623ee51e2	k__Bacteria; p__Firmicutes; c__Bacilli; o__Bacillales; f__Thermoactinomycetaceae; g__Shimazuella; s__	0.7
e7a1c34a047051caaeded2ad72df187f	k__Bacteria; p__Fibrobacteres; c__Fibrobacteria; o__258ds10; f__; g__; s__	1.0
e7ba1a4d70401072e0e9a69d54466036	k__Bacteria	1.0
eb338f2bd1b45fa4eb2fb2c81325e10a	k__Archaea; p__[Parvarchaeota]; c__[Parvarchaea]; o__WCHD3-30; f__; g__; s__	1.0
af00c4edf0cc72431f315d69d92bf80c	k__Bacteria; p__Proteobacteria; c__Deltaproteobacteria	0.8
2a7ebaf7cd086cc283505e8d9e38022c	k__Bacteria; p__Bacteroidetes; c__Flavobacteriia; o__Flavobacteriales; f__Flavobacteriaceae; g__Flavobacterium; s__	0.9
a33b6d23a7dc26149719d4d7d3968b28	k__Bacteria; p__Proteobacteria; c__Gammaproteobacteria; o__Methylococcales; f__Crenotrichaceae; g__Crenothrix; s__	0.9
286a321307092482d01e181848bd5646	k__Bacteria; p__Bacteroidetes	1.0
3999330d905e6f1b736e09e211d01953	k__Bacteria; p__Proteobacteria; c__Deltaproteobacteria; o__Desulfarculales; f__Desulfarculaceae; g__; s__	0.6
dc696842841e9d6cdab0bb24e2b6a2e1	k__Bacteria	1.0
b4443847aa45af5aebd3d9cf529ed735	k__Bacteria; p__Proteobacteria; c__Alphaproteobacteria; o__Sphingomonadales; f__Sphingomonadaceae; g__; s__	0.9
fd177bc6874b27f28da669383ea6fa93	k__Bacteria; p__Tenericutes; c__Mollicutes; o__; f__; g__; s__	0.6
cb1304629d4852efdc0025c948dbcb25	k__Bacteria; p__Bacteroidetes; c__[Saprospirae]; o__[Saprospirales]; f__Saprospiraceae; g__; s__	0.9
0dab3840af9fc251a706dd147b40fe1c	k__Bacteria; p__Actinobacteria; c__Actinobacteria; o__Actinomycetales; f__Microbacteriaceae; g__; s__	0.8
dfecae727666aeb3093e2910f7802d81	k__Bacteria; p__Proteobacteria; c__Betaproteobacteria	0.9
8bd4184ca210d07def6951775b00afd1	k__Bacteria; p__Firmicutes; c__Clostridia; o__Clostridiales; f__Clostridiaceae; g__Clostridium; s__	0.6
696f5c136c788e7cc5e5f012c72ea891	k__Bacteria; p__Firmicutes; c__Clostridia; o__Clostridiales; f__[Mogibacteriaceae]; g__; s__	0.7
1e43833b738216cbbac815148e40c148	k__Bacteria; p__Cyanobacteria; c__Chloroplast; o__Euglenozoa; f__; g__; s__	0.8
1374e7f03a23adae0e68ff6871b06fd5	k__Bacteria; p__Proteobacteria; c__Alphaproteobacteria; o__Rhodobacterales; f__Rhodobacteraceae; g__Rhodobacter; s__	1.0
7ed940faaa695adb41d4a65b37aa20e1	k__Bacteria; p__Proteobacteria; c__Betaproteobacteria; o__Burkholderiales; f__Comamonadaceae; g__Hydrogenophaga; s__	1.0
8b2eea9fa6384e92e5b6fdb9972e3eae	k__Bacteria; p__Proteobacteria; c__Gammaproteobacteria; o__Alteromonadales; f__Alteromonadaceae	0.7
f0b4785243afb6e60a04a7d072005936	k__Bacteria; p__Proteobacteria; c__Alphaproteobacteria; o__Rhodospirillales; f__Acetobacteraceae; g__; s__	0.9
eff50d9c378c02c840be06f0243981a9	k__Bacteria; p__Proteobacteria; c__Alphaproteobacteria; o__Rickettsiales; f__mitochondria	1.0
8e5bba29a5cdff9b62b59290c0b92d76	k__Bacteria; p__Proteobacteria; c__Betaproteobacteria; o__Burkholderiales; f__Alcaligenaceae; g__; s__	1.0
f51cf39d80e251717b17b9ea5198283b	k__Bacteria; p__Cyanobacteria; c__Chloroplast; o__Cryptophyta; f__; g__; s__	1.0
c88d0e7ed36511137e7bdb5e92203c23	Unassigned	0.0
7137ceb161535387fa021751813a4ba1	k__Bacteria; p__Proteobacteria; c__Betaproteobacteria; o__Burkholderiales; f__Oxalobacteraceae; g__; s__	1.0
b10d5a189857d79c8fe1437d9ccd320e	k__Bacteria; p__Proteobacteria; c__Alphaproteobacteria; o__Sphingomonadales; f__Sphingomonadaceae	0.9
606f1437cbb3af0637d691748241066a	k__Bacteria; p__Proteobacteria	0.7
a31959fd4d70bf53a22fcb741eb0c926	k__Bacteria; p__Actinobacteria; c__Acidimicrobiia; o__Acidimicrobiales; f__; g__; s__	1.0
8976b9eee4dc14a456f3e66da4c8eda6	k__Bacteria; p__OD1; c__SM2F11; o__; f__; g__; s__	0.7
f043c8b50805642541fbdf934eb1ab83	k__Bacteria; p__Proteobacteria; c__Alphaproteobacteria; o__Rhodospirillales; f__Acetobacteraceae; g__; s__	1.0
d3e4f92fa02e7f23289b2e93c92d04f4	k__Bacteria; p__Proteobacteria	0.6
f4c9d14e95b48e77e77e94e7f20bc09a	k__Bacteria; p__Nitrospirae; c__Nitrospira; o__Nitrospirales; f__[Thermodesulfovibrionaceae]; g__LCP-6; s__	1.0
04960151c8e4f5e1ecbc437c57aeac41	k__Bacteria; p__Bacteroidetes; c__Sphingobacteriia; o__Sphingobacteriales; f__; g__; s__	1.0
a1bba98e916bf6f756682c6062ab168b	k__Bacteria; p__Proteobacteria; c__TA18; o__CV90; f__; g__; s__	1.0
f86e281009989213b39b85c71bd65ed5	k__Bacteria; p__Verrucomicrobia; c__Opitutae; o__Opitutales; f__Opitutaceae; g__Opitutus; s__	1.0
a532f8d4f1024864d1124a1463d9817b	k__Bacteria; p__Proteobacteria; c__Alphaproteobacteria; o__Sphingomonadales; f__; g__; s__	0.8
58c65033a07a7be822db83d59e7df3fc	k__Bacteria; p__Bacteroidetes; c__Cytophagia; o__Cytophagales; f__Cytophagaceae	0.6
781045a172809b96d995fe8d18a06c9a	Unassigned	0.0
3673edeabd64eeb70d2c5ea9f689f86f	k__Bacteria; p__Actinobacteria; c__Actinobacteria; o__Actinomycetales; f__Mycobacteriaceae; g__Mycobacterium; s__	1.0
e6f2cdfa8f23232d5fc3b19660514c48	k__Bacteria; p__Proteobacteria; c__Alphaproteobacteria; o__Rhodospirillales; f__Rhodospirillaceae; g__; s__	0.9
2d2f6da741044953a4e448999db953f1	k__Bacteria; p__Proteobacteria; c__Deltaproteobacteria; o__NKB15; f__; g__; s__	1.0
a96613b7a69836e4e8c648616cc07cb7	k__Bacteria; p__Proteobacteria; c__Gammaproteobacteria; o__Thiotrichales; f__Piscirickettsiaceae; g__; s__	0.6
fd60f3031823ec8962d5635b257d7575	k__Bacteria; p__Bacteroidetes; c__[Saprospirae]; o__[Saprospirales]; f__Chitinophagaceae	1.0
82322705dcd1fe2d7ec4a6ee812b0703	k__Bacteria; p__Proteobacteria; c__Alphaproteobacteria	1.0
05ac474c81fadba4e824fff146307e7f	k__Bacteria; p__Proteobacteria; c__Alphaproteobacteria; o__; f__; g__; s__	1.0
beb3aa53ffa2b2a04cb78a0d92d62579	k__Bacteria; p__Proteobacteria; c__Deltaproteobacteria; o__Spirobacillales; f__; g__; s__	0.9
811b13384e06884044885b121831c6bd	k__Bacteria; p__Proteobacteria; c__Gammaproteobacteria; o__Legionellales; f__; g__; s__	0.6
4e6e6ea5b05411bccabd5281440761a2	k__Bacteria; p__Proteobacteria; c__Gammaproteobacteria; o__Enterobacteriales; f__Enterobacteriaceae; g__Providencia; s__	0.8
02f41738b2b8170f09a87461ff493ca4	k__Bacteria	1.0
c1ab9d0a732e6ea643332199f71667ee	k__Bacteria; p__GN02; c__BD1-5; o__; f__; g__; s__	0.6
7e294e7ab88801ef0270ca8ce322c550	k__Bacteria; p__Proteobacteria; c__Deltaproteobacteria; o__Spirobacillales; f__; g__; s__	0.6
ad1e18ef9fbfbecfbac1f838e8eedecc	k__Bacteria; p__Verrucomicrobia; c__Verrucomicrobiae; o__Verrucomicrobiales; f__Verrucomicrobiaceae; g__; s__	1.0
7eb3fbffd11a0760a3a1993408116b16	k__Bacteria; p__Proteobacteria; c__Betaproteobacteria; o__Burkholderiales; f__Comamonadaceae; g__Methylibium; s__	0.6
4f30ae9d4ba00c863adafbfe26cde1bb	k__Bacteria; p__Proteobacteria; c__Gammaproteobacteria; o__Xanthomonadales; f__Sinobacteraceae; g__; s__	1.0
b06f830af3e2c162f0b0afbae260dc35	k__Archaea; p__[Parvarchaeota]; c__[Parvarchaea]; o__WCHD3-30; f__; g__; s__	1.0
abb6ed88c02dd874ecb9f17ba4d25c2b	k__Bacteria; p__Firmicutes; c__Clostridia; o__Clostridiales; f__Lachnospiraceae; g__Epulopiscium; s__	0.9
c2f328b9345e2c6f4fa9c91ba46986d8	k__Bacteria; p__Proteobacteria	1.0
632376c7a6e264b2a0aa8381fd291c33	k__Bacteria; p__Proteobacteria; c__Alphaproteobacteria; o__Rickettsiales; f__Rickettsiaceae; g__; s__	1.0
6978fa478c39960d8d41398895474749	k__Bacteria; p__Proteobacteria; c__Deltaproteobacteria; o__Bdellovibrionales; f__Bdellovibrionaceae; g__Bdellovibrio; s__	1.0
c8f609c680e16290126fef2953df115c	k__Bacteria; p__Spirochaetes; c__Spirochaetes; o__Spirochaetales; f__Spirochaetaceae; g__Treponema; s__	1.0
3625b6be88178cfe4cfe4097504db4ca	k__Bacteria; p__Proteobacteria; c__Deltaproteobacteria; o__Myxococcales; f__; g__; s__	0.6
2f11776f979970538ddd6ed94ef7680c	Unassigned	0.0
899c91878fe5bc33c4b9755f45bf6273	k__Bacteria; p__Proteobacteria; c__Betaproteobacteria; o__Rhodocyclales; f__Rhodocyclaceae; g__Dechloromonas; s__	0.8
fe46b9d06446d39fb34d7d703a03d513	k__Bacteria; p__Proteobacteria; c__Deltaproteobacteria; o__GMD14H09; f__; g__; s__	0.9
9962c463bbb4583eaca741475fd5b8d6	k__Bacteria; p__Proteobacteria; c__TA18; o__CV90; f__; g__; s__	0.9
90d41597befac7a08ea2db2ed284ceb2	k__Bacteria; p__Cyanobacteria; c__4C0d-2; o__SM1D11; f__; g__; s__	0.9
b4af78c0b2edc6b6d1d0a9b88f45e258	k__Bacteria; p__Tenericutes; c__Mollicutes; o__RF39; f__; g__; s__	1.0
4780e679710dd249d1b7ce49eee98e06	k__Bacteria; p__OP3; c__BD4-9; o__; f__; g__; s__	1.0
29cf5042786401d64b5e431cd6060e75	k__Bacteria; p__OD1	0.7
b0cb4f62ea7cd138eb930e22f3d4507d	Unassigned	0.0
9f0902a88be50634e289e1918c7e3fcc	k__Bacteria; p__Proteobacteria; c__Gammaproteobacteria; o__Xanthomonadales; f__Xanthomonadaceae	1.0
f2dfcc14daef97909f9da9fb24113e34	k__Bacteria; p__Proteobacteria; c__Gammaproteobacteria; o__Xanthomonadales; f__Sinobacteraceae; g__Nevskia; s__ramosa	0.9
bc3c5514392b32fbbc1de13cbcb30d4e	k__Bacteria; p__Proteobacteria; c__Alphaproteobacteria; o__Rhodospirillales; f__Rhodospirillaceae; g__; s__	0.7
5bf682f1aea3e48092a4279dc4a6d8ee	k__Bacteria; p__Proteobacteria; c__Alphaproteobacteria; o__Rickettsiales; f__; g__; s__	0.7
3bcf2387f9da84e241efa0da819ba56c	k__Bacteria; p__Proteobacteria; c__Alphaproteobacteria; o__Rhodospirillales; f__Acetobacteraceae; g__; s__	1.0
115bdade5a42a49994b66ea7123ca177	k__Bacteria; p__Bacteroidetes; c__[Saprospirae]; o__[Saprospirales]; f__Chitinophagaceae; g__; s__	0.9
eaa2ce25e806719af7137293696f27e7	k__Bacteria; p__Proteobacteria; c__Gammaproteobacteria; o__Enterobacteriales; f__Enterobacteriaceae; g__Buchnera; s__	1.0
56f5dcff4f9d35a05d0515cf88c62e1e	k__Bacteria; p__Proteobacteria; c__Betaproteobacteria; o__Neisseriales; f__Neisseriaceae; g__Deefgea; s__	0.8
6321a692b8aeff585a900d0943b3813a	k__Bacteria; p__Proteobacteria	1.0
c42780636e9128df636695fbcb7d4228	k__Bacteria; p__Chlamydiae; c__Chlamydiia; o__Chlamydiales; f__Parachlamydiaceae	0.9
9b76eaf8d6a8aaa8498457e8e5434281	k__Bacteria; p__Proteobacteria; c__Gammaproteobacteria; o__Pseudomonadales; f__Moraxellaceae; g__; s__	0.6
fd8eb8cdaaa2698bad5b2d105dc53ec0	k__Bacteria; p__Proteobacteria; c__Alphaproteobacteria; o__Rhodobacterales; f__Rhodobacteraceae; g__Rhodobacter; s__	0.8
694b49bea2f16fa39cb0a3ee3d21134c	k__Bacteria; p__Bacteroidetes; c__[Saprospirae]; o__[Saprospirales]; f__Chitinophagaceae	1.0
825673b7e06119812cb086e0bd6a21f4	k__Bacteria; p__Proteobacteria; c__Alphaproteobacteria; o__Rhizobiales; f__Hyphomicrobiaceae; g__Rhodoplanes; s__	1.0
be322d558e76cbe7ff82abfeb1dcad3b	k__Bacteria; p__Chlamydiae; c__Chlamydiia; o__Chlamydiales; f__Rhabdochlamydiaceae; g__Candidatus Rhabdochlamydia; s__	0.6
d62e4e7e815a6fbcee7ad584096b2107	k__Bacteria; p__Actinobacteria; c__Thermoleophilia; o__Gaiellales; f__; g__; s__	1.0
8e425139e3eb3caa5aeb655c9dd25ff8	k__Bacteria; p__Firmicutes; c__Bacilli; o__Bacillales; f__Bacillaceae; g__Bacillus; s__	0.9
b36eeca59b4af1ce3287e15c0f71fe2c	k__Bacteria; p__Firmicutes; c__Clostridia; o__Clostridiales; f__Clostridiaceae; g__Clostridium; s__	0.7
7165d7770e2e13fa721889e4f2db8ccc	k__Bacteria; p__Proteobacteria; c__Deltaproteobacteria; o__Syntrophobacterales; f__Syntrophaceae; g__; s__	1.0
2733a66f75cefbb8474aa82b2fba8f46	k__Bacteria; p__Proteobacteria; c__Alphaproteobacteria; o__Rhodobacterales; f__Hyphomonadaceae; g__; s__	0.7
130f347f0d8bb3c4c7eb17dca442df54	k__Bacteria; p__Proteobacteria; c__Deltaproteobacteria; o__Bdellovibrionales; f__Bdellovibrionaceae; g__Bdellovibrio; s__	1.0
92fbc477550ce3e8958d4639e1aa7cae	k__Bacteria; p__Proteobacteria; c__Betaproteobacteria; o__Burkholderiales; f__Comamonadaceae	1.0
05f9e45228d6cb9913ea56204efbc96f	Unassigned	0.0
67be87f6ac6b56c10660da79b6c4ee3f	k__Bacteria; p__Cyanobacteria; c__Chloroplast; o__Chlorophyta; f__; g__; s__	1.0
9beebbca49a931f0902149f66dfaae76	k__Bacteria; p__Verrucomicrobia; c__[Spartobacteria]; o__[Chthoniobacterales]; f__[Chthoniobacteraceae]; g__Candidatus Xiphinematobacter; s__	0.9
25b12a407f780309e535c9d2cbd8554e	k__Bacteria	1.0
72fdce67c30a3bad17fb278504afe04e	k__Bacteria; p__Proteobacteria; c__Betaproteobacteria; o__Methylophilales; f__Methylophilaceae; g__; s__	1.0
63a53d945af870a81a66841b197c17e8	k__Bacteria; p__Cyanobacteria; c__Chloroplast; o__Chlorophyta; f__; g__; s__	1.0
0fde1b7cdcc164a516ab66945f1ede4f	k__Bacteria; p__Proteobacteria; c__Deltaproteobacteria; o__Desulfobacterales; f__Desulfobulbaceae; g__Desulfobulbus; s__	0.7
28715525e7a33195d6d1eb4412e022af	k__Bacteria; p__Proteobacteria; c__Alphaproteobacteria; o__Rhizobiales; f__; g__; s__	1.0
8fe147fc87f8d2f8a966dba3c693f545	k__Bacteria; p__Actinobacteria; c__Actinobacteria; o__Actinomycetales; f__Mycobacteriaceae; g__Mycobacterium; s__	1.0
8dca9d0b122fac8b883297fd83497cd8	k__Bacteria; p__Proteobacteria; c__Deltaproteobacteria; o__Desulfobacterales; f__Desulfobulbaceae; g__Desulfobulbus; s__	0.9
8302856ea6bb15ad96d77438b2c915d3	k__Bacteria; p__Firmicutes; c__Clostridia; o__Clostridiales; f__Peptostreptococcaceae; g__; s__	0.8
10ab3ce9d25cf53f862ae14462c28dbd	k__Bacteria; p__Firmicutes; c__Clostridia; o__Clostridiales; f__; g__; s__	1.0
642ff4aae202375832ab7e61ceb7b8eb	k__Bacteria; p__Chlamydiae; c__Chlamydiia; o__Chlamydiales; f__Parachlamydiaceae; g__Candidatus Protochlamydia; s__	0.6
d14b62226c71adead97e8218411f5de1	k__Bacteria; p__Verrucomicrobia; c__[Spartobacteria]; o__[Chthoniobacterales]; f__[Chthoniobacteraceae]; g__Candidatus Xiphinematobacter; s__	0.9
4c1f84ceeec56d24ca038f29126424c7	Unassigned	0.0
95fa66973239e5ae2800cd6eae9543d2	k__Bacteria; p__Proteobacteria; c__Betaproteobacteria; o__; f__; g__; s__	0.7
e8f85823f50a1bbfdbb97b529711f743	k__Bacteria; p__Cyanobacteria; c__Nostocophycideae; o__Nostocales; f__Nostocaceae	1.0
37a48eb19e1392e29319a7e7d256b0ef	k__Bacteria; p__Actinobacteria; c__Actinobacteria; o__Actinomycetales; f__Cellulomonadaceae; g__Cellulomonas; s__	1.0
e64448b6bb1765effd9ca877d3be5819	Unassigned	0.0
c97f52970a9fbd58c62c062c919d51cf	k__Bacteria; p__Proteobacteria; c__Gammaproteobacteria; o__Xanthomonadales; f__Sinobacteraceae; g__; s__	1.0
d566447870898244df04d2b32de65548	k__Bacteria; p__Bacteroidetes; c__Bacteroidia; o__Bacteroidales; f__S24-7; g__; s__	1.0
7e22a574d793c1d57e84cf452acb7a16	k__Bacteria; p__Proteobacteria; c__Gammaproteobacteria; o__Methylococcales; f__Crenotrichaceae; g__Crenothrix; s__	0.9
300b13c0ae649580569e855c68658404	k__Bacteria; p__Proteobacteria; c__Gammaproteobacteria; o__Legionellales; f__Coxiellaceae; g__; s__	0.9
c1b3f0784b66d128546ab72d1f8e02bf	k__Bacteria; p__Bacteroidetes; c__[Saprospirae]; o__[Saprospirales]; f__Saprospiraceae; g__; s__	1.0
660c0dca3c657b19f3d66ded025b13b0	k__Bacteria; p__Bacteroidetes; c__Bacteroidia; o__Bacteroidales; f__Bacteroidaceae; g__Bacteroides; s__uniformis	0.6
37274950f33815a3c01b99a725c147a5	k__Bacteria; p__Bacteroidetes; c__Bacteroidia; o__Bacteroidales; f__; g__; s__	1.0
716fbc7e51f97035222e16088da8402f	k__Bacteria; p__Proteobacteria	0.8
be3aaa15bbf4c38b24ef2ed357dfc807	k__Bacteria; p__Armatimonadetes; c__[Fimbriimonadia]; o__[Fimbriimonadales]; f__[Fimbriimonadaceae]	1.0
6f393c292632524d5f6e6b1dc8f3bec1	k__Bacteria; p__Proteobacteria; c__Alphaproteobacteria; o__Rickettsiales; f__Rickettsiaceae; g__; s__	1.0
34968fd6d68a57205d44c9bdf4cc6dbc	k__Bacteria; p__Proteobacteria; c__Alphaproteobacteria; o__Rhodobacterales; f__Rhodobacteraceae; g__Rhodobacter; s__	1.0
68683acba3c66fba03fd69f8999ec120	k__Bacteria; p__Bacteroidetes; c__Flavobacteriia; o__Flavobacteriales; f__Cryomorphaceae; g__Fluviicola; s__	1.0
f215e5271ee012d45790f2d49ff06c82	k__Bacteria; p__Verrucomicrobia; c__[Pedosphaerae]; o__[Pedosphaerales]; f__; g__; s__	0.6
59dea003e7755a040d26239c2a2534cf	k__Bacteria; p__Proteobacteria; c__Alphaproteobacteria; o__BD7-3; f__; g__; s__	1.0
25403425538b6df82c44f1833cdd2258	k__Bacteria; p__Proteobacteria; c__Alphaproteobacteria; o__; f__; g__; s__	0.7
5f1a36209abe04f23072de2a598591d2	k__Bacteria; p__Proteobacteria; c__Gammaproteobacteria; o__Alteromonadales; f__Alteromonadaceae; g__Cellvibrio; s__	1.0
e5119b154d5634fc66bf7dc3c9d3d2c5	k__Bacteria; p__Proteobacteria; c__Deltaproteobacteria; o__Desulfuromonadales; f__Geobacteraceae; g__Geobacter; s__	1.0
276ef885aeb3ecd8386257c3ce4b86a9	k__Bacteria; p__OP3; c__BD4-9; o__; f__; g__; s__	1.0
df481ef0c0180ffee44664ed6ef2b0c4	k__Bacteria; p__Proteobacteria; c__Alphaproteobacteria; o__Sphingomonadales; f__; g__; s__	1.0
e771d0479000d3724f48f2c251fdde8e	k__Bacteria; p__Proteobacteria; c__Alphaproteobacteria; o__Rhodobacterales; f__Rhodobacteraceae; g__Rhodobacter; s__	0.8
70d37db34337820a999b3c689a838362	k__Bacteria; p__Cyanobacteria; c__Synechococcophycideae; o__Synechococcales; f__Synechococcaceae; g__Synechococcus; s__	1.0
ef1f59102bfb8a7d156f550ecdc289ff	k__Bacteria; p__Verrucomicrobia; c__Opitutae; o__Opitutales; f__Opitutaceae; g__; s__	1.0
e88f452876584a2e7ed7b61e5d3df4e1	Unassigned	0.0
a2443427daee3f851add18da47988244	k__Bacteria; p__Proteobacteria; c__Deltaproteobacteria; o__Desulfobacterales; f__Desulfobacteraceae; g__; s__	1.0
14b95515e06287b306bf886483a5340f	k__Bacteria; p__Proteobacteria; c__Gammaproteobacteria; o__Xanthomonadales; f__Xanthomonadaceae; g__Aquimonas; s__	0.6
894269abc27ffda1f691d11e2d8fe36f	k__Bacteria; p__Proteobacteria; c__Alphaproteobacteria; o__Rhodospirillales; f__Acetobacteraceae; g__; s__	0.6
fe1495ae500977c19b71ca2b9bfc4a56	k__Bacteria; p__Proteobacteria; c__Gammaproteobacteria; o__Enterobacteriales; f__Enterobacteriaceae	0.7272727272727273
a5bdb9d0b637d23124ada50e35e42025	k__Bacteria; p__Verrucomicrobia; c__Verrucomicrobiae; o__Verrucomicrobiales; f__Verrucomicrobiaceae; g__Luteolibacter; s__	1.0
3babbdc5d4f0670ee2b7c3051dd0bb72	k__Bacteria; p__Proteobacteria; c__Deltaproteobacteria; o__Bdellovibrionales; f__Bacteriovoracaceae; g__; s__	0.9
c14d89b20c852c9eaa7ebc3d1a60e3eb	k__Bacteria; p__Bacteroidetes; c__Flavobacteriia; o__Flavobacteriales; f__Cryomorphaceae; g__Fluviicola; s__	1.0
a01d3cac0d65d101f1238376284196f2	k__Bacteria; p__Proteobacteria; c__Alphaproteobacteria	0.9
57932515b6843d6e4d17e669c5b47dce	k__Bacteria; p__Proteobacteria; c__Gammaproteobacteria; o__Chromatiales; f__Chromatiaceae; g__; s__	1.0
76c276bea996ab5dad929c9bfd070290	k__Bacteria; p__Proteobacteria; c__Betaproteobacteria; o__Burkholderiales; f__; g__; s__	0.6
67d72347d4a84fe6b3eb7b87bbe71163	k__Bacteria; p__Proteobacteria; c__Gammaproteobacteria; o__Legionellales; f__Legionellaceae; g__Legionella	0.6
d19058e4149829d61e755b06f1674a0f	k__Bacteria; p__Cyanobacteria; c__Chloroplast; o__Streptophyta; f__; g__; s__	0.8
6493d9f77b25ee038758796567f0ad0c	k__Bacteria; p__Proteobacteria; c__Alphaproteobacteria; o__Ellin329; f__; g__; s__	1.0
6b14fa388b147a9dbd73a6c2ced44427	k__Bacteria; p__Proteobacteria; c__Deltaproteobacteria; o__Myxococcales; f__; g__; s__	1.0
7c4f358ca6f0f55fed47409471df0846	k__Bacteria; p__Proteobacteria; c__Betaproteobacteria; o__Procabacteriales; f__Procabacteriaceae; g__; s__	1.0
295302c3a5104d3f7d872492c7319783	k__Bacteria; p__Proteobacteria; c__Betaproteobacteria; o__Methylophilales; f__Methylophilaceae; g__; s__	0.6
5bdea06eddad5ad3ad656d6fb3b5ecca	k__Bacteria; p__Chlorobi; c__OPB56; o__; f__; g__; s__	1.0
146e32ac8de27bff56073c10a82abee6	k__Bacteria; p__Proteobacteria; c__Gammaproteobacteria; o__Pseudomonadales; f__Moraxellaceae; g__Acinetobacter; s__rhizosphaerae	0.8
b58b89428174eafdd2117e59e9f25300	k__Bacteria; p__Planctomycetes; c__Planctomycetia; o__Gemmatales; f__Gemmataceae; g__; s__	1.0
df6c37f7662ac80935748ad5f6744fd8	k__Bacteria; p__Proteobacteria; c__Gammaproteobacteria; o__Xanthomonadales; f__Sinobacteraceae; g__; s__	0.8
84365895e812642200686f2825f0a3fe	k__Bacteria; p__Proteobacteria; c__Betaproteobacteria; o__Burkholderiales; f__Comamonadaceae; g__; s__	0.9
8927aef22114acb7321a9b951fbaf4cc	k__Bacteria; p__Bacteroidetes; c__Bacteroidia; o__Bacteroidales; f__Bacteroidaceae; g__Bacteroides; s__fragilis	1.0
fde769801db515314bf0e18fc00b9d9d	k__Bacteria; p__Actinobacteria; c__Actinobacteria; o__Actinomycetales; f__Mycobacteriaceae; g__Mycobacterium; s__	1.0
8752e0dea62e625ce08c712ab1a447a7	k__Bacteria; p__Proteobacteria; c__Epsilonproteobacteria; o__Campylobacterales; f__Campylobacteraceae; g__Sulfurospirillum; s__	1.0
ff231c14a1687f432eccade67ed975f7	k__Bacteria; p__Cyanobacteria; c__Chloroplast; o__Chlorophyta; f__Trebouxiophyceae	0.6
18cf8d759669fa879ca688abf50aca7d	k__Bacteria; p__Proteobacteria; c__Alphaproteobacteria; o__Rhizobiales	1.0
3df8bdcdce9c7a7608bd02df4fa1d25b	k__Bacteria; p__Proteobacteria; c__Gammaproteobacteria; o__Xanthomonadales; f__Sinobacteraceae; g__; s__	1.0
fb2a905759656bc06037f0cd974681ec	k__Bacteria; p__Bacteroidetes; c__[Saprospirae]; o__[Saprospirales]; f__Saprospiraceae; g__; s__	1.0
8fc040d22924f92dc3b7f880c6a33512	Unassigned	0.0
e0df9b7cfe6bf03eea0a0f13f98baf11	k__Bacteria; p__Proteobacteria; c__TA18; o__CV90; f__; g__; s__	1.0
e891d8d921a1efeaae8a919eec12ecc8	k__Bacteria; p__Cyanobacteria; c__4C0d-2; o__SM1D11; f__; g__; s__	1.0
362103e82ce4a472d38503d48b3d4a5f	k__Bacteria; p__Cyanobacteria; c__4C0d-2; o__MLE1-12; f__; g__; s__	1.0
21a559d7cf114fc5c6c40c96a52148dc	k__Bacteria; p__Bacteroidetes; c__Flavobacteriia; o__Flavobacteriales; f__Flavobacteriaceae; g__Flavobacterium; s__	1.0
dd656100c7ada5e5632dca18e4a39b47	k__Bacteria; p__Proteobacteria; c__Gammaproteobacteria; o__Methylococcales; f__Methylococcaceae; g__Methylomonas; s__	0.9
ae32fbc81a2de729d0953a21a23bee78	k__Bacteria; p__Proteobacteria; c__Alphaproteobacteria; o__Rhizobiales; f__Phyllobacteriaceae; g__; s__	0.7
4855167851f4482c110c4a2b5aeef2e6	k__Bacteria; p__Proteobacteria; c__Alphaproteobacteria; o__Rickettsiales; f__; g__; s__	1.0
4f0b4346e519667b144c93a5b56ccecf	k__Bacteria; p__Proteobacteria; c__Deltaproteobacteria; o__Syntrophobacterales; f__Syntrophaceae; g__Desulfomonile; s__	0.8
e4322dbfe70c64815f47c64fa4aa6f89	Unassigned	0.0
a3e3e41c85b176b1b7ae2512bca1ba5a	k__Bacteria; p__Cyanobacteria; c__4C0d-2; o__MLE1-12; f__; g__; s__	1.0
4ee2392c377e6aea48fe11795db172d1	k__Bacteria; p__Proteobacteria; c__Gammaproteobacteria; o__; f__; g__; s__	1.0
087e7a6ce28807f6a5573526cfe3033c	k__Bacteria; p__Proteobacteria; c__Gammaproteobacteria; o__Legionellales; f__Coxiellaceae; g__; s__	0.9
ee42d68ae2307c52a31aff5dfe99a0ab	k__Bacteria; p__Proteobacteria; c__TA18; o__PHOS-HD29; f__; g__; s__	1.0
b9be0ed8825c1c5fdb4e39a5db79f50d	k__Bacteria; p__Proteobacteria; c__Alphaproteobacteria; o__Rhizobiales; f__Rhizobiaceae	0.7
f9a512020a9f7dcae5c836fd12d716b9	k__Bacteria; p__SR1; c__; o__; f__; g__; s__	0.7
bb59bdfb65ef23ba54f1e309586eaa1b	k__Bacteria; p__Proteobacteria; c__Gammaproteobacteria; o__Alteromonadales; f__[Chromatiaceae]; g__Rheinheimera; s__	1.0
d1ad1d68170bc523f854e0c8d4bf5d23	k__Bacteria; p__Proteobacteria; c__Alphaproteobacteria; o__Rickettsiales; f__; g__; s__	0.8
0edb11019e29dfeb618054747d877900	k__Bacteria; p__GN02; c__BD1-5; o__; f__; g__; s__	0.6
f8dd355ddcc1d28b263f89df2db8f6c5	k__Bacteria; p__Proteobacteria; c__Gammaproteobacteria	1.0
03a9e31d0b94adc92369db119a2f9c3f	k__Bacteria; p__Proteobacteria; c__Alphaproteobacteria; o__Rhodobacterales; f__Rhodobacteraceae; g__Rhodobacter; s__	1.0
200d47d0e7a15dbf8be777a291b37471	k__Bacteria; p__Bacteroidetes; c__Sphingobacteriia; o__Sphingobacteriales; f__; g__; s__	0.9
7410fb0c96856f96350e0f02efdeca2f	k__Bacteria; p__Proteobacteria; c__Gammaproteobacteria; o__Alteromonadales; f__HTCC2188; g__HTCC; s__	1.0
9102335c36d397266bf4c4c64d3f61e2	k__Bacteria; p__Proteobacteria; c__Deltaproteobacteria; o__Bdellovibrionales; f__Bdellovibrionaceae; g__Bdellovibrio; s__	1.0
22fa0781d3187ee12752f67bdce2d3e7	k__Bacteria; p__GN02; c__BD1-5; o__; f__; g__; s__	1.0
47519f7f25d60c8be9c7968ff7fb3801	k__Bacteria; p__Bacteroidetes; c__[Saprospirae]; o__[Saprospirales]; f__Saprospiraceae; g__; s__	1.0
5c021de09eca8bf65de0a52fb72182d8	k__Bacteria; p__Proteobacteria; c__Betaproteobacteria; o__Burkholderiales; f__Comamonadaceae; g__Methylibium; s__	0.6
8aa4c09a2a4e1ed3629c20ad12c9ae66	k__Bacteria; p__Proteobacteria; c__Epsilonproteobacteria; o__Campylobacterales; f__Campylobacteraceae; g__Sulfurospirillum; s__	0.8
96fb69bf0c75e5c1d3233c076a7f80cb	Unassigned	0.0
c92a62d41d9b3b6c36f0bcc51b209fa2	k__Bacteria; p__Actinobacteria; c__Actinobacteria; o__Actinomycetales; f__ACK-M1; g__; s__	0.9
0f06a5403ebecba10169782a0e90c87f	k__Bacteria; p__Proteobacteria; c__Betaproteobacteria; o__Rhodocyclales; f__Rhodocyclaceae; g__Dechloromonas; s__	0.7
f16277a2a2e3d93e42bea14b3c4ec756	k__Bacteria; p__Proteobacteria; c__Deltaproteobacteria; o__Bdellovibrionales; f__Bacteriovoracaceae; g__; s__	1.0
5da33f5d18a7d307c6dba830aae24c53	k__Bacteria; p__Cyanobacteria; c__Chloroplast; o__Streptophyta; f__; g__; s__	1.0
df3394c67264d391f9a06c736af8b84d	k__Bacteria; p__Planctomycetes; c__Planctomycetia; o__Pirellulales; f__Pirellulaceae; g__; s__	0.9
ca152098a8367349e6f87d08a607930e	k__Bacteria; p__Proteobacteria; c__Gammaproteobacteria; o__Xanthomonadales; f__Xanthomonadaceae; g__; s__	0.9
1d6582c837c29d5fcc821501fc8be330	k__Bacteria; p__Proteobacteria; c__TA18; o__CV90; f__; g__; s__	0.8
fad7899c0a5be07999bc1015a8cd5149	k__Bacteria; p__Proteobacteria; c__Deltaproteobacteria	0.8
b8234da3746dfabdbf8b712283d6ffe6	k__Bacteria; p__Proteobacteria; c__Alphaproteobacteria; o__Rhizobiales; f__; g__; s__	0.7
9f5ee5af4f2e9b177d8bd0994df880be	Unassigned	0.0
d45f3beca73636acbc782d48b9010ba6	k__Bacteria; p__SR1; c__; o__; f__; g__; s__	1.0
4c4e2903da7ff82362924b19cb67054f	Unassigned	0.0
622e6a22f5c900bab960e75f150ce3f4	k__Bacteria; p__Proteobacteria; c__Alphaproteobacteria; o__Rickettsiales; f__mitochondria; g__; s__	1.0
15a43cb7297c3f2d3efa9e69102f22bb	k__Bacteria; p__Tenericutes; c__Mollicutes; o__RF39; f__; g__; s__	1.0
b5fe1abfc820eb1776c27cf78c3747e6	k__Bacteria; p__Proteobacteria; c__Deltaproteobacteria; o__Myxococcales; f__; g__; s__	1.0
217c9c233ab978357b841b9d51e4c27a	k__Bacteria; p__Cyanobacteria; c__Chloroplast; o__Stramenopiles; f__; g__; s__	1.0
67b0041024930da91d22ce1cf1928e08	k__Bacteria; p__Planctomycetes; c__Planctomycetia; o__Pirellulales; f__Pirellulaceae; g__; s__	1.0
70d3ba86c0e9b8c57b175204cd518051	k__Bacteria; p__Proteobacteria; c__Betaproteobacteria; o__Rhodocyclales; f__Rhodocyclaceae; g__; s__	0.6
54cf4f0dae1a7c128b6d0255bbf3f4f6	k__Bacteria; p__SR1; c__; o__; f__; g__; s__	1.0
a606a57f45d1071667cd2619c56fc928	k__Bacteria; p__Proteobacteria; c__TA18; o__CV90; f__; g__; s__	1.0
a52900cd9244d4e7b3a4a9d81aa5300b	k__Bacteria; p__Gemmatimonadetes; c__Gemmatimonadetes; o__Gemmatimonadales; f__A1-B1; g__; s__	0.8
37e4031e12627c7a61c97b4576b2ce98	k__Bacteria; p__Proteobacteria; c__Alphaproteobacteria; o__Rhodobacterales; f__Rhodobacteraceae; g__Rhodobacter; s__	0.8
df7777e93301af1ac07e19c70ce54a45	k__Bacteria; p__Planctomycetes; c__Planctomycetia; o__Pirellulales; f__Pirellulaceae; g__; s__	1.0
02118acc38e40797f92db6e4c636bc07	k__Bacteria; p__OD1; c__SM2F11; o__; f__; g__; s__	1.0
d2290bae0b19e9ba615cf7c5ae0ee986	k__Bacteria; p__Tenericutes; c__Mollicutes; o__; f__; g__; s__	0.8181818181818182
5b9335802a35b967cc072bcec57c43f0	k__Bacteria; p__Actinobacteria; c__Acidimicrobiia; o__Acidimicrobiales; f__; g__; s__	0.7
1d058608f9bf2a51aaf009857f76dafe	k__Bacteria; p__Chlamydiae; c__Chlamydiia; o__Chlamydiales	0.9
d8bbf7d13edae4a730b42323d8fceeb4	k__Bacteria; p__Proteobacteria; c__Alphaproteobacteria; o__Rickettsiales; f__; g__; s__	1.0
705b81419a66fb10c3ba6eb477353c88	k__Bacteria; p__Proteobacteria; c__Betaproteobacteria; o__Burkholderiales; f__Comamonadaceae	1.0
0313194e55bc08d554200b19eb3e7197	k__Bacteria; p__Acidobacteria; c__Solibacteres; o__Solibacterales; f__; g__; s__	0.9
5ae66472af88fbaea3a7826ef1407a1f	Unassigned	0.0
f1f5094bd53e5f92999780fb44a5bf76	k__Bacteria; p__Proteobacteria; c__Gammaproteobacteria; o__Legionellales; f__Coxiellaceae; g__; s__	0.9
e2dd1badba093ee041d425d7f10b93c2	k__Bacteria; p__Actinobacteria; c__Acidimicrobiia; o__Acidimicrobiales; f__C111; g__; s__	1.0
c3d380fb9c635578ceb0fc929f41388c	k__Bacteria; p__Proteobacteria; c__Gammaproteobacteria; o__Alteromonadales; f__HTCC2188; g__HTCC; s__	1.0
171aeb2522ec0c18c99585a6e6926336	k__Bacteria; p__Bacteroidetes; c__Bacteroidia; o__Bacteroidales; f__Porphyromonadaceae	0.8
1c42ded8a8e20b674881789456dd3675	k__Bacteria; p__Cyanobacteria; c__Chloroplast	0.8
70a0a4b6cd6554ad4b19087bac2ac29e	k__Bacteria; p__Bacteroidetes; c__Cytophagia; o__Cytophagales; f__Cytophagaceae	0.7
e33abbef01fc02fae8fa2abed415956b	k__Bacteria; p__Actinobacteria; c__Actinobacteria; o__Actinomycetales; f__ACK-M1; g__; s__	0.6
d4c7b168a3f7b0f128130b52ae414170	k__Bacteria; p__Bacteroidetes; c__[Saprospirae]; o__[Saprospirales]; f__; g__; s__	1.0
03e78b57ae0ef9ec58a426ebe18682b3	Unassigned	0.0
e784669ef8d14956005e2b861f7bcff3	k__Bacteria; p__Proteobacteria; c__Alphaproteobacteria; o__Rhodospirillales; f__Rhodospirillaceae; g__; s__	1.0
1d0e9566235858570ca10a6b2585b587	k__Bacteria; p__Proteobacteria; c__Betaproteobacteria; o__Burkholderiales; f__Comamonadaceae	1.0
55f2cacee501f1b49b9cbf8c1153db72	k__Bacteria; p__Planctomycetes; c__vadinHA49; o__DH61; f__; g__; s__	1.0
ef0f29003f85ec5e6dbbc15c09e26c2e	k__Bacteria; p__Planctomycetes; c__Planctomycetia; o__Pirellulales; f__Pirellulaceae; g__; s__	1.0
1ea8326fde8995057b76de574c240424	k__Bacteria; p__Proteobacteria; c__Betaproteobacteria; o__Burkholderiales; f__Comamonadaceae; g__; s__	1.0
f52db493a7647653220eb7f00e0006d9	k__Bacteria; p__Cyanobacteria; c__Synechococcophycideae; o__Synechococcales; f__Synechococcaceae; g__Synechococcus; s__	1.0
0660b76f3a575972e4443a8bf4556245	k__Bacteria; p__Proteobacteria; c__Deltaproteobacteria; o__Myxococcales; f__; g__; s__	1.0
1469ddbc9de42de81eecb483440a1d9e	k__Bacteria; p__Proteobacteria; c__Gammaproteobacteria; o__Methylococcales; f__Crenotrichaceae; g__Crenothrix; s__	0.9
08ccf17ec1e9ce66876f81cf3b836db5	k__Bacteria; p__Cyanobacteria; c__Chloroplast; o__Cryptophyta; f__; g__; s__	1.0
1147d21d105cbff561d531a8c7df1a91	Unassigned	0.0
c84284812c8c7fb432c68b6c76555be0	k__Bacteria; p__Proteobacteria; c__Betaproteobacteria; o__Burkholderiales; f__Comamonadaceae; g__; s__	0.6
1a1887545a8aa479b333835e93bf1c37	k__Bacteria; p__Proteobacteria; c__Alphaproteobacteria; o__BD7-3; f__; g__; s__	1.0
5712d099427854ecf8564e59c9f878df	k__Bacteria; p__Proteobacteria; c__Deltaproteobacteria; o__Myxococcales; f__; g__; s__	1.0
852728fb89214516c57cafaa3d92f3e7	k__Bacteria; p__Proteobacteria	0.8
60f2ef5bdec9ff225174a0cb9e4c39a3	k__Bacteria; p__Proteobacteria; c__TA18; o__PHOS-HD29; f__; g__; s__	1.0
b8a87f032967eed52a70bf5222028020	k__Bacteria; p__Proteobacteria; c__Betaproteobacteria; o__SC-I-84; f__; g__; s__	0.8
3581579752c12f7e3ea2586e02d93875	k__Bacteria; p__Proteobacteria; c__TA18; o__PHOS-HD29; f__; g__; s__	1.0
deec5a01e92c3952ad1e0e874c254c6e	k__Bacteria; p__Proteobacteria; c__Gammaproteobacteria; o__Methylococcales	1.0
ca4edaec325b8a10c7c3f7ce0b57d120	k__Bacteria; p__Cyanobacteria; c__Chloroplast; o__Streptophyta; f__; g__; s__	1.0
39d1f931e6f4be7d2b0e04dc1dad5c9c	k__Bacteria; p__Cyanobacteria; c__Oscillatoriophycideae; o__Chroococcales; f__Xenococcaceae; g__; s__	1.0
8ee45feeb8f23ef388f36d42ee4d3986	k__Bacteria; p__Proteobacteria; c__Alphaproteobacteria; o__Rhizobiales	0.6
6cc29d184c106cab8116ae223f6347fc	k__Bacteria; p__Proteobacteria; c__Betaproteobacteria; o__Burkholderiales; f__Comamonadaceae	1.0
e00b3a416bd581e438e00d7ca0879dfd	k__Bacteria; p__Cyanobacteria; c__Chloroplast; o__Stramenopiles; f__; g__; s__	1.0
33c6c67fcc547b51ddc121d53ea9b212	k__Bacteria; p__Actinobacteria; c__Acidimicrobiia; o__Acidimicrobiales; f__; g__; s__	1.0
4f6ef96ac7fc96e95e64529046e5ef7e	k__Bacteria; p__Proteobacteria; c__Deltaproteobacteria; o__Bdellovibrionales; f__Bdellovibrionaceae; g__Bdellovibrio	1.0
75178a80bb822e8d54366a03a694b46b	k__Bacteria; p__Proteobacteria; c__Deltaproteobacteria; o__Spirobacillales; f__; g__; s__	1.0
0318da94b410e56cc6ab44fc50386ecf	k__Bacteria; p__Proteobacteria; c__TA18; o__PHOS-HD29; f__; g__; s__	0.9
77e2e9cc27d728f80a2b40663d97f79e	k__Bacteria; p__Firmicutes; c__Clostridia; o__Clostridiales; f__Lachnospiraceae; g__Epulopiscium; s__	1.0
bd95a63085b12659499622334556a975	k__Bacteria; p__Proteobacteria	0.9
460c3c51527ae1721d34fe8bd72b2052	k__Bacteria; p__OD1; c__ZB2; o__; f__; g__; s__	1.0
86bc7ecd9383ff8cc72cf415f560f245	k__Bacteria; p__Proteobacteria; c__Betaproteobacteria; o__Burkholderiales; f__Comamonadaceae	1.0
c38aaf0eb8edd80e73f1a9c73038c7f8	k__Bacteria; p__Proteobacteria; c__Alphaproteobacteria; o__Rickettsiales; f__Rickettsiaceae; g__Rickettsia; s__	0.7
02c2165e83456c10412279fcdb2620e8	k__Bacteria	1.0
ded6ddb7592ba3cc13f438c912a8286d	k__Bacteria; p__Proteobacteria; c__Alphaproteobacteria; o__Rhizobiales; f__Rhizobiaceae	0.8
198164f4f6224218828955eb8ec05e95	k__Bacteria; p__Proteobacteria; c__Alphaproteobacteria; o__Rickettsiales; f__mitochondria; g__; s__	1.0
3e539431079794b8873fa121e6256438	k__Bacteria; p__Proteobacteria; c__Gammaproteobacteria; o__Thiotrichales; f__Piscirickettsiaceae; g__; s__	0.6
da30e481a09113dd110337f85624af48	k__Bacteria; p__Proteobacteria	0.6
5dc8c4a388a25ce4ab9e4a107ccb5bde	k__Bacteria; p__Planctomycetes; c__Planctomycetia; o__Gemmatales; f__Gemmataceae; g__Gemmata; s__	1.0
a395f6a082a8b5e220e1d06dddbe1169	k__Bacteria; p__Cyanobacteria; c__Synechococcophycideae; o__Synechococcales; f__Synechococcaceae; g__Synechococcus; s__	1.0
b6b66f4d1f0ac2cca3c31fa434db500b	k__Bacteria; p__Bacteroidetes; c__Cytophagia; o__Cytophagales; f__Cytophagaceae; g__; s__	1.0
17b774c286d501bc1a4b33dc12c226cd	k__Bacteria; p__Proteobacteria; c__Gammaproteobacteria; o__Xanthomonadales; f__Xanthomonadaceae; g__Pseudoxanthomonas; s__mexicana	0.9
365d0360a7a485b33f619d21e7342788	k__Bacteria; p__Bacteroidetes; c__Cytophagia; o__Cytophagales	0.6
f2a3cc8d8e159356005e3ba8feaa6ff8	k__Bacteria; p__Actinobacteria; c__Thermoleophilia; o__Gaiellales; f__Gaiellaceae; g__; s__	0.7
e987faf2b863e8d939ad6a7a431cf916	k__Bacteria; p__Proteobacteria; c__Betaproteobacteria; o__Burkholderiales; f__Comamonadaceae	0.9
72cad158e95f51131c9ade710d80d089	k__Bacteria; p__Actinobacteria; c__Thermoleophilia; o__Gaiellales; f__; g__; s__	1.0
cfa41e14c6d94d1a616952d4946b390d	k__Bacteria; p__Bacteroidetes; c__Sphingobacteriia; o__Sphingobacteriales; f__; g__; s__	1.0
55d03dbbddbe351ac015d5ffd39740e4	k__Bacteria; p__Proteobacteria; c__Deltaproteobacteria; o__Myxococcales; f__Haliangiaceae; g__; s__	1.0
acbe7c3e7f16a4c7d1f27465df4e1089	k__Bacteria; p__GN02; c__BD1-5; o__; f__; g__; s__	0.7
0fe99385b1e9a268a912353fb393f384	k__Bacteria; p__Gemmatimonadetes; c__Gemmatimonadetes; o__KD8-87; f__; g__; s__	1.0
0d81f0bc86837e48510ecac8ba590469	k__Bacteria; p__Bacteroidetes; c__Bacteroidia; o__Bacteroidales; f__Porphyromonadaceae; g__Parabacteroides; s__	1.0
336c5b6d1ebe68fddf0809619f2e4759	k__Bacteria; p__Bacteroidetes; c__Flavobacteriia; o__Flavobacteriales; f__Cryomorphaceae; g__Fluviicola; s__	0.9
f8753253ce6c676ea061d12f158ae401	k__Bacteria; p__Bacteroidetes; c__Bacteroidia; o__Bacteroidales; f__[Paraprevotellaceae]; g__; s__	0.8
e6ae21ab1c49d125aaa7fe188a0d7fbf	k__Bacteria; p__Cyanobacteria; c__Synechococcophycideae; o__Synechococcales; f__Synechococcaceae; g__Synechococcus; s__	1.0
a4ae607fd73c007d40536815a7e1ac22	k__Bacteria; p__Verrucomicrobia; c__Verrucomicrobiae; o__Verrucomicrobiales; f__Verrucomicrobiaceae; g__Rubritalea; s__	0.6
da39b811a606c77221e89468f77751b5	k__Bacteria; p__Proteobacteria; c__Alphaproteobacteria; o__Rickettsiales; f__; g__; s__	0.7
0c2e30b22ebbc0b5eba94e46ca32a489	k__Bacteria; p__Actinobacteria; c__Actinobacteria; o__Actinomycetales; f__Microbacteriaceae	1.0
ac994bde61f183ab3cc1f5b25446dc79	k__Bacteria; p__Proteobacteria; c__Gammaproteobacteria; o__Xanthomonadales; f__Xanthomonadaceae; g__; s__	1.0
35a2dd0b70c1b15576eb729b8b04b781	k__Bacteria; p__Actinobacteria; c__Acidimicrobiia; o__Acidimicrobiales; f__Microthrixaceae; g__; s__	1.0
92ddb8881622dab0cfe43896177894d1	k__Bacteria; p__Proteobacteria; c__Deltaproteobacteria; o__Myxococcales; f__OM27; g__; s__	1.0
364f47763f6353f3de3e725727906b25	k__Bacteria; p__Proteobacteria; c__Deltaproteobacteria; o__Desulfobacterales; f__Desulfobulbaceae; g__; s__	0.6
b27e2ce67cb013757cf3fe3d53447d41	k__Bacteria; p__Proteobacteria; c__Betaproteobacteria; o__Burkholderiales; f__Comamonadaceae	0.9
99bc48bcffe52bf9f2a5e3d17293d8a1	k__Bacteria; p__Proteobacteria; c__Alphaproteobacteria	1.0
a4f5489c2a649e13f43a3f52b32ee798	k__Bacteria; p__Proteobacteria; c__Gammaproteobacteria; o__Methylococcales; f__Methylococcaceae; g__Methylocaldum; s__	0.7
a1e7b9751ca19d8278ecafe09e8f16fe	k__Bacteria; p__Proteobacteria; c__Alphaproteobacteria; o__Sphingomonadales; f__Sphingomonadaceae; g__; s__	0.7
cf33b59d8f2cc9376430ee846b1cc4c2	k__Bacteria; p__Proteobacteria; c__Alphaproteobacteria	0.6
48f64785c1e5b19e685e69225b12315f	k__Bacteria; p__Cyanobacteria; c__4C0d-2; o__MLE1-12; f__; g__; s__	1.0
50b06893f8d0567551dce1f3c845c9d8	k__Bacteria; p__Proteobacteria; c__Deltaproteobacteria; o__MIZ46; f__; g__; s__	1.0
d1ebcacf1c6ed6a264bccb1f512804ec	k__Bacteria; p__Cyanobacteria; c__Chloroplast; o__Stramenopiles; f__; g__; s__	1.0
ea3e90f60a1683643137d311365766d1	k__Bacteria; p__Proteobacteria; c__Deltaproteobacteria	0.6
b2106dca9287ea4b5335df11cf9f7a96	k__Bacteria; p__Planctomycetes; c__Phycisphaerae; o__MSBL9; f__; g__; s__	1.0
969eb99d2298df19bad0f55b110ffbf4	k__Bacteria; p__Proteobacteria; c__Alphaproteobacteria; o__Rhodobacterales; f__Hyphomonadaceae; g__; s__	0.6
97b4c61f90e3ff32a62389874cdf5327	k__Bacteria; p__Proteobacteria; c__Betaproteobacteria	1.0
ee455720eac6750e3073559829e16016	k__Bacteria; p__Proteobacteria; c__Betaproteobacteria; o__Rhodocyclales; f__Rhodocyclaceae; g__; s__	0.6
dc7f5817b2ffde244c5e89c9c9723694	k__Bacteria; p__Proteobacteria; c__Betaproteobacteria; o__Burkholderiales; f__; g__; s__	0.7
ce0a5ef54683bb90914b636ecbb21efb	k__Bacteria; p__GN02; c__BD1-5; o__; f__; g__; s__	0.6
3fae80b4aecff47aa88071b63ff5c37d	k__Bacteria; p__Cyanobacteria; c__Nostocophycideae	1.0
33530e5087944cd8cbce7ed9075e0dac	k__Bacteria; p__Proteobacteria	0.6666666666666666
20e8b8f37220ae279a53e41ed51052b4	k__Bacteria; p__Proteobacteria; c__Deltaproteobacteria; o__Spirobacillales; f__; g__; s__	1.0
98117226138aa11ff403a7eda0371ca5	k__Bacteria; p__Planctomycetes; c__Planctomycetia; o__Pirellulales; f__Pirellulaceae; g__; s__	1.0
6ff19b861d67b82df230dc01c61eb606	k__Bacteria; p__Proteobacteria; c__Gammaproteobacteria; o__Xanthomonadales; f__Sinobacteraceae; g__; s__	1.0
3c67b94ed5a44c59dd1e00ae5e6cc12c	k__Bacteria; p__Proteobacteria; c__Alphaproteobacteria; o__Kiloniellales; f__; g__; s__	0.6
f26b7ae84d2dbc6133c78556329e5cfa	k__Bacteria; p__Proteobacteria; c__Deltaproteobacteria; o__Myxococcales; f__Myxococcaceae; g__Anaeromyxobacter; s__	1.0
50d2ceec62783d100ef0b1f24baaca08	k__Bacteria; p__Bacteroidetes; c__[Saprospirae]; o__[Saprospirales]; f__Saprospiraceae; g__; s__	0.9
a42e943f97db9d4817833d670816cdff	k__Bacteria; p__Proteobacteria; c__Deltaproteobacteria; o__Desulfarculales; f__Desulfarculaceae; g__; s__	0.7
0068b2d30b19f4f3211c8a68bad7d946	k__Bacteria; p__Planctomycetes; c__Planctomycetia; o__Pirellulales; f__Pirellulaceae; g__; s__	1.0
acc4dd44bcc620d839dfaa690f9d6c67	k__Bacteria; p__Proteobacteria; c__Alphaproteobacteria; o__Rhizobiales; f__; g__; s__	0.8
1adb8517dc8b1aaf30e1b40ccc56bb92	k__Bacteria; p__Firmicutes; c__Bacilli; o__Lactobacillales; f__Lactobacillaceae; g__Lactobacillus; s__	0.7
c8e4a991e9273ebde7a1da9654e74a43	k__Bacteria; p__Proteobacteria; c__Betaproteobacteria; o__Burkholderiales; f__Comamonadaceae	0.9
ed8d74c3b32976fdca7d685581be3dcd	k__Bacteria; p__Bacteroidetes; c__[Saprospirae]; o__[Saprospirales]; f__Chitinophagaceae; g__; s__	0.6
ba92f6d49c09586543028617dfa19582	k__Bacteria; p__Actinobacteria; c__Actinobacteria; o__Actinomycetales; f__ACK-M1; g__; s__	1.0
6561c7b684dca58780f7e987d66100d1	k__Bacteria; p__Bacteroidetes; c__Flavobacteriia; o__Flavobacteriales; f__Cryomorphaceae; g__Fluviicola; s__	1.0
4f87889831d478097b4f4e6f88496cda	k__Bacteria; p__Proteobacteria; c__Deltaproteobacteria; o__MIZ46; f__; g__; s__	1.0
f00d79342f0a18cb330c309a26b0a9d2	k__Bacteria; p__Verrucomicrobia; c__Opitutae; o__Opitutales; f__Opitutaceae; g__; s__	0.8
bc2848d8e90c81ca2d634df371fe5c03	k__Bacteria; p__Proteobacteria; c__Betaproteobacteria; o__Burkholderiales; f__Alcaligenaceae; g__; s__	1.0
b35289100d29c7759668e3dd6c7e8934	k__Bacteria; p__Cyanobacteria; c__Chloroplast; o__Stramenopiles; f__; g__; s__	1.0
5c7bdb2236cdfd1e79c7c9b99e3e5ab2	Unassigned	0.0
fade20bef5f9f02e2e06e16aeb313207	k__Bacteria; p__Bacteroidetes; c__Flavobacteriia; o__Flavobacteriales; f__Flavobacteriaceae; g__Flavobacterium; s__	1.0
3be3038407f488529fea65775f01ed5a	k__Bacteria	1.0
12f388a326875c0947f3c8efc572786c	k__Bacteria; p__Proteobacteria; c__Deltaproteobacteria; o__Desulfovibrionales; f__Desulfomicrobiaceae; g__Desulfomicrobium; s__	1.0
2ca5be76240b8113261918883de35d13	k__Bacteria; p__Proteobacteria; c__Alphaproteobacteria; o__Rhizobiales; f__; g__; s__	0.8
ffd2b34894fb6eacbcb97e0c78398da7	k__Bacteria; p__Chlamydiae; c__Chlamydiia; o__Chlamydiales	1.0
f41da4c4cab04be548ff023838bb812e	k__Bacteria; p__Proteobacteria; c__Gammaproteobacteria; o__Legionellales; f__Legionellaceae	1.0
7944359a4732414d8f21cd22c707909d	k__Bacteria; p__Proteobacteria; c__Alphaproteobacteria; o__; f__; g__; s__	0.625
3e64fb8e12940d625a74cde980ea147d	k__Bacteria; p__Armatimonadetes; c__[Fimbriimonadia]; o__[Fimbriimonadales]; f__[Fimbriimonadaceae]; g__; s__	0.6
69b2078bdd2eb06fb9631db40093bb88	k__Bacteria; p__Actinobacteria; c__Actinobacteria; o__Actinomycetales; f__ACK-M1; g__; s__	0.9
341c33aeb9484d0255a2f714cfdf6d54	k__Bacteria; p__Verrucomicrobia; c__Opitutae; o__Opitutales; f__Opitutaceae; g__Opitutus; s__	1.0
f045961d63051d3dc6ae342540239b6c	k__Bacteria; p__Proteobacteria; c__Gammaproteobacteria; o__Xanthomonadales; f__Xanthomonadaceae; g__; s__	0.8
c4e4e4a1f3493e2523b26e1b2b9b9453	k__Bacteria; p__Proteobacteria; c__Betaproteobacteria; o__SC-I-84; f__; g__; s__	0.8
c4cd7788a3bc121bb0551c746bd6f293	k__Bacteria; p__TM6; c__SJA-4; o__S1198; f__; g__; s__	1.0
d2d0eaec04bc6da940f050de74b600ac	k__Bacteria; p__Proteobacteria; c__Alphaproteobacteria; o__Rickettsiales; f__; g__; s__	1.0
d13882f34a773d26615bda56d05ef9d7	k__Bacteria; p__Cyanobacteria; c__Chloroplast; o__Streptophyta; f__; g__; s__	1.0
5718a719d394f159ef647b92458374c6	k__Bacteria; p__Firmicutes; c__Clostridia; o__Clostridiales; f__Christensenellaceae; g__; s__	1.0
912f8e3b5b16001da1f5f8cc48d4a9a5	k__Bacteria; p__Actinobacteria; c__Thermoleophilia; o__Gaiellales; f__; g__; s__	1.0
5329001c1ba02946a8365ab6ffe3c43f	k__Bacteria; p__Planctomycetes; c__Phycisphaerae; o__WD2101; f__; g__; s__	1.0
3bfc2e3b2ebf51554c492a5f3c440089	k__Bacteria; p__Proteobacteria; c__Alphaproteobacteria; o__; f__; g__; s__	0.8
39a25a3554306e521e5188cdebbc4cbd	k__Bacteria; p__TM7; c__TM7-1; o__; f__; g__; s__	1.0
90e630edc94ddff4a7b330abdaa21014	k__Bacteria; p__Proteobacteria; c__Betaproteobacteria; o__Methylophilales; f__Methylophilaceae; g__; s__	0.9
6053436762ad36f55ea920259bcc6fae	k__Bacteria; p__Proteobacteria; c__Alphaproteobacteria; o__Sphingomonadales; f__Sphingomonadaceae; g__; s__	0.9
369021a71fae507ddd3039e5f9e7fbaf	k__Bacteria; p__Firmicutes; c__Clostridia; o__Clostridiales; f__Lachnospiraceae	0.6
ad18958a833f910fa97182f561edac52	k__Bacteria; p__Proteobacteria; c__Betaproteobacteria; o__Burkholderiales; f__Comamonadaceae	1.0
004777c49f50410b103d18d0503bfe17	k__Bacteria; p__Proteobacteria; c__Gammaproteobacteria; o__Pseudomonadales; f__Pseudomonadaceae; g__Pseudomonas; s__alcaligenes	0.8
695b4f5df5f1d7305b3d96ee875d9d09	k__Bacteria; p__Acidobacteria; c__Solibacteres; o__Solibacterales; f__; g__; s__	0.7
ecfff20f4098fce9b0562f9bf8c7e61a	k__Bacteria; p__Proteobacteria; c__Deltaproteobacteria; o__Bdellovibrionales; f__Bdellovibrionaceae; g__Bdellovibrio; s__	1.0
194801d57a43c611820d2d0cfc154c68	k__Bacteria; p__Bacteroidetes; c__[Saprospirae]; o__[Saprospirales]; f__; g__; s__	1.0
895a35db465f8bc24023dcad567de417	k__Bacteria; p__Proteobacteria; c__Alphaproteobacteria; o__Rhodobacterales; f__Hyphomonadaceae; g__; s__	0.9
6241b2eeb7daec0483ecdb39345c4b30	k__Bacteria; p__Proteobacteria; c__Gammaproteobacteria	1.0
82c3cd145faf0b8fa386a0ebf206d85a	k__Bacteria; p__Bacteroidetes; c__Flavobacteriia; o__Flavobacteriales; f__Flavobacteriaceae; g__Flavobacterium; s__	0.9
ad32c3d336481809d1cad3ef491f3e06	k__Bacteria; p__Proteobacteria; c__Alphaproteobacteria; o__Rhizobiales; f__Rhizobiaceae; g__; s__	0.6
926b9b4687d07148eae9984f58d15b3b	k__Bacteria; p__Actinobacteria; c__Actinobacteria; o__Actinomycetales; f__ACK-M1; g__; s__	0.9
69de286480d20a23e26e1868f370a222	k__Bacteria; p__Proteobacteria; c__Alphaproteobacteria; o__Sphingomonadales; f__Sphingomonadaceae	1.0
3eb7c1a92bc83a194ecd3e11ce52ac5b	k__Bacteria; p__Proteobacteria; c__Alphaproteobacteria	0.9
ec03eb2c1ae091e4359b724c88615a73	k__Bacteria; p__Proteobacteria; c__Alphaproteobacteria; o__Rhizobiales; f__; g__; s__	0.8
20f4d3d5b01a832fbf116856be4ad033	k__Bacteria; p__Proteobacteria; c__Alphaproteobacteria; o__Rhodospirillales; f__Acetobacteraceae; g__Roseococcus; s__	1.0
d06ab1afc2e94a790053fc60154f6fbc	Unassigned	0.0
6c907a2d741835be9717c5dbcc1a0ab6	k__Bacteria; p__Planctomycetes; c__Phycisphaerae; o__Phycisphaerales; f__; g__; s__	1.0
d2ac8e9d523abaa34563691480fec99e	Unassigned	0.0
893d0d03cbdf473a8634690520050cea	k__Bacteria; p__Actinobacteria; c__Actinobacteria; o__Actinomycetales; f__Microbacteriaceae; g__; s__	0.6
c818f883dfe6e372d1d1d8c6a17ad8b8	k__Bacteria; p__Proteobacteria; c__Alphaproteobacteria; o__Caulobacterales; f__Caulobacteraceae; g__; s__	0.7
0f4365131a275bbc685f7e0bdb5c2fba	k__Bacteria; p__Proteobacteria; c__Deltaproteobacteria; o__Desulfobacterales; f__Desulfobulbaceae; g__Desulfobulbus; s__	1.0
91dc673ff702e0a868c02311ccecc10b	k__Bacteria; p__Proteobacteria; c__Alphaproteobacteria; o__Sphingomonadales; f__Sphingomonadaceae; g__Novosphingobium; s__	0.6
8bdd9ad7446cc62357e33b21193d445e	k__Bacteria; p__Cyanobacteria; c__Chloroplast; o__Stramenopiles; f__; g__; s__	1.0
c861c8423ba811c336152d59a4603079	k__Bacteria; p__[Thermi]; c__Deinococci; o__Thermales; f__Thermaceae; g__Meiothermus; s__	1.0
f1bed894eac481d1d3b0037adac6e263	k__Bacteria; p__Proteobacteria; c__Betaproteobacteria	1.0
b6e7f00c7a5e027c45aad30292dcf4e7	k__Bacteria; p__Bacteroidetes; c__Cytophagia; o__Cytophagales; f__Flammeovirgaceae	0.8
a1a6b5c03982dbeba7911f2e435a6def	k__Bacteria; p__Proteobacteria; c__Alphaproteobacteria; o__Rhodospirillales; f__Rhodospirillaceae; g__; s__	1.0
a82190877276996e7ebbd7e9c648abd5	k__Bacteria; p__Proteobacteria; c__Deltaproteobacteria; o__Syntrophobacterales; f__Syntrophobacteraceae; g__; s__	0.8
c9063975959d0938665c5abe84b3562a	k__Bacteria; p__Proteobacteria; c__Alphaproteobacteria; o__Rhizobiales; f__Methylocystaceae; g__Methylosinus; s__	1.0
b9b067acf69ee1fcf32901ed1b174a39	k__Bacteria; p__Proteobacteria; c__Deltaproteobacteria; o__Myxococcales; f__Polyangiaceae; g__; s__	1.0
eb1d068d426fcb96aa2f859941b61d58	k__Bacteria; p__Proteobacteria; c__Betaproteobacteria; o__Burkholderiales; f__Comamonadaceae	1.0
c39cec49a4ae74f74821fba3d22b67c0	k__Bacteria; p__Proteobacteria; c__Alphaproteobacteria; o__Sphingomonadales; f__Sphingomonadaceae	0.9
f610386eb14f028060e9c053ca567026	k__Bacteria; p__Proteobacteria; c__Alphaproteobacteria; o__Rhodospirillales; f__Rhodospirillaceae; g__Azospirillum; s__	0.8
fade9ec34759b3af8c2b73d3a347bfdd	Unassigned	0.0
cb17de4ca3c6c1c8326f1f5e32c06a33	k__Bacteria; p__Proteobacteria; c__Gammaproteobacteria; o__Chromatiales; f__; g__; s__	0.8
abab28085ee52867d04d6cc45eb2e7be	k__Bacteria; p__Proteobacteria	1.0
517c06684a2d6e38524f0081aabf65a0	k__Bacteria; p__Bacteroidetes; c__Bacteroidia; o__Bacteroidales; f__Rikenellaceae; g__Blvii28; s__	1.0
6c1a7c3877bc7eb13a63a56419639c49	k__Bacteria; p__Verrucomicrobia; c__Verrucomicrobiae; o__Verrucomicrobiales; f__Verrucomicrobiaceae	1.0
89c5944b997404e5e7da0c011cf5fb6a	k__Bacteria; p__Bacteroidetes; c__Bacteroidia; o__Bacteroidales; f__Porphyromonadaceae	0.6666666666666666
698219477717452cfd1c8f9a0f87f539	k__Bacteria; p__Proteobacteria; c__Deltaproteobacteria; o__Desulfuromonadales; f__Geobacteraceae; g__Geobacter; s__	0.9
a8ff8721d65c2f3a1070486f466ce69a	k__Bacteria; p__Bacteroidetes; c__Flavobacteriia; o__Flavobacteriales; f__Cryomorphaceae; g__Fluviicola; s__	1.0
7723c4418b5a93b0783c0cc17b894eda	k__Bacteria; p__Proteobacteria; c__Gammaproteobacteria; o__Oceanospirillales; f__Halomonadaceae	1.0
e2317c589b45fbb02192d21df76b3b6c	k__Bacteria; p__Actinobacteria; c__Acidimicrobiia; o__Acidimicrobiales; f__JdFBGBact; g__; s__	1.0
06dbabaec7bc0bf9d00d48ba21d9726a	k__Bacteria; p__Proteobacteria; c__Alphaproteobacteria	1.0
7884711e49257b8f2b8899bfdd7448b3	k__Bacteria; p__Proteobacteria; c__Alphaproteobacteria; o__; f__; g__; s__	1.0
9b580db49f300aa4937548d89d61f99d	k__Bacteria; p__Acidobacteria; c__Acidobacteriia; o__Acidobacteriales; f__Acidobacteriaceae; g__; s__	0.6
5c2232f3f898b6f7d2fb1fd754dfd97b	k__Bacteria; p__Proteobacteria; c__Deltaproteobacteria; o__Myxococcales; f__; g__; s__	1.0
a0e2316dfb2efdb5ce1c049ac6bfe768	k__Bacteria	1.0
1256fa731577096017664321665e4d3a	k__Bacteria; p__Proteobacteria; c__Betaproteobacteria; o__Rhodocyclales; f__Rhodocyclaceae	1.0
e49576a2d668fc9c3a1925741e61cab2	k__Bacteria; p__Proteobacteria; c__Alphaproteobacteria; o__; f__; g__; s__	1.0
52960f6d22d703f719ea9e7f9dbe410a	k__Bacteria; p__Proteobacteria; c__Deltaproteobacteria; o__Sva0853	0.7
dbc3f644ecc2fe4f18c123e5ca334a9d	k__Bacteria; p__Actinobacteria; c__Actinobacteria; o__Actinomycetales; f__Mycobacteriaceae; g__Mycobacterium; s__	1.0
176c69cb2db2ed13caa077def895d580	k__Bacteria; p__Cyanobacteria; c__Chloroplast; o__Stramenopiles; f__; g__; s__	1.0
d570832b544b4988bf71086d9333c867	k__Bacteria; p__Bacteroidetes; c__Bacteroidia; o__Bacteroidales; f__Bacteroidaceae; g__Bacteroides; s__	0.8
8a7a498a52e2474e0af786651e839e74	k__Bacteria; p__Proteobacteria; c__Alphaproteobacteria; o__Rickettsiales; f__; g__; s__	0.6
ae19cb555a9ff353a716a0df3ecc6bd5	k__Bacteria; p__Proteobacteria; c__Gammaproteobacteria; o__Legionellales	0.7
997e8e76aa357abef84bda30658692f7	k__Bacteria; p__Proteobacteria; c__Gammaproteobacteria; o__Methylococcales; f__Methylococcaceae	0.6
1183325c3a750cf79e11f583f98c3708	k__Bacteria; p__Cyanobacteria; c__Synechococcophycideae; o__Synechococcales; f__Synechococcaceae; g__Synechococcus; s__	1.0
fd83ace39a596f33cf6eeb1a5fe439a9	k__Bacteria; p__Planctomycetes; c__Planctomycetia; o__Pirellulales; f__Pirellulaceae; g__; s__	1.0
3740a77b3ab405608679646ef989a74e	Unassigned	0.0
3dc111791d5074874e497e3046a54199	k__Bacteria; p__Actinobacteria; c__Actinobacteria; o__Actinomycetales; f__ACK-M1; g__; s__	1.0
bf97b63a8a915ecaf51453d874514069	k__Bacteria; p__Proteobacteria; c__Deltaproteobacteria; o__Syntrophobacterales; f__Syntrophaceae; g__Desulfomonile; s__	1.0
52df8f373fcbbec10b1f8eedd1aba5d0	Unassigned	0.0
eaf97826af752fd3a1b9657e68d6d9f1	k__Bacteria; p__Cyanobacteria; c__Chloroplast; o__Stramenopiles; f__; g__; s__	1.0
6828306ccee3c5b8097bc7aa378b67f0	k__Bacteria; p__Proteobacteria	0.6
8e55885eadee50a94c4b85c5d3b359c2	k__Bacteria; p__Cyanobacteria; c__Chloroplast; o__Chlorophyta; f__Chlamydomonadaceae	0.6
40fd6baf2c2d87af748db89dbea5464a	k__Bacteria; p__Proteobacteria; c__Deltaproteobacteria; o__Syntrophobacterales; f__Syntrophaceae; g__Syntrophus; s__	0.6
278501c720641e01fcb9e90f417aa544	k__Bacteria; p__Proteobacteria; c__Alphaproteobacteria; o__Sphingomonadales; f__Sphingomonadaceae; g__Novosphingobium	0.7
edb94e3a40136a3fd6b9a0f8d7837141	k__Bacteria; p__Proteobacteria; c__Alphaproteobacteria	0.8
23658d0d225dfbcb8ddc6cfbfa610e59	k__Bacteria; p__Proteobacteria	0.9
ae25ecf022d8039434aaad2121010a99	k__Bacteria; p__Proteobacteria; c__Deltaproteobacteria; o__Spirobacillales; f__; g__; s__	1.0
464e38d2fe505c73beff56ed00cae157	k__Bacteria; p__Proteobacteria; c__Alphaproteobacteria	1.0
83f2ace08e2b50c51520bb54b0eb75a4	k__Bacteria; p__Proteobacteria; c__Alphaproteobacteria; o__Rhizobiales; f__Hyphomicrobiaceae; g__Devosia; s__	1.0
fa4b9ffaf075c32575f7b2f00ce1a071	k__Bacteria; p__Bacteroidetes; c__Flavobacteriia; o__Flavobacteriales; f__Cryomorphaceae; g__Fluviicola; s__	1.0
4e54f37fa217efa453a0d6c7b3dd6380	k__Bacteria; p__Proteobacteria; c__Gammaproteobacteria; o__Xanthomonadales; f__Sinobacteraceae; g__; s__	0.8
62395388a373bded7dc79c386c3554a3	k__Bacteria; p__Proteobacteria; c__Deltaproteobacteria; o__Myxococcales; f__Haliangiaceae; g__; s__	1.0
6aa09157b250bc423e5ba2d2ba1f276c	k__Bacteria; p__Proteobacteria; c__Alphaproteobacteria; o__Rhizobiales; f__Rhizobiaceae; g__Agrobacterium; s__	0.9
20cdd39677f02d305e89c883b7988b21	k__Bacteria; p__Proteobacteria; c__Alphaproteobacteria; o__Rickettsiales; f__; g__; s__	0.6
52f6676a7bf69e9ade588a879658fb8b	k__Bacteria; p__Proteobacteria; c__Deltaproteobacteria; o__GMD14H09; f__; g__; s__	1.0
b6a48215e79d791867f2e55e28e42afd	k__Bacteria; p__Bacteroidetes; c__[Saprospirae]; o__[Saprospirales]; f__Saprospiraceae; g__; s__	1.0
ecd24a286382648a68800b9c5884d7b7	k__Bacteria; p__Verrucomicrobia; c__Opitutae; o__Opitutales; f__Opitutaceae; g__Opitutus; s__	1.0
ed8fb48268380afccf7e9073955aaa3b	k__Bacteria; p__Bacteroidetes; c__[Saprospirae]; o__[Saprospirales]; f__Saprospiraceae	1.0
f407be73f6f7d272c6d51e9be1f1c2dd	k__Bacteria; p__Proteobacteria; c__Gammaproteobacteria	1.0
73b5fa935dae215fe2d10d755a8f8965	k__Bacteria; p__Bacteroidetes; c__Cytophagia; o__Cytophagales	0.8
c63860bc951e3f561108f7c0ba844a49	k__Bacteria; p__OP3; c__BD4-9; o__; f__; g__; s__	1.0
0c5b2e813d7fc01b86b2c88da8de0221	k__Archaea; p__[Parvarchaeota]; c__[Parvarchaea]; o__YLA114; f__; g__; s__	0.5714285714285714
2e4ff86362ad82a13cad89e586fc4b92	k__Bacteria; p__Proteobacteria; c__Betaproteobacteria; o__SC-I-84; f__; g__; s__	0.8
3543d4f2116de40176037744ffcf45e1	k__Bacteria; p__Bacteroidetes; c__[Saprospirae]; o__[Saprospirales]; f__Chitinophagaceae; g__; s__	1.0
faf08206b8b7fda9af1140120104ff72	k__Bacteria; p__Proteobacteria; c__Alphaproteobacteria	1.0
59eca419d6334a2dfe2a6258aeb70661	k__Bacteria; p__Proteobacteria; c__Deltaproteobacteria; o__Myxococcales; f__OM27; g__; s__	1.0
c5b5f956a923e87da76df16dee70119b	k__Bacteria; p__Proteobacteria; c__Gammaproteobacteria; o__Xanthomonadales; f__Xanthomonadaceae	1.0
992412cdc6fe8a1bc45f4f065ea76b18	k__Bacteria; p__GN02; c__BD1-5; o__; f__; g__; s__	1.0
fdd3bfe9412748839c87bd906ddcc116	k__Bacteria; p__Planctomycetes; c__Planctomycetia; o__Pirellulales; f__Pirellulaceae; g__; s__	1.0
9e67ed95ad94ea345c153eb7848f6672	k__Bacteria; p__Bacteroidetes; c__[Saprospirae]; o__[Saprospirales]; f__Chitinophagaceae; g__; s__	1.0
21483468bafd1573489d04c9e9a43722	k__Bacteria; p__Bacteroidetes; c__Cytophagia; o__Cytophagales; f__Cytophagaceae; g__; s__	1.0
01d28a95018fc601e50e306f97f4a8c0	k__Bacteria; p__Proteobacteria; c__Alphaproteobacteria; o__Rhizobiales; f__; g__; s__	0.6
c9adcba730373286181607bc55692aba	k__Bacteria; p__Cyanobacteria; c__Chloroplast; o__Chlorophyta; f__Chlamydomonadaceae	0.6
a995d4f43906b4621c1f4e2d38a884e7	k__Bacteria; p__Proteobacteria; c__Betaproteobacteria; o__Burkholderiales; f__Comamonadaceae; g__Hydrogenophaga; s__	0.7
80e7dd177d53fd0dee94400bb1dcdf5c	k__Bacteria; p__Planctomycetes; c__Planctomycetia; o__Pirellulales; f__Pirellulaceae; g__; s__	0.9
726aa8f437067e9a8ec99a439b697ca3	k__Bacteria; p__Bacteroidetes; c__Cytophagia; o__Cytophagales	1.0
bb79125b6d2391595f7050e885630dc3	k__Bacteria; p__Verrucomicrobia; c__Opitutae; o__Opitutales; f__Opitutaceae; g__Opitutus; s__	1.0
9925dbdf37ed39ed216746263ca4e9ed	Unassigned	0.0
30d15a0f7cfd852f440029bf67195b4f	k__Bacteria; p__Cyanobacteria; c__Chloroplast; o__Chlorophyta; f__Trebouxiophyceae; g__; s__	0.6
8b0a1a6bee11cd7b4c3865e821e291aa	k__Bacteria; p__Cyanobacteria; c__Synechococcophycideae; o__Synechococcales; f__Synechococcaceae; g__Synechococcus; s__	1.0
bfe9432114ec19d0cdba87364d69d216	Unassigned	0.0
a79ca8da9d58257819abb8a683a5f415	k__Bacteria; p__Cyanobacteria; c__Chloroplast; o__Streptophyta; f__; g__; s__	1.0
4f13230b8b03af5b3c415adbd420bfcf	k__Bacteria; p__Bacteroidetes; c__[Saprospirae]; o__[Saprospirales]; f__Chitinophagaceae; g__; s__	0.9
69f254412c968150f28fbc595e1e128a	k__Bacteria; p__Proteobacteria; c__Alphaproteobacteria; o__; f__; g__; s__	1.0
9acf36bde49b6c6d3bcbac477590f115	k__Bacteria; p__Chloroflexi; c__Chloroflexi; o__[Roseiflexales]; f__; g__; s__	0.8
63e2b6083da9db619b9a83ee34f2f003	k__Bacteria; p__SR1; c__; o__; f__; g__; s__	1.0
36b645c1df83642e686f34b1881d930c	k__Bacteria; p__Proteobacteria; c__Alphaproteobacteria; o__; f__; g__; s__	0.6
ff720703dd5884eaba539aa96194a158	k__Bacteria; p__Firmicutes; c__Bacilli; o__Bacillales; f__Bacillaceae; g__Bacillus; s__	0.9
b2b7b1f70cd677611091e87c4ac6dcef	k__Bacteria; p__Proteobacteria; c__Alphaproteobacteria; o__Rhizobiales; f__; g__; s__	1.0
96ed32cb3effc5280779a2cc4fefe627	k__Bacteria; p__Proteobacteria; c__Gammaproteobacteria; o__Thiotrichales; f__Piscirickettsiaceae; g__; s__	0.6
23c0a8458274a12b2566ca2e867082f0	k__Bacteria; p__Bacteroidetes; c__Flavobacteriia; o__Flavobacteriales; f__Flavobacteriaceae; g__Flavobacterium; s__	1.0
b2ee1b83b6360481d804f600d7c71da2	k__Bacteria; p__Proteobacteria; c__Alphaproteobacteria; o__Rhizobiales; f__; g__; s__	1.0
22de7fa4d3c02b1c6af82629098b214f	k__Bacteria; p__Proteobacteria; c__Gammaproteobacteria; o__Xanthomonadales; f__Sinobacteraceae; g__; s__	1.0
0b581b795e97823c40fc5bfa9597861f	k__Bacteria; p__Firmicutes; c__Clostridia; o__Clostridiales; f__Lachnospiraceae; g__Blautia; s__	0.6
17024a80f8251cda35f0db7c62fbb484	k__Bacteria; p__Chlamydiae; c__Chlamydiia; o__Chlamydiales; f__Rhabdochlamydiaceae; g__Candidatus Rhabdochlamydia; s__	0.6
ac3801a301f9a7b3a2b218fa14dd0cfe	k__Bacteria; p__Bacteroidetes; c__Flavobacteriia; o__Flavobacteriales; f__Cryomorphaceae; g__; s__	1.0
00a1ef33e0afc687e43cf74ff82c56cf	k__Bacteria; p__Proteobacteria; c__Alphaproteobacteria; o__Rhodospirillales; f__Rhodospirillaceae; g__; s__	0.9
aa352a7fd9c5ef78af570805d0d3d258	k__Bacteria; p__Cyanobacteria; c__Chloroplast; o__Streptophyta; f__; g__; s__	1.0
e4d09d64084b700ed6c8180aaeef1e17	k__Bacteria; p__Proteobacteria; c__Alphaproteobacteria; o__Sphingomonadales; f__Sphingomonadaceae; g__Zymomonas; s__	0.6
061a5ccf3bbc672e3632cbf991e7ba31	k__Bacteria; p__OD1; c__ZB2; o__; f__; g__; s__	1.0
7a15934ecbd5491cadbec895d39a1f65	k__Bacteria; p__Bacteroidetes; c__Bacteroidia; o__Bacteroidales; f__; g__; s__	1.0
e12507c2ed78f787d6ac6f9e86a8f026	k__Bacteria; p__Proteobacteria; c__Gammaproteobacteria; o__Chromatiales; f__Chromatiaceae; g__; s__	0.7
a0600e7cfbf4038d9fb6d0531f566b91	k__Bacteria; p__Proteobacteria; c__Deltaproteobacteria; o__Myxococcales; f__OM27; g__; s__	1.0
780c3ee37dd12326bebeffbfb4e4b22f	k__Bacteria; p__Bacteroidetes; c__Bacteroidia; o__Bacteroidales; f__Bacteroidaceae; g__Bacteroides; s__	1.0
076d9af0fca71a13c5f0ee958351bc38	k__Archaea; p__[Parvarchaeota]; c__[Parvarchaea]; o__WCHD3-30; f__; g__; s__	1.0
17ec05a6e5b0ff886e511168838a1e64	k__Bacteria; p__OD1; c__ZB2; o__; f__; g__; s__	1.0
6252e781bf6cfdba2fd62290c30ff958	k__Bacteria; p__Proteobacteria; c__Alphaproteobacteria; o__Rhizobiales; f__Hyphomicrobiaceae; g__Hyphomicrobium; s__	1.0
cd53dd20a8397ff534cfa012471bf073	k__Bacteria; p__Proteobacteria; c__Betaproteobacteria; o__Burkholderiales; f__Comamonadaceae	1.0
0869862a6bf10d2f2f0a77cf463c60ef	k__Bacteria; p__Cyanobacteria; c__Chloroplast; o__Cryptophyta; f__; g__; s__	1.0
ab56f253e69eed6f646a644847683478	k__Bacteria; p__Proteobacteria; c__Alphaproteobacteria; o__Rhodobacterales; f__Hyphomonadaceae; g__; s__	1.0
e8d1bbe15a64a5a30ef63a4f731b636b	k__Bacteria; p__Proteobacteria; c__Alphaproteobacteria; o__Rhodospirillales; f__Rhodospirillaceae; g__; s__	1.0
76b0b98dbfbf88046ae9863c685c69c5	k__Bacteria; p__Tenericutes; c__Mollicutes; o__; f__; g__; s__	0.9
ecedad8e3438372948081423de580366	k__Bacteria; p__Proteobacteria; c__Alphaproteobacteria; o__Sphingomonadales; f__Sphingomonadaceae; g__; s__	1.0
052ec392cc4f38ab66dfa6506353ce01	k__Bacteria; p__Proteobacteria; c__Alphaproteobacteria; o__Rhodobacterales; f__Rhodobacteraceae; g__Rhodobacter; s__	0.8
4304e8cac83b8c96910da44a49b3b095	k__Bacteria; p__Proteobacteria; c__Gammaproteobacteria; o__Legionellales; f__Legionellaceae; g__Tatlockia; s__	0.6
c21eb96f59070c3175a60c8a51e0cc52	k__Bacteria; p__Proteobacteria; c__Gammaproteobacteria; o__Methylococcales; f__Crenotrichaceae; g__Crenothrix; s__	0.6
08b84d8d2d2fba7e04e1622e58f9092d	k__Bacteria; p__OD1; c__ZB2; o__; f__; g__; s__	1.0
079eb690d384bce90770fc5acde50b0f	k__Bacteria; p__Proteobacteria; c__Betaproteobacteria; o__Ellin6067; f__; g__; s__	0.9
274bc1752ff91126c5cb8b6a26494e76	k__Bacteria; p__Cyanobacteria; c__Synechococcophycideae; o__Synechococcales; f__Synechococcaceae; g__Synechococcus; s__	1.0
b43d94dcbe400bde7284978fa09350cf	k__Bacteria	1.0
f385f722166af720685ed7c87d17658c	k__Bacteria; p__Firmicutes; c__Clostridia; o__Clostridiales; f__Lachnospiraceae; g__Epulopiscium; s__	1.0
8d359147fe4595013ce1024a5fd06ced	k__Bacteria; p__Bacteroidetes; c__[Saprospirae]; o__[Saprospirales]; f__Saprospiraceae; g__; s__	1.0
6614dacea505e2cd0ecb65f90858e003	k__Bacteria; p__Proteobacteria; c__Gammaproteobacteria; o__Legionellales; f__Coxiellaceae; g__; s__	1.0
879cce2ae945f46c9501b6e11e1cdba3	k__Bacteria; p__Proteobacteria; c__Gammaproteobacteria; o__Legionellales; f__Coxiellaceae; g__; s__	1.0
ed56ce9892b92466946ad668ca40c5eb	k__Bacteria; p__Bacteroidetes; c__Sphingobacteriia; o__Sphingobacteriales; f__Sphingobacteriaceae; g__Pedobacter	0.6
558d891dfeff74a47b2b2909f59e2821	k__Bacteria; p__Proteobacteria; c__Deltaproteobacteria; o__MIZ46; f__; g__; s__	1.0
05b9bc63eb2bade882afc03c54b02420	k__Bacteria; p__TM6; c__SJA-4; o__; f__; g__; s__	0.9
49459ed265abdc50eb4bf83e91b1ee47	k__Bacteria; p__Cyanobacteria; c__Chloroplast; o__Stramenopiles; f__; g__; s__	1.0
13797eeeeac2afee9dfb782273e39498	k__Bacteria; p__Proteobacteria; c__Gammaproteobacteria; o__Legionellales; f__; g__; s__	1.0
d4b0825a3c7f1d9a1f26e73016c2963f	k__Bacteria; p__Proteobacteria; c__Alphaproteobacteria; o__Caulobacterales; f__Caulobacteraceae; g__; s__	1.0
981d6c76a12282d4ad261cd911ac35de	k__Bacteria; p__Proteobacteria; c__Gammaproteobacteria	0.9
9ddf39ffe98418cbfb761d68428bf89d	k__Bacteria; p__Proteobacteria; c__Alphaproteobacteria; o__BD7-3; f__; g__; s__	1.0
781f42f6efc114d03faf76edcdb51103	k__Bacteria; p__Proteobacteria; c__Deltaproteobacteria; o__Desulfuromonadales; f__Desulfuromonadaceae; g__; s__	0.9
986aa75715d523e43eddca26b477cca2	k__Bacteria; p__Proteobacteria; c__Deltaproteobacteria; o__Bdellovibrionales; f__Bdellovibrionaceae; g__Bdellovibrio; s__	1.0
6e9b65fc0d65eb057182a1a9c7aa7c2c	k__Bacteria; p__Proteobacteria; c__Alphaproteobacteria; o__Sphingomonadales; f__Sphingomonadaceae; g__; s__	1.0
7c611c2d07c3d9592e242aa66ee4bc00	k__Bacteria; p__Cyanobacteria; c__Chloroplast; o__Stramenopiles; f__; g__; s__	1.0
8e59d01f6ec1d0d07355c46b6763bda6	k__Bacteria; p__Proteobacteria; c__Deltaproteobacteria; o__Myxococcales; f__; g__; s__	1.0
e61e82b10b400e75c2833cc836e8431d	k__Bacteria; p__Proteobacteria; c__Alphaproteobacteria; o__Rhodospirillales; f__Rhodospirillaceae; g__; s__	0.9
34819a3dea2ea7642172f2c5c1230ea5	k__Bacteria; p__Bacteroidetes; c__[Saprospirae]; o__[Saprospirales]; f__Saprospiraceae; g__; s__	1.0
e123b691e0b564b4b66057309a2b0b1a	Unassigned	0.0
ce801647888207a3f69d09f5c7d06f62	k__Bacteria; p__Gemmatimonadetes; c__Gemmatimonadetes	1.0
f1d78bce309b857985aae47285334109	k__Bacteria; p__Proteobacteria; c__Gammaproteobacteria; o__Methylococcales; f__Crenotrichaceae; g__Crenothrix; s__	0.9
ae1916dfd00139d155c08e9a448e478c	k__Bacteria; p__Gemmatimonadetes; c__Gemmatimonadetes; o__; f__; g__; s__	0.6
0393fb32c89a3a99e66cb666005c4676	Unassigned	0.0
11e4a7d6270e583d1c72aec4916d81a2	k__Bacteria; p__Verrucomicrobia; c__[Spartobacteria]; o__[Chthoniobacterales]; f__[Chthoniobacteraceae]; g__DA101; s__	1.0
3150cf34d93d34045ac4fcb706ef7da8	k__Bacteria; p__Proteobacteria; c__Betaproteobacteria; o__Burkholderiales; f__Comamonadaceae; g__; s__	0.8
f29e351453333773add1d56bf53d42b3	k__Bacteria; p__Proteobacteria; c__Alphaproteobacteria; o__Rickettsiales; f__Rickettsiaceae; g__; s__	0.6
a2e8a519f4c4ab2297034138ca99c5e4	k__Bacteria; p__Proteobacteria; c__Alphaproteobacteria	0.6
ad5f32aead472af14f0ba5792454d40d	k__Bacteria; p__Proteobacteria; c__Betaproteobacteria; o__Burkholderiales; f__Comamonadaceae; g__; s__	0.7
5529d7a8d4e3b076e9d0c0ba10ea3bd6	k__Bacteria; p__Proteobacteria; c__TA18; o__PHOS-HD29; f__; g__; s__	1.0
a132982cdfc7f76fc1324daa831c8e0f	k__Bacteria; p__Proteobacteria; c__Alphaproteobacteria; o__BD7-3; f__; g__; s__	1.0
5ee259b9594b7994d45a1d59ca298e71	k__Bacteria; p__Firmicutes	0.9
fb883f404f5a4c7db24b19ea89fdae03	k__Bacteria; p__Actinobacteria; c__Actinobacteria; o__Actinomycetales; f__Microbacteriaceae; g__; s__	0.6
9e00a95a1c8ed32d06e6d08c8835f795	k__Bacteria; p__SR1; c__; o__; f__; g__; s__	0.9
09bb72f611457b26f9f800bc3d2778a4	Unassigned	0.0
5f77842d19d3267cfa67a7e21cf3b686	k__Bacteria; p__Proteobacteria; c__Betaproteobacteria; o__Rhodocyclales; f__Rhodocyclaceae; g__Dechloromonas; s__	0.6
37cde2feedec0380e2dabc63e7c3c341	k__Bacteria; p__Proteobacteria; c__Alphaproteobacteria; o__Rickettsiales; f__; g__; s__	1.0
fd74923f21386ece73e03badc5aac193	k__Bacteria; p__OP3; c__koll11; o__GIF10; f__; g__; s__	0.9
aa169bf7db589c99beba764560cadc56	k__Bacteria; p__Proteobacteria; c__Alphaproteobacteria; o__Rhodobacterales; f__Rhodobacteraceae; g__Rhodobacter; s__	1.0
8040ae622b11d907c77850fc278aa3c2	k__Bacteria; p__Proteobacteria; c__Deltaproteobacteria; o__Myxococcales; f__; g__; s__	1.0
fa4bba45c6ea1b30dc1dc0bc32b53acc	k__Bacteria; p__Proteobacteria; c__Alphaproteobacteria; o__; f__; g__; s__	0.6
ee17bab6a650f52cebb779e97eb38000	k__Bacteria; p__Cyanobacteria; c__Chloroplast; o__Stramenopiles; f__; g__; s__	1.0
6731378526b86d7a2f8a42a793ba5709	k__Archaea; p__Euryarchaeota; c__Methanobacteria; o__Methanobacteriales; f__Methanobacteriaceae; g__Methanobacterium	0.9
f8c6e2362851263e4637eb5870435a21	k__Bacteria; p__Proteobacteria; c__Alphaproteobacteria; o__Rhodospirillales; f__Acetobacteraceae; g__; s__	1.0
0255764e0c69e484da4da58e04fac70d	k__Bacteria; p__Proteobacteria; c__Alphaproteobacteria; o__Rhodospirillales; f__Rhodospirillaceae; g__; s__	1.0
45001c15b7b2aef3a059c2a1512f53f6	k__Bacteria; p__WPS-2; c__; o__; f__; g__; s__	1.0
9ab2d32e2123e28df22e29cb6ecf3671	k__Bacteria; p__TM6; c__SJA-4; o__; f__; g__; s__	0.9
4abc3c88bb333442ccb3fc5ce1c41eb9	k__Bacteria; p__Bacteroidetes; c__Flavobacteriia; o__Flavobacteriales; f__Flavobacteriaceae; g__Flavobacterium; s__	0.9
dc736909c70a34b72ffc429584f1dd27	k__Bacteria; p__Firmicutes; c__Clostridia; o__Clostridiales; f__[Acidaminobacteraceae]; g__Fusibacter; s__	1.0
38187b4343d20668cf7da3dc1f5deda2	k__Bacteria; p__Proteobacteria; c__Alphaproteobacteria; o__Rhizobiales; f__; g__; s__	0.9
226b7bd094f09b3ca989510252ddf3aa	k__Bacteria; p__WS3; c__PRR-12; o__GN03; f__; g__; s__	0.8333333333333334
ed3b31d8581740f6a26630c6775b1e4e	k__Bacteria; p__Proteobacteria; c__Betaproteobacteria; o__Methylophilales; f__; g__; s__	0.6
f026e37625ac4658385988c76a515321	k__Bacteria; p__Proteobacteria; c__Alphaproteobacteria; o__Sphingomonadales; f__Sphingomonadaceae	0.9
2279e901d6a62bd9b8fd8740b1307648	k__Bacteria; p__Bacteroidetes; c__Flavobacteriia; o__Flavobacteriales; f__Cryomorphaceae; g__Fluviicola; s__	1.0
ad9f50ba3144e3543d10d2398217cd23	k__Bacteria; p__Proteobacteria; c__Alphaproteobacteria; o__Rhizobiales; f__; g__; s__	1.0
d88ea1e56b9db05ab317b93ee2cebb15	k__Bacteria; p__Proteobacteria; c__Betaproteobacteria; o__; f__; g__; s__	1.0
d590b84df20b75ab37fa4cee3ed52dfc	k__Bacteria; p__Proteobacteria; c__Alphaproteobacteria; o__Rhizobiales; f__Hyphomicrobiaceae; g__Devosia; s__	1.0
cd319fe3d23d534f1f9a437ddce78c9f	k__Bacteria; p__Acidobacteria; c__Acidobacteria-6; o__iii1-15; f__mb2424; g__; s__	1.0
f3df0db77d6c30ff8faaa17aefcd931a	k__Bacteria; p__Proteobacteria	1.0
cc37dad75e2231f35f76d5c64413c109	k__Bacteria; p__Cyanobacteria; c__Chloroplast; o__Chlorophyta; f__; g__; s__	1.0
224a28820b0ee8e99580c82cb06d7ff7	k__Bacteria; p__Planctomycetes; c__Planctomycetia; o__Pirellulales; f__Pirellulaceae; g__; s__	0.9
c49b00559fabb5a97e8d0362e0361710	k__Bacteria; p__Proteobacteria; c__Alphaproteobacteria; o__Rhizobiales; f__Rhizobiaceae; g__Agrobacterium; s__	0.7
03e9bce93126fb54b7ec99476b5246ab	k__Bacteria; p__Proteobacteria; c__Deltaproteobacteria; o__Myxococcales; f__; g__; s__	1.0
7e972cfd48894e329faf1902f20c3863	k__Bacteria; p__Proteobacteria; c__Alphaproteobacteria; o__Rhodospirillales; f__Rhodospirillaceae; g__Azospirillum; s__	1.0
9468954eb279048a3f909441851f0888	k__Bacteria; p__Proteobacteria; c__Deltaproteobacteria; o__Bdellovibrionales; f__Bacteriovoracaceae; g__; s__	1.0
535ba73380eb5b21ac0f0d64b06b6d55	k__Bacteria; p__Firmicutes; c__Clostridia; o__Clostridiales	0.8
d1f1e45c8f7dac04715120c46027eaa9	k__Bacteria; p__Proteobacteria; c__Alphaproteobacteria; o__Sphingomonadales; f__Sphingomonadaceae; g__Novosphingobium; s__	0.8
77e8b779af9e853ca91bfbfebf2bddaf	k__Bacteria; p__Cyanobacteria; c__Chloroplast; o__Stramenopiles; f__; g__; s__	1.0
45763a32a1d92097e9703407164ee733	k__Bacteria; p__Bacteroidetes; c__Sphingobacteriia; o__Sphingobacteriales; f__Sphingobacteriaceae; g__Sphingobacterium; s__multivorum	1.0
b0692d7a1ce60c60b2ff70ff2666e9c7	k__Bacteria; p__Actinobacteria; c__OPB41; o__; f__; g__; s__	1.0
4e8545a4f20b71b6c3af5cc062862a3d	k__Bacteria; p__OP3	1.0
e9a7e1937ffa9adb3973d6ee6b871922	k__Bacteria; p__Proteobacteria; c__Gammaproteobacteria; o__Xanthomonadales; f__Sinobacteraceae; g__; s__	1.0
d91fefa2a769a86154f32a7e64af1131	k__Bacteria; p__Cyanobacteria; c__Synechococcophycideae; o__Pseudanabaenales; f__Pseudanabaenaceae	0.8
62270a765bee4eafc78a6a0c08c1cb4b	k__Bacteria; p__Actinobacteria; c__Acidimicrobiia; o__Acidimicrobiales; f__C111; g__; s__	1.0
480f790a9c25bfdf6eb38ee3459a9503	k__Bacteria; p__Bacteroidetes; c__Bacteroidia; o__Bacteroidales; f__Porphyromonadaceae; g__Paludibacter; s__	0.8
a94a665bd20ecf0d4d25f57d2c884c8d	k__Bacteria; p__Proteobacteria; c__Gammaproteobacteria; o__Alteromonadales; f__Alteromonadaceae; g__; s__	0.9
debbfa931f9b23a67f95941b6ddee47c	k__Bacteria; p__Proteobacteria; c__Alphaproteobacteria; o__Rhodobacterales; f__Rhodobacteraceae	1.0
62e01e3de6614aa4e64a7b3edde09c77	k__Bacteria; p__Proteobacteria; c__Alphaproteobacteria; o__Sphingomonadales; f__Sphingomonadaceae; g__Sphingobium; s__	1.0
5ab6e17a1f3aff65f8b448ed0e33c6ce	k__Bacteria; p__Bacteroidetes; c__[Saprospirae]; o__[Saprospirales]; f__Saprospiraceae; g__; s__	0.7
1bb0659b7abfaa0c1398aa774323b67a	k__Bacteria; p__Proteobacteria; c__Alphaproteobacteria; o__Rhizobiales; f__Xanthobacteraceae; g__; s__	0.8
6cd566dbaf61ff83dc2a9ab957c06b0b	k__Bacteria	1.0
b8734d3f81b951bbac381385ec84bd21	k__Bacteria; p__Proteobacteria; c__Deltaproteobacteria; o__NKB15; f__; g__; s__	0.8
d79c3778a5c5cae376e02703de4b2ba7	k__Bacteria; p__Bacteroidetes; c__Flavobacteriia; o__Flavobacteriales; f__Cryomorphaceae; g__; s__	0.8
ca5f688b09f397e24ed9da6d6a7fda20	k__Bacteria; p__Bacteroidetes; c__Bacteroidia; o__Bacteroidales; f__Prevotellaceae; g__Prevotella; s__	1.0
554944ea07efa327ba20e248fb904555	k__Bacteria; p__Planctomycetes; c__Planctomycetia; o__Pirellulales; f__Pirellulaceae; g__; s__	1.0
c7bd6548b6d402171db2749a66e72ccc	k__Bacteria; p__Planctomycetes; c__Planctomycetia; o__Pirellulales; f__Pirellulaceae; g__; s__	1.0
815de58f209c6f6e1bc82a993f101529	k__Bacteria; p__Proteobacteria; c__Betaproteobacteria; o__Burkholderiales; f__Oxalobacteraceae; g__; s__	0.6
983d030da32359d166584710e1ba833d	k__Bacteria; p__Proteobacteria; c__Alphaproteobacteria	1.0
32862f9c24c2100ba68b87282997e355	k__Bacteria; p__Bacteroidetes; c__Cytophagia; o__Cytophagales; f__Cytophagaceae; g__Leadbetterella; s__	1.0
eff25e9e1bd4f74c611cbbaa3d92f140	k__Bacteria; p__Planctomycetes; c__Planctomycetia; o__Pirellulales; f__Pirellulaceae; g__; s__	0.9
0a6c6e8be573e4dc52880601c1377307	k__Bacteria; p__Proteobacteria; c__Gammaproteobacteria; o__Methylococcales; f__Crenotrichaceae; g__Crenothrix; s__	0.7
7c768fcb0b4e59d60859d403ac1c3711	k__Bacteria; p__Proteobacteria; c__Gammaproteobacteria; o__Methylococcales; f__Crenotrichaceae; g__Crenothrix; s__	1.0
1b966798461443c3a399205b6f217c7f	k__Bacteria; p__Chlorobi; c__OPB56; o__; f__; g__; s__	1.0
71d8ea0dd299d728c2e16a2c51f2ce32	Unassigned	0.0
0c765204e912eed4ac4fc3eb63b2a414	k__Bacteria; p__Proteobacteria; c__TA18; o__CV90; f__; g__; s__	0.7
8cfb519a332b419e57c06a98b7c3aa73	k__Bacteria; p__Proteobacteria; c__Alphaproteobacteria; o__Rickettsiales; f__mitochondria	1.0
04fc0cdfd9f61f4f2cb6785dbf1f3114	k__Bacteria; p__Planctomycetes; c__Planctomycetia; o__Pirellulales; f__Pirellulaceae; g__; s__	1.0
c0125843ae2b35fa503afc10d1dfc9e6	k__Bacteria; p__Cyanobacteria	1.0
a179de3f45b305947d0873a339b9dd93	k__Bacteria; p__Chlamydiae; c__Chlamydiia; o__Chlamydiales; f__Parachlamydiaceae; g__Candidatus Protochlamydia; s__	0.6
a0eafb24ded52a76009c069a27fd79ee	Unassigned	0.0
322b849f3e27bce9652fce06e9710cd7	k__Bacteria; p__OP3; c__koll11; o__GIF10; f__kpj58rc; g__; s__	1.0
8247c02f0a5edc0ff5b349727615cfff	k__Bacteria; p__Planctomycetes; c__Planctomycetia; o__Pirellulales; f__Pirellulaceae; g__; s__	1.0
99762ae592a0b8b176315c3abd8217f2	k__Bacteria; p__Proteobacteria; c__Gammaproteobacteria; o__Pseudomonadales; f__Pseudomonadaceae; g__Pseudomonas; s__	1.0
26c4d921d2379b03debe68872328362c	k__Bacteria; p__Proteobacteria; c__Deltaproteobacteria; o__Bdellovibrionales; f__Bacteriovoracaceae; g__; s__	0.9
a76d3ceff4ce67a8f3fd52eefa9446a8	Unassigned	0.0
235e99ce51578f084c51f519b0c9f2de	k__Bacteria; p__Actinobacteria; c__Acidimicrobiia; o__Acidimicrobiales; f__Microthrixaceae; g__; s__	1.0
b1aabaf2ba594a835bc0d398735394c7	k__Bacteria; p__Verrucomicrobia; c__Verrucomicrobiae; o__Verrucomicrobiales; f__Verrucomicrobiaceae; g__Luteolibacter; s__	0.8
b61f4f162ff3455376c5b5cce3d26b87	k__Archaea; p__[Parvarchaeota]; c__[Parvarchaea]; o__WCHD3-30; f__; g__; s__	1.0
da3a27cce6dfc94801ac48288bd2b656	k__Bacteria; p__Proteobacteria; c__Betaproteobacteria; o__Burkholderiales; f__Comamonadaceae	1.0
abd05489e2485edc75426cd4abfb0935	k__Bacteria; p__Proteobacteria; c__Alphaproteobacteria; o__Sphingomonadales; f__Sphingomonadaceae; g__; s__	0.9
e7ce46c5565aa92925ec1c8d97c5ca63	k__Bacteria; p__Planctomycetes; c__vadinHA49; o__DH61; f__; g__; s__	1.0
656cb8a20cc9e5342976e1863e2910e0	k__Bacteria; p__GN02; c__3BR-5F; o__; f__; g__; s__	0.9
2230237fc703fc0c31b53ee6efbbc9fd	k__Bacteria; p__Proteobacteria; c__Alphaproteobacteria; o__Rickettsiales; f__; g__; s__	0.6
a30b19de0d238cac07119744f6313ecf	k__Bacteria; p__Proteobacteria; c__Deltaproteobacteria; o__Myxococcales; f__Cystobacterineae; g__; s__	0.6
e28a78b901c22b9b9bbc8385db322153	k__Bacteria; p__Proteobacteria; c__Deltaproteobacteria; o__Syntrophobacterales; f__Syntrophobacteraceae; g__; s__	1.0
bc0603d00453ac2d12f410e18ccf2c51	k__Bacteria; p__Proteobacteria; c__Alphaproteobacteria; o__Rhizobiales; f__; g__; s__	0.8
38de3ba6e72e45e9e88da39a40e399cd	k__Bacteria; p__Proteobacteria; c__Deltaproteobacteria; o__Spirobacillales; f__; g__; s__	0.625
32ebb072057b15a3e46bc69084b839df	k__Bacteria; p__OD1; c__ZB2; o__; f__; g__; s__	1.0
fa172448fcb949e54731d129ad81541c	k__Bacteria; p__Proteobacteria; c__Alphaproteobacteria; o__Rickettsiales; f__Rickettsiaceae; g__; s__	0.7
5b4866dc4b3d24fb12ec3c48339144d5	k__Bacteria	1.0
938bb5030cd92d59dd46cbf9e0a9ffa9	k__Bacteria; p__Cyanobacteria; c__Chloroplast; o__Streptophyta; f__; g__; s__	0.6
313c0ae4573e955b665ff2afc3f48c30	k__Bacteria; p__Firmicutes; c__Bacilli; o__Bacillales; f__Bacillaceae; g__Bacillus; s__	1.0
23a46b5fc2990393d0f2e03934440157	k__Bacteria; p__Proteobacteria; c__Gammaproteobacteria	0.75
570360e9706f737331be6879c58bdc98	Unassigned	0.0
c6d9addf35765bbb0911fabbfb373b0e	k__Bacteria; p__Bacteroidetes; c__Sphingobacteriia; o__Sphingobacteriales; f__; g__; s__	1.0
044d6921712fbca3b23391543035eba3	k__Bacteria; p__Verrucomicrobia; c__[Pedosphaerae]; o__[Pedosphaerales]; f__; g__; s__	1.0
496450b836d7da8e287bf6dddfdab732	k__Bacteria; p__TM6; c__SJA-4; o__; f__; g__; s__	1.0
fef2eee3f8f2766f596f27e5b069d4ea	Unassigned	0.0
dcca25d857fa163cf59a3a9aacebee3d	k__Bacteria; p__Firmicutes; c__Clostridia; o__Clostridiales; f__Clostridiaceae; g__Clostridium; s__	0.9
a55261c2db991bab0e820af877f13985	k__Bacteria; p__Proteobacteria; c__TA18; o__PHOS-HD29; f__; g__; s__	1.0
1dcc039994aa538ef98ada5a97fe8451	Unassigned	0.0
df12743ea64746b3c03c3e8c3cee0cfa	k__Bacteria; p__Bacteroidetes; c__Flavobacteriia; o__Flavobacteriales; f__Cryomorphaceae; g__; s__	0.8
3def8d82620853672838753a07b59a6d	k__Bacteria; p__GN02	0.7142857142857143
fc179db45bf74eb73754ca0314f540d7	k__Bacteria; p__Bacteroidetes; c__Sphingobacteriia; o__Sphingobacteriales; f__; g__; s__	1.0
37c9e76792da74155739cc2bb3ac2786	k__Bacteria; p__Proteobacteria; c__Alphaproteobacteria; o__Rhodobacterales; f__Hyphomonadaceae; g__; s__	1.0
e784df553faf40d9bfa1d7c23b4353c9	k__Bacteria; p__Proteobacteria; c__Alphaproteobacteria; o__Rhizobiales	1.0
5afb421acff98e496691463fad86840d	k__Bacteria; p__Proteobacteria; c__Alphaproteobacteria; o__BD7-3; f__; g__; s__	0.8
d31dbd3ae452c24ea04491ab79790b8d	k__Bacteria; p__Planctomycetes; c__Planctomycetia; o__Pirellulales; f__Pirellulaceae; g__; s__	0.6
df6f3296524184303d57843b79ef3453	k__Bacteria; p__Cyanobacteria; c__Chloroplast; o__Streptophyta; f__; g__; s__	1.0
3cfd906a4e4070f8afdae1aab95f1af9	k__Bacteria; p__Actinobacteria; c__Actinobacteria; o__Actinomycetales; f__; g__; s__	0.9
886705225ebe4d16f15a515d9b488176	k__Bacteria; p__Proteobacteria; c__Gammaproteobacteria; o__Xanthomonadales; f__Sinobacteraceae; g__; s__	1.0
daf86430f563bd8aaf945dc2dc6709d7	k__Bacteria; p__Proteobacteria; c__Alphaproteobacteria; o__Rickettsiales; f__Rickettsiaceae; g__Rickettsia; s__	1.0
7553df1395b63e13336fc8f46e83be5a	k__Bacteria; p__Proteobacteria; c__Betaproteobacteria; o__Burkholderiales; f__Comamonadaceae; g__; s__	0.7
f292bdc2aec8fda83df8ba8c450b9f05	k__Bacteria; p__Proteobacteria; c__Alphaproteobacteria; o__Rickettsiales; f__Rickettsiaceae	0.8
a94d6a0c4ce305a89b64b8861faa598b	k__Bacteria; p__Cyanobacteria; c__Chloroplast; o__Chlorophyta; f__; g__; s__	1.0
161fb4afef5e9a0cb38e1dae84080f32	k__Bacteria; p__Proteobacteria; c__Alphaproteobacteria; o__Rickettsiales; f__; g__; s__	1.0
cfbb94a54159ce0dbe2de2e164e52038	k__Bacteria; p__Planctomycetes; c__Planctomycetia; o__Planctomycetales; f__Planctomycetaceae; g__Planctomyces; s__	1.0
a680a0eb106b3fb3f13e7d13060aed19	k__Bacteria; p__Proteobacteria; c__Betaproteobacteria	1.0
647497477ad4b1bcc81ec17dc7d542c4	k__Bacteria; p__Firmicutes; c__Bacilli; o__Bacillales	0.6
dd7c5519a31fab88e9495e61089e3cf3	k__Bacteria; p__Proteobacteria; c__Betaproteobacteria; o__Neisseriales; f__Neisseriaceae	0.6363636363636364
7c9060d87f9b5022a936d736e76f4958	k__Bacteria; p__Proteobacteria; c__Alphaproteobacteria; o__Rhodobacterales; f__Rhodobacteraceae	0.9
3671397c0f1273dad9fafdcea84eb504	k__Bacteria; p__Actinobacteria; c__Acidimicrobiia; o__Acidimicrobiales; f__C111; g__; s__	1.0
7d8baed9383608e38e5f958a1edc8936	k__Bacteria; p__Proteobacteria; c__Alphaproteobacteria; o__Rickettsiales; f__Rickettsiaceae; g__; s__	0.9
e22e1fbd82095d522b87815be16885e2	k__Bacteria; p__Chloroflexi; c__Anaerolineae; o__Anaerolineales; f__Anaerolinaceae; g__Anaerolinea; s__	1.0
53f440838f70e5ed8f64df427c813263	k__Bacteria; p__Proteobacteria; c__Betaproteobacteria; o__Burkholderiales; f__Comamonadaceae; g__; s__	0.6
6ee5319d90579427475bd8fe53316c90	k__Bacteria; p__Actinobacteria; c__Actinobacteria; o__Actinomycetales; f__Geodermatophilaceae	0.7
ce8dda8be6795e2f7607f3a096f5614a	k__Bacteria; p__Bacteroidetes; c__Bacteroidia; o__Bacteroidales; f__; g__; s__	0.9
dd182e91a18dce89a763692916d41ee9	k__Bacteria; p__Bacteroidetes; c__Flavobacteriia; o__Flavobacteriales; f__Flavobacteriaceae; g__Flavobacterium; s__	1.0
a3515db092c6da8bda53333f4e43d2e3	k__Bacteria; p__Cyanobacteria; c__Chloroplast; o__Stramenopiles; f__; g__; s__	1.0
a474193b79aead9bf9a9b8c52f52be41	k__Bacteria; p__Bacteroidetes; c__[Saprospirae]; o__[Saprospirales]; f__Saprospiraceae; g__; s__	1.0
6e9d8fa3766462b2b9d6ac2402b9b91e	k__Bacteria; p__Elusimicrobia; c__Elusimicrobia; o__Elusimicrobiales; f__; g__; s__	1.0
4c9ecc989be4648ec74f061da32c7456	k__Bacteria; p__Proteobacteria; c__Alphaproteobacteria; o__Rhizobiales; f__; g__; s__	1.0
f97f48b06b9e6f8e675f2bffcbc3360d	k__Bacteria; p__Proteobacteria; c__Betaproteobacteria; o__Methylophilales; f__Methylophilaceae	0.7
a7339b6e1bfbe4cfd7498966a0358f36	k__Bacteria; p__Proteobacteria; c__Deltaproteobacteria; o__Syntrophobacterales; f__Syntrophobacteraceae; g__; s__	1.0
30c5290042e3945706ad34a6aba8a580	k__Bacteria	1.0
c6af2b41cbc0cabc3db1c2ab3f316f74	k__Bacteria; p__Proteobacteria; c__Alphaproteobacteria; o__Rhodobacterales; f__Rhodobacteraceae	1.0
001907582c8a5f1b4c9a4007aaccbaa2	k__Bacteria; p__Firmicutes; c__Clostridia; o__Clostridiales; f__Clostridiaceae; g__Clostridium; s__	1.0
67028dd40eae05fdaf1d449300e6d445	k__Bacteria; p__Bacteroidetes; c__[Saprospirae]; o__[Saprospirales]; f__Saprospiraceae; g__; s__	0.9
a8491ee05a730d0ff1f6c756669aa6d3	k__Bacteria; p__Proteobacteria; c__Alphaproteobacteria; o__BD7-3; f__; g__; s__	1.0
146ee6f5dcffea9273b599a9b5acbdd7	k__Bacteria; p__SR1; c__; o__; f__; g__; s__	1.0
c55e765adf2b00d97cd665bdce3f2ea9	k__Bacteria; p__Proteobacteria; c__Gammaproteobacteria; o__Legionellales; f__Coxiellaceae; g__Aquicella; s__	1.0
ced30ec6fb0f5535e91b2ef81d69bae2	k__Bacteria; p__Planctomycetes; c__Planctomycetia; o__Pirellulales; f__Pirellulaceae; g__; s__	1.0
27faf4d4b17d6e24a13de2671ded7c60	k__Bacteria; p__Proteobacteria; c__Alphaproteobacteria; o__Rickettsiales; f__mitochondria; g__; s__	0.7
29fae5b36ef93c722fc9ab962fce25bc	k__Bacteria; p__Proteobacteria; c__Deltaproteobacteria; o__Myxococcales; f__; g__; s__	0.6
3e14dbe635d331a26da8eb8705ce949d	k__Bacteria; p__Cyanobacteria; c__4C0d-2; o__SM1D11; f__; g__; s__	0.7
d3bb4245f5f326a8287ec7acb0e18786	k__Bacteria; p__Proteobacteria; c__Betaproteobacteria; o__Burkholderiales; f__Oxalobacteraceae; g__; s__	0.7
e1c4b429ab2a037881c4053c934762c4	k__Bacteria; p__Firmicutes; c__Clostridia; o__Clostridiales; f__[Mogibacteriaceae]; g__; s__	0.7777777777777778
686c98f896df060bbcf00d268028461e	k__Bacteria	1.0
ddb94f3e2da00425dd8adc8967fde2ee	k__Bacteria; p__Nitrospirae; c__Nitrospira; o__Nitrospirales; f__Nitrospiraceae; g__Nitrospira; s__	1.0
5b872f5f3d9643a6b8867bf876e2315e	k__Bacteria; p__Proteobacteria; c__Alphaproteobacteria; o__BD7-3; f__; g__; s__	1.0
6ca203e88ecb275809b10f3eb71c2595	k__Bacteria; p__Proteobacteria; c__Betaproteobacteria; o__Burkholderiales; f__Oxalobacteraceae; g__Polynucleobacter; s__cosmopolitanus	0.7
b33fafad2dd1e9000a8f6474c3c5b1d2	k__Bacteria; p__Bacteroidetes; c__[Saprospirae]; o__[Saprospirales]; f__Chitinophagaceae; g__; s__	1.0
70846767f430736f12e24a10633c8004	Unassigned	0.0
51f98d96ec50a99d9da1308464a0e728	k__Bacteria; p__Spirochaetes; c__Spirochaetes	0.7
980d75a47401cc3c119025a3e8d37286	k__Bacteria; p__Actinobacteria; c__Actinobacteria; o__Actinomycetales; f__Microbacteriaceae; g__; s__	0.6
0e63e8f44d2bd5c19000c19f34d74273	k__Bacteria; p__Proteobacteria; c__Alphaproteobacteria; o__Caulobacterales; f__Caulobacteraceae; g__Asticcacaulis; s__biprosthecium	1.0
fe45cf45ae1256a3afa716b094a6241b	k__Bacteria; p__Planctomycetes; c__Planctomycetia; o__Gemmatales; f__Gemmataceae; g__Gemmata; s__	1.0
f64f3b0b3da7585a3530dab5d247b9c1	k__Bacteria; p__Proteobacteria; c__Alphaproteobacteria; o__Rickettsiales; f__mitochondria; g__Phytophthora	0.75
cd59fc50eae5c74462c871ea6da183be	k__Bacteria; p__Proteobacteria; c__Betaproteobacteria; o__Rhodocyclales; f__Rhodocyclaceae; g__Dechloromonas; s__	1.0
f019631e192c1cd8ddd6a7740c1ca999	k__Bacteria; p__Spirochaetes; c__Spirochaetes; o__Spirochaetales; f__Spirochaetaceae; g__Treponema; s__	0.8
ba58843383f012d6781e2d05fc10ee82	k__Bacteria; p__Proteobacteria; c__Alphaproteobacteria; o__Rhizobiales; f__; g__; s__	0.7
e61a4248cc4d385bbe3351b3960b973e	k__Bacteria; p__Actinobacteria; c__Acidimicrobiia; o__Acidimicrobiales; f__ntu14; g__; s__	0.9
451e7a22f2dec69583508c43ada45a75	k__Bacteria; p__Proteobacteria; c__Alphaproteobacteria; o__Rickettsiales; f__; g__; s__	0.9
c3810ecf1a5e7c3f911bbdc764ce4006	k__Bacteria; p__Proteobacteria; c__Deltaproteobacteria; o__Myxococcales; f__; g__; s__	1.0
9c70cc6919681f79319bfe0feebd6aaa	k__Bacteria; p__Proteobacteria; c__Betaproteobacteria; o__Burkholderiales; f__Comamonadaceae; g__Hydrogenophaga; s__	0.9
32566a304ab79e35b8fc3257cf044d7b	k__Bacteria; p__Bacteroidetes; c__[Saprospirae]; o__[Saprospirales]; f__Chitinophagaceae; g__; s__	1.0
9b0d53f9e25afdecd5cf448f281ec483	k__Bacteria; p__OD1; c__ZB2; o__; f__; g__; s__	1.0
9b60148c7f67f4df9253ee7e771c7f38	k__Bacteria; p__Actinobacteria; c__Actinobacteria; o__Actinomycetales; f__; g__; s__	0.7
1fe301f07ceac631f54b0c46b5b011ea	k__Bacteria; p__Proteobacteria; c__Deltaproteobacteria; o__Bdellovibrionales; f__Bdellovibrionaceae; g__Bdellovibrio; s__	0.6
31bf72ca3e03b7f63b7cc8acaa75627b	k__Bacteria; p__Bacteroidetes; c__Sphingobacteriia; o__Sphingobacteriales; f__Sphingobacteriaceae; g__; s__	0.9
6eec515cf874690fb896244766cb8dfb	k__Bacteria; p__Proteobacteria; c__Betaproteobacteria; o__Burkholderiales; f__Comamonadaceae; g__Limnobacter; s__	0.9
bd8e636f6947e51bab37b5a09ecc9d0d	k__Bacteria	1.0
2d46af3968bee2f32cb271281f7726c7	k__Bacteria; p__Proteobacteria; c__Alphaproteobacteria; o__Rhodobacterales; f__Rhodobacteraceae; g__Rhodobacter; s__	0.7
0aa7479577645b8cc8ae7a31316e0ff8	k__Bacteria; p__Proteobacteria; c__Alphaproteobacteria; o__Rhodospirillales; f__Rhodospirillaceae; g__; s__	0.6
0bb8515fb830bd0bf5a744f6c45c7d0f	k__Bacteria; p__Proteobacteria; c__Alphaproteobacteria; o__Rhodospirillales; f__Rhodospirillaceae; g__Magnetospirillum; s__	1.0
39f6e9a19b77db79061dc4954ef61783	k__Bacteria; p__Proteobacteria; c__Deltaproteobacteria; o__Myxococcales; f__OM27; g__; s__	1.0
d6deadc21529db18b239c2dfdac42fca	k__Bacteria; p__Proteobacteria; c__Gammaproteobacteria; o__Pseudomonadales; f__Pseudomonadaceae; g__Pseudomonas; s__alcaligenes	0.8
92f706129e57e5f9a33aa2e210915b6d	k__Bacteria; p__Chlamydiae; c__Chlamydiia; o__Chlamydiales	1.0
7b7cf017b3c8376114b43640e4b5a0a7	k__Bacteria; p__Proteobacteria; c__Alphaproteobacteria; o__Sphingomonadales; f__Sphingomonadaceae; g__; s__	0.6
05d23cfd85f0ac1a3e23e854bc84af3a	k__Bacteria; p__OD1; c__ZB2; o__; f__; g__; s__	1.0
21426ff5daaa99eefb00751fd44f5fea	Unassigned	0.0
08dba96c15d7978e6a226bbecce4a06f	k__Bacteria; p__Cyanobacteria; c__Chloroplast; o__Stramenopiles; f__; g__; s__	1.0
e4f4fc94687d9e406e22fcea4fe4d6e6	k__Bacteria; p__Proteobacteria; c__Betaproteobacteria; o__Rhodocyclales; f__Rhodocyclaceae; g__Dechloromonas; s__	0.9
baf8a28e21d38785d6c1f4eaeb262647	k__Bacteria; p__Actinobacteria; c__Actinobacteria; o__Actinomycetales; f__; g__; s__	0.9
cbb253482f50af69419cd34e12fe1a05	k__Bacteria; p__Proteobacteria; c__Alphaproteobacteria	0.6
5d51a7a9939605e67981ff3cf7ee0764	k__Bacteria; p__Proteobacteria; c__Alphaproteobacteria; o__Rickettsiales; f__; g__; s__	0.9
c7940baca98b7b4875d77fcc9bb08a29	k__Bacteria; p__Planctomycetes; c__Planctomycetia; o__Gemmatales; f__Gemmataceae; g__Gemmata; s__	1.0
e403dd53f9fee5bcdb21a03b069bf125	k__Bacteria; p__GN02; c__BD1-5; o__; f__; g__; s__	0.7
24c640d49dba0e6317aa07add5f1ca80	k__Bacteria; p__Actinobacteria; c__; o__; f__; g__; s__	0.6
fbef06e1c8b37100bfddb404c6d2ea38	k__Bacteria; p__Proteobacteria; c__Gammaproteobacteria; o__Oceanospirillales; f__SUP05; g__; s__	0.6
d84238ae6d18af5936d5232817402603	k__Bacteria; p__Proteobacteria	0.6
44c75e72573813f6e3424e545ffe4808	k__Bacteria; p__GN02; c__BD1-5; o__; f__; g__; s__	0.7
0268730e061972141f2f9b01eb5d6dd7	k__Bacteria	1.0
232006de0b98571333792c2f85efdadf	k__Bacteria; p__Firmicutes; c__Clostridia; o__OPB54; f__; g__; s__	1.0
47ded2286bb3060119e14266ccf0b92e	k__Bacteria; p__Proteobacteria; c__Alphaproteobacteria; o__Rickettsiales; f__Rickettsiaceae; g__Rickettsia; s__	1.0
edadb190ebbf9cedffa315d70b675696	k__Bacteria; p__TM6; c__SJA-4; o__; f__; g__; s__	1.0
19532f0a535cd36a2f764dcda05ef4e1	k__Bacteria; p__Proteobacteria; c__Betaproteobacteria; o__Burkholderiales; f__Burkholderiaceae; g__; s__	0.7
dacc8b002af51f62fc2fac0bb84fcca4	k__Bacteria; p__Bacteroidetes; c__Bacteroidia; o__Bacteroidales; f__Bacteroidaceae; g__Bacteroides; s__	0.7
d08363643a1208b0ef4f07540ae17baf	Unassigned	0.0
3591a69f1831834b319bf0ee8c3fc1bd	k__Bacteria; p__OD1; c__; o__; f__; g__; s__	0.6
8cadc06409ca131a4e07858a640daf3d	k__Bacteria; p__Actinobacteria; c__Actinobacteria; o__Actinomycetales; f__Yaniellaceae; g__Yaniella; s__	0.6
bbd38cde0251af7de50d00231638eec9	k__Bacteria; p__Firmicutes; c__Clostridia; o__Clostridiales; f__Lachnospiraceae; g__Coprococcus; s__	0.7
49d423caa7b474c0f8bdf2bb8136bd47	k__Bacteria; p__Proteobacteria; c__Alphaproteobacteria; o__Rickettsiales; f__; g__; s__	1.0
fac4aeade1310fde015464d95dc47327	k__Bacteria; p__Proteobacteria; c__Betaproteobacteria; o__Burkholderiales; f__Comamonadaceae	1.0
46020d9f8b8094873c9be88437b6bfe9	k__Bacteria	1.0
798b156474a16d5f4fd697c976e40960	k__Bacteria; p__Bacteroidetes; c__Sphingobacteriia; o__Sphingobacteriales; f__; g__; s__	1.0
f8d7bc4f53965c8677535eb8fffe6a5d	k__Bacteria; p__Proteobacteria; c__Deltaproteobacteria; o__Desulfobacterales; f__Desulfobulbaceae; g__; s__	1.0
9b0e6f5b0fff29cc8c8779ad30aac62d	k__Bacteria; p__Verrucomicrobia; c__Verrucomicrobiae; o__Verrucomicrobiales; f__Verrucomicrobiaceae; g__Luteolibacter; s__	1.0
4e176bec66dfa2e3bf89a1cdb4d07ce0	k__Bacteria; p__TM7; c__TM7-1; o__; f__; g__; s__	1.0
3c2276e286c2a2b8cd74e8abb01a148e	k__Bacteria; p__Bacteroidetes; c__Flavobacteriia; o__Flavobacteriales; f__Flavobacteriaceae; g__Flavobacterium; s__	1.0
35b2f0533702053c76e08720dab60190	k__Bacteria; p__Proteobacteria; c__Alphaproteobacteria; o__Rhizobiales; f__Rhizobiaceae; g__Agrobacterium; s__	1.0
e6571c95f950240503f87e434ee3657b	k__Bacteria; p__Proteobacteria	0.7
41308ed9eaed23a3868993229c7ef626	k__Bacteria; p__Proteobacteria; c__Alphaproteobacteria; o__Rhizobiales; f__Phyllobacteriaceae; g__; s__	0.7
a4836783e7e8492e7e15a6162837049b	k__Bacteria; p__Proteobacteria; c__Deltaproteobacteria; o__Desulfuromonadales; f__Desulfuromonadaceae; g__; s__	1.0
20f48992e4bf1eea197cd150c0582d2f	k__Bacteria; p__Proteobacteria; c__Betaproteobacteria; o__Procabacteriales; f__Procabacteriaceae; g__; s__	0.7
cfea780e832f56536f8dbbc0eb7b0f83	k__Bacteria; p__Cyanobacteria; c__Chloroplast; o__Streptophyta; f__; g__; s__	1.0
483a31534524e149e08d423d5d82daeb	k__Bacteria; p__Proteobacteria; c__TA18; o__PHOS-HD29; f__; g__; s__	0.7
4c46353ab5908c18433f9eda351ab4b7	k__Bacteria; p__Firmicutes; c__Clostridia; o__Clostridiales; f__Ruminococcaceae; g__; s__	0.9
d49bc9410f6da66a70ac4e449266f788	k__Bacteria; p__Bacteroidetes; c__[Saprospirae]; o__[Saprospirales]; f__Chitinophagaceae; g__; s__	0.9
4b5ce6b86016ab5fb8bb9969ef15a8d2	k__Bacteria; p__Proteobacteria; c__Deltaproteobacteria; o__Bdellovibrionales; f__Bdellovibrionaceae; g__Bdellovibrio; s__	0.9
aaf3a815045edaf941ec8c8e2bb2801d	k__Bacteria; p__Proteobacteria; c__Gammaproteobacteria; o__Methylococcales; f__Methylococcaceae; g__Methylomonas; s__	0.9
3a91d93bc2d24dfa6599e9c34f31c742	k__Bacteria; p__Proteobacteria; c__Alphaproteobacteria; o__Rhizobiales; f__Hyphomicrobiaceae; g__Devosia; s__	1.0
4618bfb2f38c8aa29d9e65f6e3a0d413	k__Bacteria; p__Proteobacteria; c__Betaproteobacteria; o__Burkholderiales; f__Comamonadaceae; g__; s__	0.7
3e17dca7ff98575d9528d8bf8d6489a0	k__Bacteria; p__Proteobacteria; c__TA18; o__PHOS-HD29; f__; g__; s__	1.0
5fa7d1f7ce845c6482d4590ace74e282	k__Bacteria; p__Bacteroidetes; c__Flavobacteriia; o__Flavobacteriales; f__Cryomorphaceae; g__; s__	0.8
ed71d1f911ce6a2a0de8fb0db061ee73	k__Bacteria; p__Proteobacteria; c__Deltaproteobacteria; o__Syntrophobacterales; f__Syntrophaceae; g__; s__	0.6
9c291068cea1083f9b669a386d87f782	k__Bacteria; p__Spirochaetes; c__Spirochaetes; o__Spirochaetales; f__Spirochaetaceae; g__Treponema; s__	1.0
a47503890535d0f3febcc2599d25e98b	k__Bacteria; p__Proteobacteria; c__Deltaproteobacteria; o__Syntrophobacterales; f__Syntrophobacteraceae; g__; s__	1.0
773a1a63411da6b464d96bf2ee613db9	k__Bacteria; p__Proteobacteria; c__Alphaproteobacteria; o__BD7-3; f__; g__; s__	1.0
65454550ad35e2f1291b54c1901fbf75	k__Bacteria; p__Tenericutes; c__Mollicutes; o__RF39; f__; g__; s__	1.0
99584e9834f5408224541e4f2c147f6f	k__Bacteria; p__Verrucomicrobia; c__[Pedosphaerae]; o__[Pedosphaerales]; f__R4-41B; g__; s__	0.7
62ac79e02eca035ff9188cbc52e20afa	k__Bacteria; p__Proteobacteria; c__Alphaproteobacteria; o__Rhizobiales; f__Hyphomicrobiaceae; g__Rhodoplanes; s__	1.0
5592429bfe74c83f6670652955e16769	k__Bacteria; p__Planctomycetes; c__Planctomycetia; o__Pirellulales; f__Pirellulaceae; g__; s__	1.0
42a3c926b6ea1a8c5f09d53025f8836a	k__Bacteria; p__Proteobacteria; c__Alphaproteobacteria; o__Rickettsiales; f__; g__; s__	1.0
0204937cab64f151c4cc33e8172ceef5	k__Bacteria; p__Firmicutes; c__Clostridia; o__Clostridiales; f__Ruminococcaceae	0.6
75bd9923979a6d3216222bbd77ee7922	k__Bacteria; p__Actinobacteria; c__Actinobacteria; o__Actinomycetales; f__Nocardioidaceae; g__Aeromicrobium; s__	1.0
04f3862ddf1a91a8422f99b01c9d79d3	k__Bacteria; p__Planctomycetes; c__Planctomycetia; o__Gemmatales; f__Gemmataceae; g__; s__	1.0
5a59a7c7b9039877cdbe644cadeee4ac	k__Bacteria; p__Proteobacteria; c__Gammaproteobacteria; o__Methylococcales; f__Crenotrichaceae; g__Crenothrix; s__	1.0
aac94577ffa52271aa6af600642cdb15	k__Bacteria	1.0
2370f906bb009e9fb41892fd89eb66b3	k__Bacteria; p__Proteobacteria; c__Alphaproteobacteria; o__Rhizobiales; f__Methylobacteriaceae; g__; s__	1.0
4997d70fd3070d370d5546f8a6808f87	k__Bacteria; p__Proteobacteria; c__Betaproteobacteria; o__; f__; g__; s__	0.9
314bf9cb35a828c7653fa19186fae5b3	k__Bacteria; p__Cyanobacteria; c__Chloroplast	1.0
fb394a3c5d023807730e89244d241272	k__Bacteria; p__Proteobacteria; c__Betaproteobacteria; o__Burkholderiales; f__Comamonadaceae; g__Comamonas; s__	0.7
67aee9521fbfb2a2a2b7ef6216fc0831	k__Bacteria; p__Proteobacteria; c__Betaproteobacteria; o__Rhodocyclales; f__Rhodocyclaceae; g__Propionivibrio; s__	0.9
bd8e46b66b3038ede0a89e36e7f9f491	k__Archaea; p__[Parvarchaeota]; c__[Parvarchaea]; o__YLA114; f__; g__; s__	0.6
5d4e5a1026beae02f592e0fca0a0fbbb	k__Archaea; p__[Parvarchaeota]; c__[Parvarchaea]; o__WCHD3-30; f__; g__; s__	0.6666666666666666
7687ff64d00725068c55fa1426084d3a	k__Bacteria; p__Proteobacteria; c__Deltaproteobacteria; o__Desulfuromonadales; f__Geobacteraceae; g__Geobacter; s__	0.9
63d6537c7c83abe6503f713a40827e52	k__Bacteria; p__Cyanobacteria; c__Chloroplast; o__Streptophyta; f__; g__; s__	0.8
12a0602d2ace43cabf07acb3541096e5	k__Bacteria; p__Proteobacteria; c__Alphaproteobacteria; o__Rhodobacterales; f__Rhodobacteraceae; g__Paracoccus	0.7
89427a02399094d56059ea719fb12edb	k__Bacteria; p__Firmicutes; c__Clostridia; o__Clostridiales; f__Lachnospiraceae; g__Epulopiscium; s__	1.0
9e72a43578a08c3c77910d93670d8964	k__Bacteria; p__Proteobacteria; c__Deltaproteobacteria; o__Bdellovibrionales; f__Bdellovibrionaceae; g__Bdellovibrio; s__bacteriovorus	0.6
89776a877a9d5cd115276b3e8ee3a441	k__Bacteria; p__Proteobacteria; c__Betaproteobacteria; o__Neisseriales; f__Neisseriaceae; g__Aquitalea	0.6
d20f3c08626c66efb04b7bb82aad8d55	k__Bacteria; p__Planctomycetes; c__OM190; o__CL500-15; f__; g__; s__	1.0
a20d9480e2f380a53016948b04bb8cfa	k__Bacteria; p__Proteobacteria; c__Alphaproteobacteria; o__BD7-3; f__; g__; s__	1.0
5769accb29910cef3ab8f60ac0b988cf	k__Bacteria; p__Planctomycetes; c__Planctomycetia; o__Pirellulales; f__Pirellulaceae; g__; s__	1.0
672062c53bc85431078015c6f7f59d8d	k__Bacteria; p__Proteobacteria; c__Gammaproteobacteria; o__Cardiobacteriales; f__; g__; s__	1.0
f76f59d186fb4a5ed31428ee5ec2f7c0	k__Bacteria; p__Proteobacteria; c__Gammaproteobacteria; o__Aeromonadales; f__Aeromonadaceae; g__; s__	0.8
6b9da0cac92e56b6294cb7bd5bc55211	k__Bacteria; p__Proteobacteria; c__Deltaproteobacteria; o__Myxococcales; f__OM27; g__; s__	1.0
b554a5774cdcdb98b01183824d07b354	k__Bacteria; p__Tenericutes; c__Mollicutes; o__RF39; f__; g__; s__	0.9
f9b9358791cdedee3bc77c13b970e6e7	k__Bacteria; p__Chloroflexi; c__Chloroflexi; o__Chloroflexales	1.0
06e30d1a10ee98503d00e58051e7fe5a	k__Bacteria; p__Proteobacteria; c__Alphaproteobacteria; o__BD7-3; f__; g__; s__	1.0
e9520626f0dc707a8eb6fa556d0edaf5	k__Bacteria; p__Proteobacteria; c__Deltaproteobacteria; o__Desulfarculales; f__Desulfarculaceae; g__; s__	0.6
4ffed50874dd1e7c345de1e40a4befe0	k__Bacteria; p__Proteobacteria; c__Betaproteobacteria; o__Burkholderiales; f__Comamonadaceae; g__Methylibium; s__	0.6
da7f18bb876e48898b1798714ccdbb6b	k__Bacteria; p__Chlorobi; c__OPB56; o__; f__; g__; s__	1.0
84a7611259fd43c77b8366e8451a52c9	k__Bacteria; p__Bacteroidetes; c__[Saprospirae]; o__[Saprospirales]	0.6
a7c3c4854e8ab0c5ab681da774c78de8	k__Bacteria; p__Proteobacteria; c__Alphaproteobacteria; o__Rhizobiales; f__Hyphomicrobiaceae; g__Hyphomicrobium; s__	0.9
14e2939a18e2b59fbedf88c5eca96a63	k__Bacteria; p__Proteobacteria; c__Deltaproteobacteria; o__MIZ46; f__; g__; s__	1.0
879878a7083f30c033c84a7d31cde03f	k__Bacteria; p__Actinobacteria; c__Acidimicrobiia; o__Acidimicrobiales; f__C111; g__; s__	1.0
ad778c06fd80daa34260b66d00499fd3	k__Bacteria; p__Planctomycetes; c__Planctomycetia; o__Pirellulales; f__Pirellulaceae; g__; s__	0.7
6cff86b502b2f1220fcc6cb52d1eaf58	k__Bacteria; p__Bacteroidetes; c__Cytophagia; o__Cytophagales; f__Cytophagaceae; g__Cytophaga; s__	1.0
24dc59c656ab3651889dbf7df0f5cc01	k__Bacteria	1.0
986ffeb4aa1fc3b177d6756127eafae6	k__Bacteria; p__Proteobacteria; c__Alphaproteobacteria; o__Rhizobiales	1.0
501fd28247d6f4503ca31b3baa6160c5	k__Bacteria; p__Proteobacteria; c__Gammaproteobacteria	1.0
8265407921f8b9ddb00dc3e7712adb58	k__Bacteria; p__Cyanobacteria; c__Chloroplast; o__Streptophyta; f__; g__; s__	1.0
a90a5dd73d40dd6ef7da683f5e47a000	k__Bacteria; p__Cyanobacteria; c__Chloroplast; o__Stramenopiles; f__; g__; s__	1.0
6cb03a6790389cded595e71ada6ba9d2	k__Bacteria; p__Proteobacteria; c__Alphaproteobacteria; o__Sphingomonadales; f__Sphingomonadaceae; g__Sphingomonas; s__	0.9
fae640672a5f645ed21ef19a83f0199f	k__Bacteria; p__Proteobacteria; c__Alphaproteobacteria; o__Rhodospirillales; f__Acetobacteraceae; g__Roseococcus; s__	1.0
b1d86114e7e3df816d7a029d78fc3d0e	k__Bacteria; p__Proteobacteria; c__Alphaproteobacteria; o__Rhodospirillales; f__Rhodospirillaceae; g__; s__	1.0
18a4bc2f5a1e6679991210ae70c3f6fc	k__Bacteria; p__Cyanobacteria; c__Synechococcophycideae; o__Synechococcales; f__Chamaesiphonaceae; g__; s__	0.6
f5bf50642fa93ccfaac671e09ec2c772	k__Bacteria; p__Proteobacteria; c__Betaproteobacteria; o__Rhodocyclales; f__Rhodocyclaceae; g__Dechloromonas; s__	0.9
b773b01a713bfdfe2397945875d772e3	k__Bacteria; p__Proteobacteria; c__Betaproteobacteria; o__Procabacteriales; f__Procabacteriaceae; g__; s__	0.9
b4734a43079a01a7de1bb3cc5a9bce5d	k__Bacteria	1.0
44cc6737d6870c3ae37277433ba12e6e	k__Bacteria; p__Proteobacteria; c__Gammaproteobacteria; o__Legionellales; f__Legionellaceae; g__; s__	0.9
711fc554fe5c4e01f9815ce9af256c6b	k__Bacteria; p__Cyanobacteria; c__Chloroplast; o__Cryptophyta; f__; g__; s__	1.0
a964cc39c9746e513bcb4e82688a024e	k__Bacteria; p__Proteobacteria; c__Betaproteobacteria; o__; f__; g__; s__	1.0
04ce63115f9abd01c779024ce148c7b7	k__Bacteria; p__Proteobacteria; c__Betaproteobacteria; o__Burkholderiales; f__Oxalobacteraceae; g__; s__	1.0
0a14c4a4bb8326276e458931cbd48de8	k__Bacteria; p__Proteobacteria; c__Alphaproteobacteria	1.0
2a87345315b8a8daba5effc5cf3c852e	k__Bacteria; p__Proteobacteria; c__Alphaproteobacteria; o__Rhizobiales; f__; g__; s__	0.8
d7a5fa0023231fa04ee0d55acf8bdbca	Unassigned	0.0
c42da3aa9fe2f8bc99e8a52db88b1a58	k__Bacteria; p__Proteobacteria; c__Deltaproteobacteria; o__Bdellovibrionales; f__Bdellovibrionaceae; g__Bdellovibrio; s__	0.6
04629529055d402825242ee6b7d877ee	k__Bacteria; p__Bacteroidetes; c__[Saprospirae]; o__[Saprospirales]; f__Saprospiraceae	0.8
88046ab5872a55f1d4d06c06f99aaeea	k__Bacteria; p__Proteobacteria; c__Alphaproteobacteria; o__Rhizobiales	1.0
bf3946d85b01c3f7e45a27815cd22bbb	k__Bacteria; p__Acidobacteria; c__[Chloracidobacteria]	0.6
f7ad9cdf004df902aa758a762ea1f235	k__Bacteria; p__Bacteroidetes; c__Cytophagia; o__Cytophagales; f__Cytophagaceae; g__; s__	1.0
4d8821841cba600b2d485a214681b48c	k__Bacteria; p__Proteobacteria; c__TA18; o__PHOS-HD29; f__; g__; s__	1.0
f9ed2f9b2421dc65c93adaec944652d4	k__Bacteria; p__Proteobacteria; c__Alphaproteobacteria; o__Rickettsiales; f__Rickettsiaceae; g__; s__	0.7
a46b0f2429e25fb3ba6181c8c6d39f85	k__Bacteria; p__Actinobacteria; c__Thermoleophilia; o__; f__; g__; s__	1.0
35beb43a3da90de64255ca02937c10cc	k__Bacteria; p__Bacteroidetes; c__Sphingobacteriia; o__Sphingobacteriales; f__; g__; s__	1.0
6171010e2a967ddff41895cfd599f84d	Unassigned	0.0
ef04cbd921f4b482467d6d503ae6c7e7	k__Bacteria; p__Proteobacteria; c__Gammaproteobacteria; o__Chromatiales; f__; g__; s__	0.6
d22a61110acb040cf6febb275e07ca0a	k__Bacteria; p__Proteobacteria; c__Alphaproteobacteria; o__Rickettsiales; f__Rickettsiaceae; g__; s__	0.6
c3427d4328d0e896056820245b3b68d1	k__Bacteria; p__Proteobacteria; c__Betaproteobacteria; o__Burkholderiales; f__Alcaligenaceae; g__; s__	1.0
23d09f18d4257e8d826f6e85793bc887	k__Bacteria; p__Proteobacteria; c__TA18; o__CV90; f__; g__; s__	1.0
c252fe9c9eec18e94586a2849f8dae42	k__Bacteria; p__Proteobacteria; c__Betaproteobacteria; o__Rhodocyclales; f__Rhodocyclaceae; g__Dechloromonas; s__	0.9
427f8fcc55268ceb6f565cc9cea96105	k__Bacteria; p__Planctomycetes; c__OM190; o__CL500-15; f__; g__; s__	1.0
79a05dc2a705181720ae99969b8935d6	k__Bacteria; p__Proteobacteria; c__Deltaproteobacteria; o__Myxococcales; f__; g__; s__	1.0
7a6c9704b9f4aa5cd46d60b51585374d	k__Bacteria; p__Proteobacteria; c__Alphaproteobacteria; o__Rhizobiales; f__; g__; s__	1.0
6cb151df7304344d024eb551cc48a251	k__Bacteria; p__Planctomycetes; c__Planctomycetia; o__Gemmatales; f__Gemmataceae; g__Gemmata; s__	1.0
7aa7247cf7e2f28bdb0d8124ba28f524	k__Bacteria; p__Bacteroidetes; c__Sphingobacteriia; o__Sphingobacteriales; f__; g__; s__	0.9
a5485ff4c3dc78e52bf586d58223e86b	k__Bacteria; p__Bacteroidetes; c__[Saprospirae]; o__[Saprospirales]; f__Chitinophagaceae; g__; s__	1.0
8edcbb2fb975fafc7a546db785d1b277	k__Bacteria; p__Proteobacteria; c__Alphaproteobacteria; o__; f__; g__; s__	1.0
a044620b80265acac63f92ceef1ee761	k__Bacteria; p__Verrucomicrobia; c__[Pedosphaerae]; o__[Pedosphaerales]; f__Ellin515; g__; s__	0.7
8b6c7dc31032f42e0fb74506111da463	k__Bacteria; p__Actinobacteria; c__Acidimicrobiia; o__Acidimicrobiales; f__C111; g__; s__	0.9
dbc941a7d6059d1597825a374294bc33	k__Bacteria; p__Proteobacteria; c__Betaproteobacteria; o__Burkholderiales; f__Alcaligenaceae; g__; s__	1.0
e57a428aa4cc2a7f3b5434ee6cc619ea	k__Bacteria; p__Proteobacteria; c__Epsilonproteobacteria; o__Campylobacterales; f__Helicobacteraceae; g__Sulfuricurvum; s__kujiense	1.0
d0f60776badc69f59aa33f28b7f6ae8f	k__Bacteria; p__Bacteroidetes; c__Flavobacteriia; o__Flavobacteriales; f__[Weeksellaceae]; g__Chryseobacterium; s__	1.0
efc2c05d2878ee5e1e0dca8e923675e4	k__Bacteria; p__Bacteroidetes; c__Flavobacteriia; o__Flavobacteriales; f__Cryomorphaceae; g__; s__	1.0
3c3b08ae54fb3bc9b40aac8984d358d6	k__Bacteria; p__Proteobacteria; c__Deltaproteobacteria; o__Desulfovibrionales; f__Desulfovibrionaceae; g__Desulfovibrio; s__mexicanus	1.0
3caf7ae89156484f7eb5fb4372c4da54	k__Bacteria; p__Chloroflexi; c__SL56; o__; f__; g__; s__	0.8
7f0c1f22df4a743585140b61579b9ae4	k__Bacteria; p__OD1; c__ABY1; o__; f__; g__; s__	1.0
f4de49d35b62cc230ab24927a5eb6538	k__Bacteria; p__Proteobacteria; c__Alphaproteobacteria; o__Rhizobiales; f__Phyllobacteriaceae; g__; s__	0.8
05fb365a6a7cba9647d5585187c7498d	Unassigned	0.0
f09de14900e15a8d6b62c3ceb36f4efd	k__Bacteria; p__Proteobacteria; c__Deltaproteobacteria; o__Myxococcales; f__Myxococcaceae	0.8
fda4af7a5777f0aae73bc669233691dd	k__Bacteria	1.0
c4bc37b8198febf5d9d86c5e935a8161	Unassigned	0.0
55bf940fc87f621289c528c777368914	k__Bacteria; p__Proteobacteria; c__Betaproteobacteria; o__; f__; g__; s__	0.7
8a671fdd2542c7ae786d3fac32428601	k__Bacteria; p__Proteobacteria; c__Betaproteobacteria; o__Burkholderiales; f__Comamonadaceae	1.0
fcce353d75403ac865030f5bbfa6b2b8	k__Bacteria; p__Proteobacteria; c__Alphaproteobacteria; o__Kiloniellales; f__; g__; s__	0.7
f4ec2554a3def2c1d697c26733fa8414	k__Bacteria; p__Proteobacteria; c__Deltaproteobacteria; o__Bdellovibrionales; f__Bacteriovoracaceae; g__; s__	0.9
e58d30cfa0c67e7b1678fa592677320b	k__Bacteria; p__Proteobacteria; c__Alphaproteobacteria; o__BD7-3; f__; g__; s__	1.0
ec2b6254e44f3f1d3c8ccc0872527050	k__Bacteria; p__Planctomycetes; c__Planctomycetia; o__Pirellulales; f__Pirellulaceae; g__; s__	1.0
e894c0c06da21d780523d546b53ec963	k__Bacteria; p__Lentisphaerae; c__[Lentisphaeria]; o__Victivallales; f__Victivallaceae; g__; s__	0.8
3e9f43110ce773e68ae12110e2bcab52	k__Bacteria; p__Proteobacteria; c__Alphaproteobacteria; o__Rickettsiales; f__; g__; s__	1.0
fcd100f5bdfe6d186e3c94f832a3d22c	k__Bacteria; p__Proteobacteria; c__Deltaproteobacteria	0.6
0bcc42fd9c661d576093b995350eb794	Unassigned	0.0
88fcd2937f828dfb756a59c1654ddaf8	k__Bacteria; p__Bacteroidetes	1.0
4f893465a4dff42d89e1886f48447d75	k__Bacteria; p__Cyanobacteria; c__Chloroplast; o__Streptophyta; f__; g__; s__	1.0
24a6cf0c9065d99daf4471df01f2667b	k__Bacteria; p__Firmicutes; c__Clostridia; o__Clostridiales; f__Lachnospiraceae; g__; s__	0.7
4061da886754b0a185f65293a4929757	k__Archaea; p__[Parvarchaeota]; c__[Parvarchaea]; o__YLA114; f__; g__; s__	1.0
e3040dd5985d8d231df9408072fe1273	k__Bacteria; p__Proteobacteria; c__Betaproteobacteria; o__Methylophilales; f__Methylophilaceae; g__; s__	0.8
10bd28c22d3b9ede98a3e734b5a6c448	k__Bacteria; p__Proteobacteria; c__Gammaproteobacteria; o__Thiotrichales; f__Piscirickettsiaceae; g__; s__	0.8
ba4a7d5578af8f295e8efa8f77054172	k__Bacteria; p__Proteobacteria; c__Deltaproteobacteria; o__Spirobacillales; f__; g__; s__	1.0
bbbb9b1aa7daff82bdc0ef9cff5f2b12	k__Bacteria	1.0
1a5b812c812fbf9a379683458cb67f3f	k__Bacteria; p__Proteobacteria; c__Betaproteobacteria; o__Rhodocyclales; f__Rhodocyclaceae; g__Propionivibrio; s__	0.8
06794ab4c8b112ae8b3be8d16b4584e1	k__Bacteria; p__OP3; c__BD4-9; o__; f__; g__; s__	1.0
4676e2def9581a6be20d232e49159dfa	Unassigned	0.0
c6c826e37df4f6431e97771f6f3cd882	k__Bacteria; p__Proteobacteria; c__Deltaproteobacteria; o__Myxococcales; f__OM27; g__; s__	1.0
492a8f36965299ded37619aa567f98d5	k__Bacteria; p__Proteobacteria; c__Alphaproteobacteria; o__Rhodospirillales; f__Acetobacteraceae; g__; s__	1.0
6ece48df1a1a84b04957659eb41b1db5	k__Bacteria; p__Proteobacteria; c__Alphaproteobacteria; o__Rhodospirillales; f__Acetobacteraceae; g__; s__	0.9
7ca01bd2118ffb3749a3900b0ab7fca7	k__Bacteria; p__Bacteroidetes; c__Cytophagia; o__Cytophagales; f__Cytophagaceae; g__; s__	1.0
a2862a4a4d7779e4ee31d23f32c80952	k__Bacteria; p__Bacteroidetes; c__Bacteroidia; o__Bacteroidales; f__Porphyromonadaceae; g__Paludibacter; s__	1.0
20a432cefe863a154c6eb8c67e7819f7	k__Bacteria; p__Proteobacteria; c__Alphaproteobacteria; o__Rhodobacterales; f__Rhodobacteraceae	1.0
977798e0a464b41763a7c7a494cd0635	k__Bacteria; p__Firmicutes; c__Bacilli; o__Lactobacillales; f__Lactobacillaceae; g__Lactobacillus; s__	0.7
f9ae42af4dd22f5c89edd0976d6c74ae	Unassigned	0.0
c1cf7844d80881a21b55f5238e9bbc13	k__Bacteria; p__Proteobacteria; c__TA18; o__CV90; f__; g__; s__	0.8
e967cb5c13394985d5edd013ed1b6ec7	k__Bacteria; p__Proteobacteria; c__Alphaproteobacteria; o__Rhodobacterales; f__Hyphomonadaceae; g__; s__	0.9
18c46ee77312123022931cd0fa37d196	k__Bacteria; p__GN02; c__BD1-5; o__; f__; g__; s__	1.0
e6231f996009be957780e3ccd3ae6782	k__Bacteria; p__Cyanobacteria; c__Chloroplast; o__Stramenopiles; f__; g__; s__	1.0
89ca01bf05993d5adb6cffee8281d2cb	k__Bacteria; p__Cyanobacteria; c__Chloroplast; o__Stramenopiles; f__; g__; s__	1.0
16b6d8468188e2228f6402978d31816c	k__Bacteria; p__Bacteroidetes	1.0
a031496be991de64681dcec29ffecaaf	k__Bacteria; p__Proteobacteria; c__Alphaproteobacteria; o__; f__; g__; s__	1.0
7f2267c1afb90928ffec479468dbe361	k__Bacteria; p__Verrucomicrobia; c__[Pedosphaerae]; o__[Pedosphaerales]; f__; g__; s__	1.0
6fd3dca87ac268af68bed3cc24d5d913	k__Bacteria; p__Proteobacteria; c__Alphaproteobacteria; o__Rhodospirillales; f__Acetobacteraceae; g__Roseococcus; s__	1.0
3ca80da5acc30a95048cd74c0ddfcc4f	k__Bacteria; p__Proteobacteria; c__TA18; o__CV90; f__; g__; s__	1.0
8e377e49d43cd41efadf1908a35b0749	k__Bacteria; p__Verrucomicrobia; c__[Spartobacteria]; o__[Chthoniobacterales]; f__[Chthoniobacteraceae]; g__Candidatus Xiphinematobacter; s__	0.9
c410ece9a79bffc9abc7c4ac5cef5264	k__Bacteria; p__Bacteroidetes; c__Cytophagia; o__Cytophagales; f__Flammeovirgaceae; g__; s__	0.6
46489dbecbcdc877262140f4e400b3b3	Unassigned	0.0
f3f2dc2491e5b4bd06f0c214f31473be	k__Bacteria; p__Bacteroidetes; c__Flavobacteriia; o__Flavobacteriales; f__Cryomorphaceae; g__Fluviicola; s__	1.0
c256cab784b790e4a2ca7e8597fa3aff	k__Bacteria; p__Bacteroidetes; c__Sphingobacteriia; o__Sphingobacteriales; f__Sphingobacteriaceae; g__Pedobacter; s__	0.8
f35e988e3930d561fe10644f5a79dadf	Unassigned	0.0
f528a4efe1000e0ffc75d9f9fdce5193	k__Bacteria; p__Bacteroidetes; c__Sphingobacteriia; o__Sphingobacteriales; f__; g__; s__	0.9
18c74c10b2aef2c6d8db6d5dee628ef9	k__Bacteria; p__Planctomycetes; c__Planctomycetia; o__Pirellulales; f__Pirellulaceae; g__; s__	1.0
5fa54bb29141fd11e961ea86ea43a97f	k__Bacteria; p__Proteobacteria; c__Betaproteobacteria; o__Ellin6067; f__; g__; s__	1.0
42642f9d99160a0ad0dd4835caec5767	k__Bacteria; p__Bacteroidetes; c__Flavobacteriia; o__Flavobacteriales; f__Cryomorphaceae; g__; s__	0.7
62b359c7da38182d4559196aa8ef17c1	k__Bacteria; p__Planctomycetes; c__Planctomycetia; o__Pirellulales; f__Pirellulaceae; g__; s__	1.0
684d13da0598363f1bad6e2f2e2abb41	k__Bacteria; p__Proteobacteria; c__Alphaproteobacteria; o__Rhizobiales; f__Rhizobiaceae; g__Agrobacterium; s__	1.0
37163903d670cb936277516d246558cd	k__Bacteria; p__TM6	1.0
061117a3e572afc53edc73c447d33f1b	k__Bacteria; p__Proteobacteria; c__Alphaproteobacteria; o__Rhizobiales; f__Hyphomicrobiaceae; g__Rhodoplanes; s__	0.9
02a5b68f2185957a479e080604521fc7	k__Bacteria; p__Bacteroidetes; c__[Saprospirae]; o__[Saprospirales]; f__Saprospiraceae; g__; s__	1.0
33d875a4468d8371db03a2a85aeab2c2	k__Bacteria; p__Bacteroidetes; c__Flavobacteriia; o__Flavobacteriales; f__Cryomorphaceae; g__; s__	0.6
d907183fd00dabf68bd3a43e16f8b8d0	k__Bacteria; p__Proteobacteria; c__Deltaproteobacteria; o__Myxococcales; f__Haliangiaceae; g__; s__	1.0
99278f848c483a83050bdf9edad13e7f	k__Bacteria; p__Proteobacteria; c__Alphaproteobacteria; o__BD7-3; f__; g__; s__	1.0
64c20c56429a49561b5e75dcfd296b3b	k__Bacteria; p__Firmicutes; c__Bacilli; o__Bacillales; f__Planococcaceae; g__Lysinibacillus; s__boronitolerans	0.8
3d5abffb033b86daa08412886be0b892	k__Bacteria; p__Cyanobacteria	1.0
0b00837e24827e33a8a40bc6e530fe99	k__Bacteria; p__Cyanobacteria; c__Chloroplast; o__Streptophyta; f__; g__; s__	1.0
66481a2963edac3fa9d867f092079e75	k__Bacteria; p__Proteobacteria; c__Alphaproteobacteria; o__Rhodospirillales; f__; g__; s__	1.0
b3f5b216c1b1da702354a6ece7633d76	k__Bacteria; p__Proteobacteria; c__Alphaproteobacteria; o__Rhizobiales; f__; g__; s__	1.0
289081b18c26cfaab277a24a86bc9df0	k__Bacteria; p__Proteobacteria; c__Gammaproteobacteria; o__Aeromonadales; f__Aeromonadaceae; g__; s__	0.7272727272727273
f600d8b6c74b0c09ecbdb28b4ba1c0d2	k__Bacteria; p__Cyanobacteria; c__Oscillatoriophycideae; o__Chroococcales; f__Xenococcaceae; g__Xenococcus; s__	0.8
3a472cb33b777e194d97549543973c7e	k__Bacteria; p__Firmicutes; c__Clostridia; o__Clostridiales; f__Clostridiaceae; g__Clostridium; s__	0.6
78222f0a15871ce794f37db9cb24c55f	k__Bacteria; p__Proteobacteria; c__Alphaproteobacteria; o__Sphingomonadales; f__Erythrobacteraceae; g__; s__	0.6
203a3d801151fc9173eca80aad7ee21a	k__Bacteria; p__Proteobacteria; c__Gammaproteobacteria; o__Enterobacteriales; f__Enterobacteriaceae; g__Buchnera; s__	1.0
e59d98090b9c380a40fb1c2f505e7de0	k__Bacteria; p__Firmicutes; c__Clostridia; o__Clostridiales; f__Lachnospiraceae; g__Epulopiscium; s__	0.8
723807eeaa0e01994dc686b8dace4f34	k__Bacteria; p__Proteobacteria; c__Alphaproteobacteria; o__Rickettsiales; f__; g__; s__	1.0
2ef21703613bd7861dc9744861059b5c	k__Bacteria; p__Proteobacteria; c__Alphaproteobacteria; o__Rhizobiales; f__; g__; s__	1.0
194fe9fb0c360d36ba2faacc32a01d5c	k__Bacteria; p__Verrucomicrobia; c__Verrucomicrobiae; o__Verrucomicrobiales; f__Verrucomicrobiaceae; g__; s__	0.9
770e7a1541fc5f101651a127db5c0186	k__Bacteria; p__Firmicutes; c__Clostridia; o__Clostridiales; f__Lachnospiraceae; g__Coprococcus; s__	0.9
0d232090633e18e31603e02e5fd056a9	k__Bacteria; p__Proteobacteria; c__Gammaproteobacteria; o__Methylococcales; f__Crenotrichaceae; g__Crenothrix; s__	0.7
a170155c0441398e9ec91c1584a86171	k__Bacteria; p__Proteobacteria; c__Alphaproteobacteria; o__Rhodospirillales; f__Rhodospirillaceae; g__; s__	1.0
4e681f057e7d7b5405ec0a1107db61b2	k__Bacteria; p__Firmicutes; c__Clostridia; o__Clostridiales; f__Veillonellaceae	1.0
16eca8e0014fe2ac5b75755b08fa4c9b	k__Bacteria; p__Proteobacteria; c__Gammaproteobacteria; o__Legionellales; f__; g__; s__	1.0
b0b9c8e3cccfdc1c23fdbb8622b43eaa	k__Bacteria; p__Spirochaetes; c__[Leptospirae]; o__[Leptospirales]; f__Sediment-4	1.0
6f893df9a500c610851cdf85a884b67c	k__Bacteria; p__Proteobacteria; c__Alphaproteobacteria; o__Sphingomonadales; f__Sphingomonadaceae; g__Sphingobium; s__	0.8
f2049e7472234d13cbfffee28b193da8	k__Bacteria; p__Firmicutes; c__Clostridia; o__Clostridiales; f__Clostridiaceae; g__Clostridium; s__	1.0
edb41c74de7cec4171a63087b33c33ad	k__Bacteria; p__Bacteroidetes; c__Flavobacteriia; o__Flavobacteriales; f__Flavobacteriaceae; g__Flavobacterium; s__	0.9
c144110e55456fd15f1af2b714a00b5d	k__Bacteria; p__Planctomycetes; c__Planctomycetia; o__Pirellulales; f__Pirellulaceae; g__; s__	1.0
fddb982ecdd5eaf881a1bfad7d215dff	k__Bacteria; p__Cyanobacteria; c__Chloroplast; o__Streptophyta; f__; g__; s__	1.0
39159aa57e7bab142a4d7819b6fa29c4	Unassigned	0.0
e46793ec118290697c2a7f7826595603	k__Bacteria; p__Proteobacteria; c__Alphaproteobacteria; o__Rhodospirillales; f__Acetobacteraceae; g__; s__	1.0
807130f7124e0dda49bb7e7701d15d76	k__Bacteria; p__Verrucomicrobia; c__Verrucomicrobiae; o__Verrucomicrobiales; f__Verrucomicrobiaceae; g__; s__	0.9
ba9b991abde6895e923bdb6b7df52000	k__Bacteria; p__Planctomycetes; c__Planctomycetia; o__Gemmatales; f__Gemmataceae; g__Gemmata; s__	0.9
d2bdb5bbdea4e48949a107c9a7754170	k__Bacteria; p__TM6; c__SJA-4; o__; f__; g__; s__	1.0
04ae851e1b64b06599720ddbae9a87ec	k__Bacteria; p__OP3; c__koll11; o__GIF10; f__kpj58rc; g__; s__	1.0
7a6a94f232e3795108cbe909191828f0	k__Bacteria; p__Proteobacteria; c__Gammaproteobacteria; o__Pseudomonadales; f__Pseudomonadaceae	0.8
46fe8a972ef535e3cd2f2fc57eb10cc3	k__Bacteria; p__Bacteroidetes; c__Flavobacteriia; o__Flavobacteriales; f__Cryomorphaceae; g__; s__	1.0
3e557f36084b1a7571036bcd5c55df77	Unassigned	0.0
ec9f959fe04bb207d95f3c6a05aaf27a	k__Bacteria; p__Gemmatimonadetes; c__Gemmatimonadetes; o__Gemmatimonadales; f__A1-B1; g__; s__	0.8
43991254ab7a8cbb118144613876dada	k__Bacteria; p__Proteobacteria; c__Alphaproteobacteria; o__Rhodospirillales; f__Acetobacteraceae; g__; s__	0.8
63884567d63569b74da3268996554483	k__Bacteria; p__Planctomycetes; c__Phycisphaerae; o__Phycisphaerales; f__; g__; s__	1.0
ea4d6980d5a5546f225122086b3b931e	k__Bacteria; p__Proteobacteria	1.0
8227955254fcc7ed47e6cd89c061224b	k__Bacteria; p__Firmicutes; c__Clostridia; o__Clostridiales; f__; g__; s__	1.0
5c93e1b595a0a3ffbdf40d7641e325e1	Unassigned	0.0
aca0243f42131fd77afc02ade941d3aa	k__Bacteria; p__Proteobacteria; c__Gammaproteobacteria	1.0
492cbbb37396339d4fa744a10de41749	k__Bacteria; p__Proteobacteria; c__Deltaproteobacteria; o__Desulfuromonadales; f__Geobacteraceae; g__Geobacter; s__	1.0
6db32e3307ae319bcdcd50338eb9dad7	k__Bacteria; p__Proteobacteria; c__Alphaproteobacteria; o__Sphingomonadales; f__Sphingomonadaceae; g__Novosphingobium; s__capsulatum	0.8
d3df593c0c4cfec7ab3fa1a21b70c4c5	k__Bacteria; p__Planctomycetes	0.6666666666666666
c24cd1c0509453df2a5a6e0a2565e2f2	k__Bacteria; p__Proteobacteria; c__Betaproteobacteria; o__Ellin6067; f__; g__; s__	1.0
583931b8f76ad0a6c74466b16f0ae25e	k__Bacteria; p__Verrucomicrobia; c__Verrucomicrobiae; o__Verrucomicrobiales; f__Verrucomicrobiaceae; g__Luteolibacter; s__	0.7
6feffed274646cae646defacb42a7cd8	k__Bacteria; p__Cyanobacteria; c__Chloroplast; o__Stramenopiles; f__; g__; s__	1.0
0e6612ab108839119c35ec2b43789dfa	k__Bacteria	1.0
f30a339368ac6f5de01d08374364433e	k__Archaea; p__[Parvarchaeota]; c__[Parvarchaea]; o__YLA114; f__; g__; s__	1.0
b92a91ebdcdd5ab4480068292e11eb59	k__Bacteria; p__Actinobacteria; c__Acidimicrobiia; o__Acidimicrobiales; f__; g__; s__	1.0
dab09d2276d17a559a8e81c58433ce17	k__Bacteria; p__Verrucomicrobia; c__[Pedosphaerae]; o__[Pedosphaerales]	1.0
bc926b65801b7482998706397d4cfd06	k__Bacteria; p__Actinobacteria; c__OPB41; o__; f__; g__; s__	1.0
0bf4d174c4f4c6613e941f313df3b985	k__Bacteria; p__Proteobacteria; c__Alphaproteobacteria; o__Rhizobiales; f__; g__; s__	0.9
1825411e0ad9aa1a8a6ce87e8c3cf61e	k__Bacteria; p__Spirochaetes; c__MVP-15; o__PL-11B10; f__; g__; s__	1.0
467df2eb9e0e2b85f13e2ed257622603	k__Bacteria; p__Firmicutes; c__Clostridia; o__Clostridiales; f__[Mogibacteriaceae]; g__Anaerovorax; s__	1.0
e87afcdba8e90b1f93638a6342445339	k__Bacteria; p__Proteobacteria; c__Alphaproteobacteria	1.0
90c05f0208ca06923593cf3409f288f2	k__Bacteria; p__Actinobacteria; c__Actinobacteria; o__Actinomycetales; f__; g__; s__	0.7
010c048ff60625e02e71e9f1d4ab1e75	k__Bacteria; p__Cyanobacteria; c__Chloroplast; o__Streptophyta; f__; g__; s__	0.6
172f1b2aa882d1676fe635f6389f6bcc	k__Bacteria; p__Bacteroidetes; c__Flavobacteriia; o__Flavobacteriales; f__Flavobacteriaceae; g__; s__	0.7
7e923c426bc6044bf0da1ad4217aa4db	Unassigned	0.0
78b122ab29cd454fa48478217030563b	k__Bacteria; p__Cyanobacteria; c__Chloroplast; o__Stramenopiles; f__; g__; s__	1.0
24d9f1a03d10ddfecfc632c2e641ce3e	k__Bacteria; p__Cyanobacteria; c__Oscillatoriophycideae; o__Chroococcales; f__Xenococcaceae; g__; s__	1.0
50652027c3003c50430a0b84083e94c6	k__Bacteria; p__Proteobacteria; c__Betaproteobacteria	1.0
8258ec49e8e7facb34bacb501653c631	k__Bacteria; p__Proteobacteria; c__Betaproteobacteria; o__Burkholderiales; f__Comamonadaceae	0.9
e635836292c994d3d0004317dd9e5da3	k__Bacteria; p__Firmicutes; c__Clostridia; o__Clostridiales; f__Lachnospiraceae; g__; s__	0.6
3bbc31967a8bb63f3442b67e1fc3974b	k__Bacteria; p__Proteobacteria; c__Alphaproteobacteria; o__Rhizobiales; f__; g__; s__	1.0
8b68e6e6d4ab3e5fb187f6c91e304cd1	Unassigned	0.0
8dd9e070bfeb3bb814040c6bd516f4ec	k__Bacteria; p__Proteobacteria; c__Betaproteobacteria; o__Burkholderiales; f__Comamonadaceae; g__; s__	0.6
41e51aa1a796848cf23ffe823d221ae3	k__Bacteria; p__Proteobacteria; c__TA18; o__CV90; f__; g__; s__	1.0
bed99ae904c70dd45dd8735d9cc23918	k__Bacteria; p__Proteobacteria; c__Alphaproteobacteria; o__Rickettsiales; f__Rickettsiaceae; g__Rickettsia	0.6
393316ea00680adf691516485e7828b0	k__Bacteria; p__OD1; c__ZB2; o__; f__; g__; s__	0.9
f3e6fc7386ae6540d3164b03294327c9	k__Bacteria; p__Acidobacteria; c__Solibacteres; o__Solibacterales; f__; g__; s__	1.0
8e49790579725679c8a8243b30c5b222	k__Bacteria; p__Bacteroidetes; c__Flavobacteriia; o__Flavobacteriales; f__[Weeksellaceae]; g__Cloacibacterium; s__	0.8
70d330c69400cbc86027dd227d020f6b	k__Bacteria; p__Planctomycetes; c__Planctomycetia; o__Gemmatales; f__Isosphaeraceae; g__; s__	0.9
944a99a5ec9dbfb995502a4773a6749d	k__Bacteria; p__Proteobacteria; c__TA18; o__PHOS-HD29; f__; g__; s__	1.0
d55128dc963f786425b3ef2004bc097c	k__Bacteria; p__Bacteroidetes; c__Flavobacteriia; o__Flavobacteriales; f__Cryomorphaceae; g__; s__	1.0
577930c36e2af280322886173df57b7e	Unassigned	0.0
0b321604e2dfe4b039692d3f5adaf154	k__Bacteria; p__Cyanobacteria; c__Chloroplast; o__Stramenopiles; f__; g__; s__	1.0
5e4cc22c83aa158ed6c82f9afc08e081	Unassigned	0.0
e51b3c6d9fe449203868e14a36505665	k__Bacteria; p__Cyanobacteria; c__Chloroplast; o__Stramenopiles; f__; g__; s__	1.0
bc4c926f1d4e546197927eb9968f22cf	k__Bacteria; p__Gemmatimonadetes; c__Gemmatimonadetes; o__; f__; g__; s__	1.0
b4945cd322e00e165db024a1be0dbd70	k__Bacteria; p__Actinobacteria; c__OPB41; o__; f__; g__; s__	1.0
7a043e318d4e896bb8f8e806bc393ee9	k__Bacteria; p__Proteobacteria; c__Alphaproteobacteria; o__Rhizobiales; f__; g__; s__	1.0
50663ba3914b33f9c1fffa5f93d1ba33	k__Bacteria; p__Bacteroidetes; c__Flavobacteriia; o__Flavobacteriales; f__Flavobacteriaceae; g__Flavobacterium; s__	1.0
4269e5526dd1236346cb3981397cff6d	k__Bacteria; p__Proteobacteria; c__Gammaproteobacteria; o__Pseudomonadales; f__Pseudomonadaceae; g__Pseudomonas	0.8
4b7433fda4388b4502676e22a966dd87	k__Bacteria; p__WPS-2; c__; o__; f__; g__; s__	1.0
9fe6eca736ef421e4faf23e9002ca2ca	k__Bacteria; p__Verrucomicrobia; c__[Pedosphaerae]; o__[Pedosphaerales]	1.0
805e5ac0ef9b1e9949297d210d811846	k__Bacteria; p__Proteobacteria; c__Gammaproteobacteria; o__Legionellales; f__Legionellaceae; g__Legionella	0.8
8109a6f699f91dd66fdf0d13506d62dc	k__Bacteria; p__Proteobacteria	0.7
ee73d06ed577298fd40669464cf2b497	k__Bacteria; p__Bacteroidetes; c__Flavobacteriia; o__Flavobacteriales; f__[Weeksellaceae]; g__Chryseobacterium; s__	1.0
00591b7b5e291a2dbc0a7af4913590e0	k__Bacteria; p__Verrucomicrobia; c__Opitutae; o__Opitutales; f__Opitutaceae; g__Opitutus; s__	0.9
d7a5211153f6ee8aa5843f89ce1ea56f	k__Bacteria; p__Tenericutes; c__Mollicutes; o__; f__; g__; s__	0.6
3f39498c783c029bd20f10b96d9c9add	k__Bacteria; p__Proteobacteria; c__Alphaproteobacteria; o__; f__; g__; s__	1.0
a7ea775570930174e4ff2023a211e726	k__Bacteria; p__Proteobacteria; c__Deltaproteobacteria; o__Myxococcales; f__Nannocystaceae; g__Plesiocystis; s__	0.7
8d11deff6aba81150e8329c4c99eb6ab	k__Bacteria; p__Verrucomicrobia; c__Verruco-5	1.0
a6186dcf97a01ac200cddbfb7197117c	k__Bacteria; p__Proteobacteria; c__Alphaproteobacteria; o__; f__; g__; s__	1.0
7f35c06f2d38894a2b1ed7b64d9eecbe	k__Bacteria; p__Bacteroidetes; c__Cytophagia; o__Cytophagales; f__Cytophagaceae; g__; s__	1.0
5fe9553be93cf900c48a75909639c4e4	k__Bacteria; p__Proteobacteria; c__Betaproteobacteria; o__Burkholderiales; f__Comamonadaceae	1.0
8a6e5654b2476b5d328248c56ff7825b	k__Bacteria; p__OP3; c__BD4-9; o__; f__; g__; s__	1.0
33fdb9131da914ba992241c3e23512e0	k__Bacteria; p__Proteobacteria; c__Alphaproteobacteria; o__Caulobacterales; f__Caulobacteraceae; g__Asticcacaulis	0.7
4ccc6e61760a9f172cb82cbadf14afa5	k__Bacteria; p__Proteobacteria; c__Alphaproteobacteria; o__Rhizobiales; f__; g__; s__	0.7
52db8b19adaa0f2cff2cb6a07d0e8367	Unassigned	0.0
7fb68c3ee12506de6cfbf4f55587de8d	k__Bacteria; p__Bacteroidetes; c__Bacteroidia; o__Bacteroidales; f__; g__; s__	1.0
4bf2b6adcf00bbc5f46029fe195e2e68	k__Bacteria; p__Proteobacteria; c__Alphaproteobacteria; o__Rhodobacterales; f__Hyphomonadaceae; g__; s__	1.0
9b3c85abe8c8423d05403f1b9f964f28	k__Bacteria; p__Proteobacteria; c__Deltaproteobacteria; o__GMD14H09; f__; g__; s__	0.6
d0dadb4fd3537584a39f39c0d1920e92	k__Bacteria; p__Proteobacteria; c__Deltaproteobacteria; o__Spirobacillales; f__; g__; s__	1.0
f39bae632eb9a914f18cec168a2ae9b7	k__Bacteria; p__Firmicutes; c__Clostridia; o__Clostridiales; f__Ruminococcaceae; g__Ruminococcus; s__	1.0
67f53a04a579c72ddda196aff9d1bf94	k__Bacteria; p__Firmicutes; c__Clostridia; o__Clostridiales; f__; g__; s__	0.6
f4c0ffc84316361ea23beb5ff1cd23a7	k__Bacteria; p__Proteobacteria; c__Gammaproteobacteria; o__Legionellales; f__Coxiellaceae; g__; s__	1.0
d711e141d377848f6517d9d40ee55be3	k__Bacteria; p__Proteobacteria; c__Alphaproteobacteria; o__Sphingomonadales; f__Sphingomonadaceae; g__Sphingomonas; s__	0.8
02d7d27985d0b7472a1a13bac61da7de	k__Bacteria; p__Acidobacteria; c__Solibacteres; o__Solibacterales	1.0
981fc472e71c77894c4f9673c8ef5e99	k__Bacteria; p__TM6	0.6
6ad5cf8d8975c811cb7c9de4dfb50cfd	k__Bacteria; p__Proteobacteria; c__Deltaproteobacteria; o__Myxococcales; f__OM27; g__; s__	1.0
425b3f76d910ff2d71d04a432903d4cb	k__Bacteria; p__Proteobacteria; c__Deltaproteobacteria; o__Bdellovibrionales; f__Bacteriovoracaceae; g__; s__	1.0
78c520546edc56fce0527bad0cc51717	k__Bacteria; p__Cyanobacteria; c__Synechococcophycideae; o__Pseudanabaenales; f__Pseudanabaenaceae; g__; s__	0.7
1867e345b51889b2a1d1456bb083057f	k__Bacteria; p__Proteobacteria; c__Gammaproteobacteria	1.0
d447d5f66b759c165bd921a31b7b5cd7	k__Bacteria; p__Bacteroidetes; c__Bacteroidia; o__Bacteroidales; f__; g__; s__	0.6
3a9a56090eb2a6bf08fead4f9ab02ee2	k__Bacteria; p__Proteobacteria; c__Betaproteobacteria; o__Burkholderiales; f__Oxalobacteraceae; g__; s__	1.0
265d4eb843b20b871f8b6d6dbec8b699	k__Bacteria; p__Proteobacteria; c__Alphaproteobacteria; o__Rhizobiales; f__; g__; s__	1.0
86ed63b3bc3d42acf7efe850919a4aed	k__Bacteria; p__Proteobacteria; c__Deltaproteobacteria; o__Myxococcales; f__; g__; s__	1.0
3bc650658ae6aa2dd6c1416bc35240b8	k__Bacteria; p__Proteobacteria; c__Alphaproteobacteria; o__Rhodospirillales; f__Acetobacteraceae; g__; s__	0.9
4f52aca8acc01c8b52499d5e2aa045c8	k__Bacteria; p__Firmicutes; c__Erysipelotrichi; o__Erysipelotrichales; f__Erysipelotrichaceae	1.0
ed07752d5fc84c2966091ce747d020ff	k__Bacteria; p__GN02; c__BD1-5; o__; f__; g__; s__	1.0
5bb9bcede9900ba17d973a88279c1dda	k__Bacteria; p__Proteobacteria; c__Alphaproteobacteria	0.9
9652cf4dba4621a89b93371ec42afda8	k__Bacteria; p__Proteobacteria; c__Deltaproteobacteria; o__Bdellovibrionales; f__Bacteriovoracaceae; g__; s__	0.9
b706f09946106898482accb616a2e4ad	k__Bacteria; p__Proteobacteria; c__Deltaproteobacteria; o__NKB15; f__; g__; s__	1.0
45f7ca0edeb63b03bf3a431311bdcff9	k__Bacteria; p__Proteobacteria; c__Alphaproteobacteria; o__Rhizobiales; f__; g__; s__	0.6
dfde2e42c357a2d4c7ef05467d0e27d3	k__Bacteria; p__Proteobacteria; c__Gammaproteobacteria; o__Enterobacteriales; f__Enterobacteriaceae; g__Erwinia; s__	0.5454545454545454
f5ef3648f7ddbf45ab18378fd9a33305	k__Bacteria; p__Proteobacteria; c__TA18; o__PHOS-HD29; f__; g__; s__	0.9
1c64540d780674845a475b9e3cfd1b50	k__Bacteria; p__Proteobacteria; c__Deltaproteobacteria; o__Myxococcales; f__; g__; s__	0.9
8ba4d78b51e725b1c6e064a14883e62e	k__Bacteria; p__Bacteroidetes; c__Flavobacteriia; o__Flavobacteriales; f__Cryomorphaceae; g__Fluviicola; s__	1.0
b205c45d01b9e77341ab67e4175c9911	k__Bacteria; p__Proteobacteria; c__Deltaproteobacteria; o__Myxococcales; f__OM27; g__; s__	1.0
71e4ca2aee658537076b92180f94a5d7	k__Bacteria; p__Proteobacteria; c__Alphaproteobacteria; o__Rickettsiales; f__mitochondria; g__Phytophthora	0.6
7924af5d4810ebb3ca6c61d578b89def	k__Bacteria; p__Cyanobacteria; c__Synechococcophycideae; o__Pseudanabaenales; f__Pseudanabaenaceae; g__Leptolyngbya; s__	1.0
ba2abd73f4d451efa09ed39e1c717a36	k__Bacteria; p__Verrucomicrobia; c__Verrucomicrobiae; o__Verrucomicrobiales; f__Verrucomicrobiaceae; g__Luteolibacter; s__	0.9
17a3ac8cf097a3c9363c7997aa73d625	k__Bacteria; p__Proteobacteria; c__Betaproteobacteria; o__Burkholderiales; f__Alcaligenaceae; g__; s__	0.9
37af46f93f384fde57d854b708084d7f	k__Bacteria; p__Proteobacteria; c__Gammaproteobacteria	1.0
dd29d8c16c6aef5452218637406b6d28	k__Bacteria; p__Firmicutes; c__Erysipelotrichi; o__Erysipelotrichales; f__Erysipelotrichaceae; g__; s__	1.0
06816e00c200e0434ff6e056aceb1fa4	k__Bacteria; p__Planctomycetes; c__Planctomycetia; o__Pirellulales; f__Pirellulaceae; g__; s__	1.0
6cbe2139d848ffde625e8d10b2fe3b38	k__Bacteria; p__Cyanobacteria; c__Chloroplast; o__Streptophyta; f__; g__; s__	1.0
7e2fe26ace6f0bf574c5c61da8c6a422	k__Bacteria; p__Proteobacteria; c__Betaproteobacteria; o__Rhodocyclales; f__Rhodocyclaceae; g__Dechloromonas; s__	0.9
bba732e4ee87a0441095571e984a4b8f	k__Bacteria; p__Cyanobacteria; c__Chloroplast; o__Chlorophyta; f__; g__; s__	1.0
840b88a663f80c28890367d26181cbc4	k__Bacteria; p__Proteobacteria; c__Betaproteobacteria; o__Thiobacterales; f__; g__; s__	0.9
d6158bdb130b5c13194c57f89fab2930	Unassigned	0.0
999457d8c6dd978793bddd96a1844ef2	k__Bacteria; p__Proteobacteria; c__Betaproteobacteria; o__Burkholderiales; f__Oxalobacteraceae; g__; s__	0.9
735e76260527a527a6488abb3f2645c0	k__Bacteria; p__Elusimicrobia; c__Endomicrobia; o__; f__; g__; s__	0.7
49479a6307b5491946bf284516e27e6f	k__Bacteria; p__Proteobacteria; c__Betaproteobacteria; o__Rhodocyclales; f__Rhodocyclaceae; g__Dechloromonas; s__	0.9
0ac2749544ed123bf97c8de586645c00	k__Bacteria; p__Chloroflexi; c__Thermomicrobia; o__JG30-KF-CM45; f__; g__; s__	0.7
a9000ebadcf56ea9bc2f434328dcc08f	k__Bacteria; p__Bacteroidetes; c__Sphingobacteriia; o__Sphingobacteriales; f__Sphingobacteriaceae; g__Pedobacter; s__	1.0
36ea7d5990405606e876a05d4741ddeb	k__Bacteria; p__Firmicutes; c__Erysipelotrichi; o__Erysipelotrichales; f__Erysipelotrichaceae; g__PSB-M-3; s__	0.8
32ffd0cf567be739c201402f18df5d6b	k__Bacteria; p__Proteobacteria; c__Alphaproteobacteria; o__Sphingomonadales; f__Sphingomonadaceae; g__Novosphingobium; s__	0.9
7d5f8ac79fcef816a170bf897ead9389	k__Bacteria; p__Proteobacteria; c__Gammaproteobacteria; o__Xanthomonadales; f__Xanthomonadaceae; g__; s__	0.9
93813deb8a367a028145439ecbc80ff1	k__Bacteria; p__Bacteroidetes; c__[Saprospirae]; o__[Saprospirales]; f__Chitinophagaceae; g__Sediminibacterium; s__	1.0
83ba23abe821308ce5d7aa41899d9d78	k__Bacteria; p__Proteobacteria; c__Deltaproteobacteria; o__MIZ46; f__; g__; s__	1.0
1142a9511a2acd590e8b7602fb869c34	k__Bacteria; p__Proteobacteria; c__Deltaproteobacteria; o__Myxococcales; f__; g__; s__	1.0
cfbe7ac71baaa3f28f6aed3dc247d63d	k__Bacteria; p__Cyanobacteria; c__4C0d-2; o__SM1D11; f__; g__; s__	0.9
22623f54afcb963a950c1122c327a9c7	k__Bacteria; p__Chloroflexi; c__Anaerolineae; o__Caldilineales; f__Caldilineaceae; g__; s__	1.0
4b1fd9f58b1e520adc32710454da67d6	k__Bacteria; p__Bacteroidetes; c__Sphingobacteriia; o__Sphingobacteriales; f__; g__; s__	0.6
8a32a0d4245aae23cdb0b99da0a876e0	k__Bacteria; p__Proteobacteria; c__Deltaproteobacteria; o__Syntrophobacterales; f__Syntrophaceae; g__; s__	1.0
cb6524f1374cb82901f50d84f99d38ed	k__Bacteria; p__Cyanobacteria; c__Synechococcophycideae; o__Synechococcales; f__Synechococcaceae; g__Synechococcus; s__	1.0
19c89717910da1c9bd757e0325dcc429	k__Bacteria; p__Proteobacteria; c__Betaproteobacteria; o__Procabacteriales; f__Procabacteriaceae; g__; s__	1.0
403abf95d56932ade607b0940ca8bdf0	k__Bacteria; p__Proteobacteria; c__Gammaproteobacteria; o__Alteromonadales; f__211ds20; g__; s__	1.0
db996a882677baa0f54fcbd8a49ef5ee	k__Bacteria; p__Proteobacteria; c__Alphaproteobacteria; o__Rhizobiales; f__Methylocystaceae; g__Pleomorphomonas	0.7
cb950734ef8060fabd9371dc19064033	k__Bacteria; p__Proteobacteria; c__Alphaproteobacteria; o__Rickettsiales; f__; g__; s__	1.0
6b59a88db27617b4a5e2192db920e6ea	k__Bacteria; p__Firmicutes; c__Clostridia; o__Clostridiales; f__Ruminococcaceae; g__Ruminococcus; s__	1.0
5c0e2e3e8d96e1e7d1817262fbe2e910	k__Bacteria; p__Proteobacteria; c__Gammaproteobacteria; o__Legionellales; f__Legionellaceae; g__; s__	0.9
bb580fa240afc63153cfe35d5e87f0bf	k__Bacteria; p__Proteobacteria; c__Gammaproteobacteria; o__Methylococcales; f__Crenotrichaceae; g__Crenothrix; s__	1.0
edb2515064a65b2ee70df8c52ffbfa0c	k__Bacteria; p__Proteobacteria; c__Alphaproteobacteria; o__Rickettsiales; f__; g__; s__	1.0
1b2694a4216ac46401ceb166aee0b455	k__Bacteria; p__Proteobacteria; c__Alphaproteobacteria	1.0
f2cbc125b1b5c2c92ff78b7d13b330bc	k__Bacteria; p__GN02; c__BD1-5; o__; f__; g__; s__	0.6
c3e1a278709866305be7f61b2922b342	Unassigned	0.0
a9dbc3c84620bd1ca0fb5a12c44d6563	Unassigned	0.0
37fb82e35f7b6507aa575d81d96cd5a5	k__Bacteria; p__Proteobacteria	1.0
efd48eb700eb04fa0fecc82659f84b42	k__Bacteria; p__SAR406; c__AB16; o__Arctic96B-7; f__A714017; g__; s__	1.0
82b06c07004a045a9315fde3b1a5379d	k__Bacteria; p__Proteobacteria; c__Alphaproteobacteria; o__Sphingomonadales; f__Sphingomonadaceae; g__Sphingomonas; s__wittichii	0.8
9f0dafc28dabefffe65a2075078f6d7b	Unassigned	0.0
d42b81d7faeecabe1e4e62609562bdc7	k__Bacteria; p__Proteobacteria; c__Deltaproteobacteria; o__Myxococcales; f__OM27; g__; s__	1.0
c15c5b990595a38e8c1a8e0fee0ac974	k__Bacteria; p__Bacteroidetes; c__Flavobacteriia; o__Flavobacteriales; f__Flavobacteriaceae; g__Flavobacterium; s__	0.9
86ea2a20db8ceaef9289eb74c6429f69	k__Bacteria; p__Actinobacteria; c__Actinobacteria; o__Actinomycetales; f__Microbacteriaceae; g__Candidatus Aquiluna; s__rubra	0.9
97c90e2fb34fe71949df7503a0b491c5	k__Bacteria; p__Proteobacteria; c__Alphaproteobacteria; o__Rhizobiales; f__Methylocystaceae; g__Pleomorphomonas	0.7
cb3b857ffbf7439b2ed68498c3d31ffc	k__Bacteria; p__Verrucomicrobia; c__Opitutae; o__[Cerasicoccales]; f__[Cerasicoccaceae]; g__; s__	1.0
c61aa846b71a9574b943c3992b799561	k__Bacteria; p__Cyanobacteria; c__Synechococcophycideae; o__Pseudanabaenales; f__Pseudanabaenaceae; g__; s__	0.5714285714285714
696052afb1f327ac24a40e29606d587a	k__Bacteria; p__Proteobacteria; c__Deltaproteobacteria; o__Bdellovibrionales; f__Bdellovibrionaceae; g__Bdellovibrio; s__	1.0
81d4703692871665a1f1031673a55e55	k__Bacteria; p__Bacteroidetes; c__Flavobacteriia; o__Flavobacteriales; f__Cryomorphaceae; g__; s__	1.0
1964c7ab8a3212e97032af3516941040	k__Bacteria; p__Proteobacteria; c__Betaproteobacteria; o__Methylophilales; f__Methylophilaceae; g__; s__	0.8
981ee2051d202964de5823169def507a	k__Bacteria; p__Proteobacteria; c__Alphaproteobacteria; o__Sphingomonadales; f__Sphingomonadaceae; g__Novosphingobium; s__	0.6
097fb49a1f5da48c7b2dec180541c864	k__Bacteria; p__Proteobacteria; c__Betaproteobacteria; o__Burkholderiales; f__Comamonadaceae	1.0
4d84be5fe3e38f455308fb7d77b51b9f	k__Bacteria; p__Firmicutes; c__Clostridia; o__Clostridiales; f__Lachnospiraceae; g__Roseburia; s__	1.0
eb9df644fc1296fd56159e658e5d608a	k__Bacteria	1.0
c80d7a610fc85d12116f2e29087107f1	k__Bacteria; p__Bacteroidetes; c__Bacteroidia; o__Bacteroidales; f__; g__; s__	1.0
32ae38d0a1e117f07b680e2f2c0e57f9	k__Bacteria; p__Firmicutes; c__Clostridia; o__Clostridiales; f__Peptostreptococcaceae; g__; s__	1.0
6325faa95050592a9ee4bb650cdb9b74	k__Bacteria; p__Proteobacteria; c__Deltaproteobacteria; o__Myxococcales; f__OM27; g__; s__	1.0
8a8b11b3c24c71c2c3d80fc95e8d105b	k__Bacteria; p__Proteobacteria; c__Deltaproteobacteria; o__Bdellovibrionales; f__Bacteriovoracaceae	1.0
9c0c76f0f91aebab697b26ec265f9131	k__Bacteria; p__Tenericutes; c__Mollicutes; o__; f__; g__; s__	1.0
725b38557528c6e6bc25ee50dedce5c8	k__Bacteria; p__Proteobacteria; c__Alphaproteobacteria; o__; f__; g__; s__	1.0
7d933e4c457d150745613c5a7c7f92bf	k__Bacteria; p__Proteobacteria; c__Betaproteobacteria; o__Burkholderiales; f__Comamonadaceae; g__; s__	0.8
8af34146a0fc2157b10fcef500a7da6b	k__Bacteria; p__Firmicutes; c__Bacilli; o__Bacillales; f__Staphylococcaceae; g__Staphylococcus	0.6
a34b584c59273c84005f8c4b8508fbfe	Unassigned	0.0
cbf8bd1690ad9894d39cbe6e79a1928f	k__Bacteria; p__Proteobacteria; c__Gammaproteobacteria; o__Legionellales; f__; g__; s__	1.0
b64b72d3eb61d4682d8238f2a44f458b	k__Bacteria; p__Chlorobi; c__OPB56; o__; f__; g__; s__	1.0
20981523a0345665efb757ea19eb7d73	k__Bacteria; p__Proteobacteria; c__Betaproteobacteria; o__Neisseriales; f__Neisseriaceae; g__Deefgea; s__	0.8
5432d95596e0716f740953b40b7aab3d	k__Bacteria; p__Actinobacteria; c__Actinobacteria; o__Actinomycetales	1.0
0a8bc54ba2889d35e9eb18fc454c08ee	k__Bacteria; p__Verrucomicrobia; c__[Pedosphaerae]; o__[Pedosphaerales]; f__R4-41B; g__; s__	0.6
93df34f06c27863d50c45992fef119f5	k__Bacteria; p__Bacteroidetes; c__Flavobacteriia; o__Flavobacteriales; f__Cryomorphaceae; g__; s__	0.9
a36e0519b2549ffeb034e57e07a4b127	k__Bacteria; p__Planctomycetes; c__Planctomycetia; o__Pirellulales; f__Pirellulaceae; g__; s__	1.0
7fbc476ddcb06661f3dbe417961f8abb	k__Bacteria; p__Proteobacteria; c__Alphaproteobacteria	0.9
0b265974a4231a8b397990a4e821a236	k__Bacteria; p__Proteobacteria; c__Deltaproteobacteria; o__Myxococcales; f__; g__; s__	1.0
1111722d680bafc6c852be2af818ce91	k__Bacteria; p__OP3	0.7
f1bf8f11163fd6907d4020e15d0d1fa9	k__Bacteria; p__Proteobacteria; c__Betaproteobacteria; o__Rhodocyclales; f__Rhodocyclaceae; g__Dechloromonas; s__	0.8
43551c9fc9d0b61988c140afcd275c8d	k__Bacteria; p__Proteobacteria; c__Gammaproteobacteria; o__Legionellales; f__Legionellaceae; g__; s__	0.9
efa5172193299fef8fa0df864758c50f	k__Bacteria; p__Fusobacteria; c__Fusobacteriia; o__Fusobacteriales; f__; g__; s__	0.6
3f3b1f803156c582eff4ad02da83bf38	k__Bacteria; p__Proteobacteria; c__Betaproteobacteria; o__Burkholderiales; f__Comamonadaceae	1.0
e3272fda33a03f9ba1f6500029d646c8	k__Bacteria; p__Proteobacteria; c__Alphaproteobacteria; o__Rhodospirillales; f__Rhodospirillaceae; g__; s__	1.0
474debdf34597d0e37898b86d81497d0	k__Bacteria; p__Proteobacteria; c__Gammaproteobacteria; o__Legionellales; f__Coxiellaceae; g__; s__	0.7
38d88d9fb5e26910a0d2e6c36097ecda	k__Bacteria; p__TM6; c__SJA-4; o__; f__; g__; s__	1.0
7753de41d82d04d84ffaaff70f16d6c3	k__Bacteria; p__Proteobacteria; c__Alphaproteobacteria; o__Rickettsiales; f__mitochondria; g__Phytophthora	0.6
9d28cf2bec82fb68c68f21799b1a6811	k__Bacteria; p__Actinobacteria; c__Acidimicrobiia; o__Acidimicrobiales; f__C111; g__; s__	1.0
6c5ca51bedc187503183a1dc34cb99eb	k__Bacteria; p__Spirochaetes; c__[Leptospirae]; o__[Leptospirales]; f__Leptospiraceae; g__Leptospira; s__	1.0
fc9ab8ac348cfea5c2838b7ae94fa9a1	k__Bacteria; p__Planctomycetes; c__Planctomycetia; o__Pirellulales; f__Pirellulaceae; g__; s__	1.0
f12a1a8f1c52c19c867b24e6b55cbfe9	k__Bacteria; p__Proteobacteria; c__Deltaproteobacteria; o__Myxococcales; f__; g__; s__	0.7
86e9724ce5dbd070a378229fccb1993b	k__Bacteria; p__Proteobacteria; c__Alphaproteobacteria; o__BD7-3; f__; g__; s__	1.0
9728904fb4b37ef166e0d1f88e2b9c15	k__Bacteria; p__Bacteroidetes; c__[Saprospirae]; o__[Saprospirales]	0.9
79d8ff29c9352e47d74b4f4d673d7dba	k__Bacteria; p__OD1; c__ZB2; o__; f__; g__; s__	1.0
d994d3c717d76a2bc2f18ae99a9ea958	Unassigned	0.0
460cd0c4746f61e000eda684644927aa	k__Bacteria; p__Bacteroidetes; c__[Saprospirae]; o__[Saprospirales]; f__Saprospiraceae; g__; s__	1.0
5d388b0521fc3fea5cd561c51e89c17d	k__Bacteria; p__Proteobacteria; c__Gammaproteobacteria; o__Methylococcales; f__Crenotrichaceae; g__Crenothrix; s__	1.0
b8966fbe58f0c6aadcead6ef8a7b5005	k__Bacteria; p__Acidobacteria; c__[Chloracidobacteria]; o__RB41; f__Ellin6075; g__; s__	1.0
c79eaa1a8aa165e44621a8f9e67affaf	k__Bacteria; p__Firmicutes; c__Clostridia; o__Clostridiales	1.0
094277aeee25ec713242228eb998b234	k__Bacteria; p__Firmicutes; c__Clostridia; o__Clostridiales	0.8
71e62d0306fe6c674e68ec1aaf53e320	k__Bacteria; p__Gemmatimonadetes; c__Gemmatimonadetes; o__Gemmatimonadales; f__A1-B1; g__; s__	0.8
8ce61b28d1ba5ae14271e186ef0677b2	k__Bacteria; p__Bacteroidetes; c__Flavobacteriia; o__Flavobacteriales; f__Cryomorphaceae; g__Fluviicola; s__	1.0
6cba1b88a465aac72c5d1a29cedd25a6	Unassigned	0.0
77b4b1b941116529911292712330a3d6	k__Bacteria; p__Bacteroidetes; c__Flavobacteriia; o__Flavobacteriales; f__Cryomorphaceae; g__Fluviicola; s__	1.0
0bf997746405765fff8d1f5ac80375bf	k__Bacteria; p__Planctomycetes; c__Planctomycetia; o__Pirellulales; f__Pirellulaceae; g__; s__	1.0
370620ed10512f6cb6882768b937aaa8	k__Bacteria; p__Bacteroidetes; c__Sphingobacteriia; o__Sphingobacteriales; f__; g__; s__	1.0
5704701cf54afb2fea5a270ee46f4e97	Unassigned	0.0
5f30f2d8b8ff17e7ef1ad96778285a7c	k__Bacteria; p__Firmicutes; c__Clostridia; o__Clostridiales; f__; g__; s__	1.0
d1aec5232446f62c212d14f774d05c19	k__Bacteria; p__Proteobacteria; c__Deltaproteobacteria; o__Myxococcales; f__; g__; s__	1.0
bf823bb8f16b4d423c76b49d1ffb79f7	k__Bacteria; p__Proteobacteria; c__Betaproteobacteria; o__Rhodocyclales; f__Rhodocyclaceae	0.9
5f1ed7690c51c451e323e529a8480a25	k__Bacteria; p__Proteobacteria; c__Alphaproteobacteria; o__; f__; g__; s__	1.0
20e764a6945b24b4e9ee6ad43025814d	k__Bacteria; p__Bacteroidetes; c__Bacteroidia; o__Bacteroidales	1.0
a26cd3a84b5860f4bb2bf6f56ab189d4	k__Bacteria; p__Proteobacteria; c__Betaproteobacteria; o__; f__; g__; s__	0.9
2af32f4fd07f028850f437733c8d7ad3	k__Bacteria; p__Planctomycetes; c__Planctomycetia; o__Pirellulales; f__Pirellulaceae; g__; s__	1.0
d66dc9df61d2bcb6c3311b98927a40f5	k__Archaea; p__Euryarchaeota; c__Methanobacteria; o__Methanobacteriales; f__; g__; s__	0.75
0e9276b4d49e39b9a0b68d215ad6ae98	k__Bacteria; p__Proteobacteria; c__Gammaproteobacteria; o__Legionellales; f__Coxiellaceae; g__; s__	1.0
e9e38e6b7260a30ae7459ab1ac2e601e	k__Bacteria; p__Proteobacteria; c__Alphaproteobacteria; o__BD7-3; f__; g__; s__	1.0
0e71d912c920c2d68839169d9536de4a	k__Bacteria; p__Cyanobacteria; c__Chloroplast; o__Streptophyta; f__; g__; s__	0.9
412c88602cc6f0e30da014f1a1272acd	k__Bacteria; p__Proteobacteria; c__Betaproteobacteria; o__Methylophilales; f__Methylophilaceae; g__; s__	0.8
f7c296c1eb8121e31e47cc09e1443c6f	k__Bacteria; p__Proteobacteria	0.6
42305c457bccd200f3ad7d628a0fcb0c	k__Bacteria; p__Proteobacteria; c__Alphaproteobacteria; o__Rickettsiales; f__; g__; s__	1.0
b071e7e8b9cb5121d69b9152b3701772	Unassigned	0.0
553dd2e5b4638faad5aa90ec837b4f06	k__Bacteria; p__Armatimonadetes; c__[Fimbriimonadia]; o__[Fimbriimonadales]; f__[Fimbriimonadaceae]; g__; s__	0.9
7a4a18f10f7d22cb4f88c9bd5f329a58	k__Bacteria; p__Proteobacteria; c__Betaproteobacteria; o__SC-I-84; f__; g__; s__	1.0
9ec0ac8caf494fee110c3faba0aa5cd6	k__Bacteria; p__Proteobacteria; c__Gammaproteobacteria; o__Alteromonadales; f__211ds20; g__; s__	1.0
c8cd67430d3d280b46305889cd51e448	k__Bacteria; p__Firmicutes; c__Clostridia; o__Clostridiales; f__; g__; s__	0.6
6a6a183f3f6672cd605257fb8e06279f	k__Bacteria; p__Proteobacteria; c__Alphaproteobacteria; o__Rhodobacterales; f__Rhodobacteraceae; g__Rhodobacter; s__	0.8
732aace54fbf46a6a2df0639cef41d67	k__Bacteria; p__Planctomycetes; c__Planctomycetia; o__Pirellulales; f__Pirellulaceae; g__; s__	1.0
80de0bd8fd6d1c9fe0be07a09717adb6	k__Bacteria; p__Actinobacteria; c__Acidimicrobiia; o__Acidimicrobiales; f__ntu14; g__; s__	1.0
9cba1e205b4c3eb7d516b7e53b747b63	k__Bacteria; p__Proteobacteria; c__Gammaproteobacteria; o__Methylococcales; f__Crenotrichaceae; g__Crenothrix; s__	0.8
acce46feb98bfd2f162e77be6ca96194	k__Bacteria; p__Proteobacteria; c__Alphaproteobacteria; o__Rhizobiales; f__Hyphomicrobiaceae; g__Hyphomicrobium; s__	0.8
eba77b697053799eb7c0a711401aad5d	k__Bacteria; p__Chlamydiae; c__Chlamydiia; o__Chlamydiales	0.8
b513d2441d4b25ae87acd4544391349b	k__Bacteria; p__Proteobacteria; c__Betaproteobacteria; o__Burkholderiales; f__Comamonadaceae; g__; s__	0.6
c8d260a1c545800f8b55e74fc594fe80	k__Bacteria; p__Proteobacteria; c__Betaproteobacteria; o__Procabacteriales; f__Procabacteriaceae; g__; s__	0.9
e47c1a1fb05caf02479a7cc5843c1914	k__Bacteria; p__Proteobacteria; c__Betaproteobacteria; o__Procabacteriales; f__Procabacteriaceae; g__; s__	1.0
a3147db94c1521f71c6d50c35c2948bd	k__Bacteria; p__Proteobacteria; c__Deltaproteobacteria; o__Desulfobacterales; f__Desulfobulbaceae; g__; s__	0.6
17cb39641ead462d9cd85148c28b548e	k__Bacteria; p__Proteobacteria; c__Alphaproteobacteria; o__Rhizobiales; f__; g__; s__	0.7
b8136527494d0b45f23f6a44dc427875	k__Bacteria; p__Proteobacteria; c__Alphaproteobacteria; o__Sphingomonadales; f__Sphingomonadaceae; g__; s__	0.6
d3c647a29a791b7adb9c403c1753771c	k__Bacteria; p__Gemmatimonadetes; c__Gemm-1; o__; f__; g__; s__	1.0
f5e90e83af85346138286e0e2e2ca2f1	k__Bacteria; p__Proteobacteria; c__Alphaproteobacteria; o__Rickettsiales; f__mitochondria; g__Phytophthora	0.75
16a77f7cc4b9b1d3c4d9be8cf6e16ab2	k__Bacteria; p__Proteobacteria; c__Betaproteobacteria; o__Burkholderiales; f__Comamonadaceae	1.0
5eee45d3b7a1478723e6ca64366e9d1d	k__Bacteria; p__Bacteroidetes; c__Bacteroidia; o__Bacteroidales	0.7
f0fd6a4f4a636bcd0779c5e99280afa9	k__Bacteria; p__Proteobacteria; c__Alphaproteobacteria; o__Rickettsiales; f__; g__; s__	1.0
f2f1857e70785af4eabc781c25d29727	k__Bacteria; p__Proteobacteria; c__Alphaproteobacteria; o__Caulobacterales; f__Caulobacteraceae; g__Caulobacter	0.6
2ec547a6b40eab30c104acb71b3c6507	k__Bacteria; p__Cyanobacteria; c__Oscillatoriophycideae; o__Chroococcales; f__Cyanobacteriaceae; g__; s__	0.6
a1a46823c305279277405262b94c054d	k__Bacteria; p__Proteobacteria; c__Deltaproteobacteria; o__Myxococcales; f__OM27; g__; s__	1.0
471dd02f4e3812a7614d483835476828	k__Bacteria; p__Bacteroidetes; c__[Saprospirae]; o__[Saprospirales]; f__Saprospiraceae; g__; s__	0.7
3943550250d8c4800e4916d9b0cc32cc	k__Bacteria; p__Proteobacteria; c__Alphaproteobacteria; o__Rickettsiales; f__mitochondria; g__Phytophthora	0.6
07e9ff57cd6d416872710f7e02ea3945	k__Bacteria; p__Chlamydiae; c__Chlamydiia; o__Chlamydiales	0.9
6fdaef42da4e9e906daf436f9890aeb0	k__Bacteria; p__GN02; c__BB34; o__; f__; g__; s__	0.9
430ea2ebc694ceb2235e6177b825a124	k__Bacteria; p__OD1; c__; o__; f__; g__; s__	0.7
dcd0c53e6cf9160b614e48079950ecdb	k__Bacteria; p__Bacteroidetes; c__Sphingobacteriia; o__Sphingobacteriales; f__; g__; s__	1.0
fd9672fc89041f7ba4cd20d9e589c618	k__Bacteria; p__Bacteroidetes; c__Flavobacteriia; o__Flavobacteriales; f__[Weeksellaceae]; g__Wautersiella; s__	0.6
150d2b4c24cfc086776d62bf8cfdd0e0	k__Bacteria; p__Proteobacteria; c__Deltaproteobacteria; o__Spirobacillales; f__; g__; s__	1.0
e31f992b303d1ebd08d20de1cf8caad3	k__Bacteria; p__Proteobacteria; c__Alphaproteobacteria; o__Caulobacterales; f__Caulobacteraceae; g__Asticcacaulis; s__biprosthecium	0.6
5db192ba9c929a91a1481f45c91bd2ff	k__Bacteria; p__Proteobacteria; c__TA18; o__CV90; f__; g__; s__	1.0
d78e52cd5d624b083a61e9be3768c8da	k__Bacteria; p__Verrucomicrobia; c__Verrucomicrobiae; o__Verrucomicrobiales; f__Verrucomicrobiaceae; g__Prosthecobacter; s__	0.7
71a3707d0335677ee81a1a9706fa0d18	k__Bacteria; p__Proteobacteria; c__Betaproteobacteria; o__SC-I-84; f__; g__; s__	0.8
cc8eeb61a0b132a9ecd1b5995aabf500	k__Bacteria; p__Proteobacteria; c__Alphaproteobacteria; o__BD7-3; f__; g__; s__	0.6
48223b50e09ba8e9acefef107d2d56f9	k__Bacteria; p__Proteobacteria; c__Betaproteobacteria	1.0
2a34027d280b4401246d36d4dedcb752	k__Bacteria; p__Proteobacteria; c__Deltaproteobacteria; o__Desulfobacterales; f__Desulfobulbaceae; g__; s__	0.6
087e1c1a9a70d895baa49cbdc569f502	k__Bacteria; p__Proteobacteria; c__Betaproteobacteria; o__Thiobacterales; f__; g__; s__	0.9
ebbd139a18d3999cbf18d8c5a4e2eef9	k__Bacteria; p__Proteobacteria; c__Alphaproteobacteria; o__Sphingomonadales; f__; g__; s__	1.0
38e960d1a7be2108feaa0313b09f7ae1	k__Bacteria; p__Verrucomicrobia; c__[Spartobacteria]; o__[Chthoniobacterales]; f__[Chthoniobacteraceae]; g__Candidatus Xiphinematobacter; s__	0.9
f8d36ad7369db19d1249a9326b8824b6	k__Bacteria; p__Proteobacteria; c__Alphaproteobacteria; o__Rhodospirillales; f__Rhodospirillaceae; g__Phaeospirillum; s__fulvum	0.6
388a6a43d52d0b52beed72401d61db79	k__Bacteria; p__Planctomycetes; c__OM190; o__agg27; f__; g__; s__	1.0
0703ae8befa07c4e9ca7b5d720fd54ea	k__Bacteria; p__Bacteroidetes; c__Sphingobacteriia; o__Sphingobacteriales; f__; g__; s__	0.7
7125198c801f7b7f618d52961e654441	k__Bacteria; p__Verrucomicrobia; c__[Spartobacteria]; o__[Chthoniobacterales]; f__[Chthoniobacteraceae]; g__; s__	0.6
627e5b27b3a763f174c0fa9bcc04c135	k__Bacteria; p__Proteobacteria; c__Deltaproteobacteria; o__Spirobacillales; f__; g__; s__	1.0
bf6a11ab0f9538b9a57a0d4ef3dd283a	k__Bacteria; p__Proteobacteria; c__Gammaproteobacteria; o__Xanthomonadales; f__Xanthomonadaceae; g__; s__	0.9
5e738706e483266418b603fce64ce8c4	k__Bacteria; p__Actinobacteria; c__Acidimicrobiia; o__Acidimicrobiales; f__C111; g__; s__	0.9
254e2fe41b1fb2fb5cf03daa0a1a0c61	k__Bacteria; p__Spirochaetes; c__Spirochaetes; o__Spirochaetales; f__Spirochaetaceae; g__; s__	1.0
33d13169cf474e203906f272535175bb	k__Bacteria; p__Proteobacteria; c__Gammaproteobacteria; o__Methylococcales; f__Methylococcaceae; g__Methylocaldum; s__	0.8
8417ab02a8811428e17bd3d8b0b4393b	k__Bacteria; p__Firmicutes; c__Clostridia; o__Clostridiales; f__; g__; s__	0.9
df5d9451d3dc88548c9798090bf711f8	k__Bacteria; p__Proteobacteria; c__Deltaproteobacteria; o__Myxococcales; f__; g__; s__	1.0
eab006126ae998d4807ff5c91c3297ee	k__Bacteria	1.0
1f147d2813c5707508449fd6efb2dd95	k__Bacteria; p__Proteobacteria; c__Alphaproteobacteria; o__BD7-3; f__; g__; s__	1.0
f2af71a1b1237b5dad8ae79e85c56a39	k__Bacteria; p__Firmicutes; c__Clostridia; o__Clostridiales; f__Ruminococcaceae; g__; s__	1.0
cf193f54bdbaa232ccd6968e42c2bc2e	k__Bacteria; p__Proteobacteria; c__Alphaproteobacteria; o__Sphingomonadales; f__Erythrobacteraceae; g__; s__	0.7
5dd64ab04d86f3e73bcce6499f6b87ce	k__Bacteria; p__Proteobacteria; c__Betaproteobacteria; o__Neisseriales; f__Neisseriaceae	0.6363636363636364
67c405687641330bc23dabe3b607d40d	k__Bacteria; p__Verrucomicrobia; c__[Pedosphaerae]; o__[Pedosphaerales]; f__; g__; s__	0.7
debbbf9d9baa69c7a76e50467e3748ee	k__Bacteria; p__Bacteroidetes; c__[Saprospirae]; o__[Saprospirales]; f__Chitinophagaceae; g__; s__	1.0
e4c9d0652a9f7036191aec0493720169	k__Bacteria; p__Proteobacteria; c__Deltaproteobacteria; o__Syntrophobacterales; f__Syntrophobacteraceae	1.0
710a76c2fa7732227c900611f6842f85	k__Bacteria; p__Cyanobacteria; c__Chloroplast; o__Chlorophyta; f__Chlamydomonadaceae	0.6
1bd0390c5eadca40a2f09d8911ae5131	k__Bacteria; p__Bacteroidetes; c__Flavobacteriia; o__Flavobacteriales; f__[Weeksellaceae]; g__Chryseobacterium; s__	1.0
c57f0a10f6ddf5b32f11645bea078285	k__Bacteria; p__Acidobacteria	1.0
fd6958cec60a0268484cdd167a64b12f	k__Bacteria; p__OD1; c__ZB2; o__; f__; g__; s__	1.0
9858776885fa4110a8598ae2b444670e	k__Bacteria; p__Cyanobacteria; c__Chloroplast; o__Cryptophyta; f__; g__; s__	0.6
17080e6cef6b64d4ceb58ddaf85624d2	k__Bacteria; p__Planctomycetes; c__Planctomycetia; o__Pirellulales; f__Pirellulaceae; g__; s__	1.0
51f38b0c3dcee6bc512cd41bd1741e30	k__Bacteria; p__Bacteroidetes; c__[Saprospirae]; o__[Saprospirales]	0.7
19d3ca89b939e360fa314ddd466ab5bc	k__Bacteria; p__Proteobacteria; c__Alphaproteobacteria; o__Rickettsiales; f__Rickettsiaceae; g__; s__	0.8
ccc6a5f47ea47d7b9bed85cf6f957f8c	k__Bacteria; p__Proteobacteria; c__Alphaproteobacteria; o__; f__; g__; s__	1.0
48c2acc07ab099679cc5bffb6fae5181	k__Bacteria; p__Firmicutes; c__Clostridia; o__Clostridiales; f__; g__; s__	1.0
7c738adde79daf6bbc86cd54a9121ab7	k__Bacteria; p__WPS-2; c__; o__; f__; g__; s__	1.0
49865e23359c2c82f25bc467159cb222	k__Bacteria; p__Proteobacteria; c__Alphaproteobacteria; o__Sphingomonadales; f__Sphingomonadaceae; g__; s__	0.9
d8b572fb1088f17a8be7aeea96bd0bcf	k__Bacteria; p__Proteobacteria; c__Gammaproteobacteria	0.9
02644fba0d0e0105179accb8de8e7611	k__Bacteria; p__Planctomycetes; c__Phycisphaerae; o__Phycisphaerales; f__; g__; s__	1.0
9e7ca9c0f15943335c5f5cdf07cbb17e	k__Bacteria; p__Proteobacteria; c__Betaproteobacteria; o__Burkholderiales; f__Comamonadaceae; g__; s__	0.7
c25fcf7259a9942a56398ed4d68cd39f	k__Bacteria; p__Proteobacteria; c__Gammaproteobacteria; o__Legionellales; f__Coxiellaceae; g__Rickettsiella; s__	1.0
77783b1ea7693fc8c7f0e8c536b74692	k__Bacteria; p__Verrucomicrobia; c__[Spartobacteria]; o__[Chthoniobacterales]; f__[Chthoniobacteraceae]; g__Candidatus Xiphinematobacter; s__	0.9
e3c0880ce4c9093f4228d17ccc9c2230	k__Bacteria; p__Proteobacteria; c__Gammaproteobacteria; o__Alteromonadales; f__[Chromatiaceae]; g__Rheinheimera; s__	1.0
81c161927efa55d3211f875bbcb54513	k__Bacteria; p__Verrucomicrobia; c__Opitutae; o__Opitutales; f__Opitutaceae; g__Opitutus; s__	0.7
0eb9cc30e6b629dbf30441b332cab384	k__Bacteria; p__Cyanobacteria; c__4C0d-2; o__MLE1-12; f__; g__; s__	0.8
bc4782a61d472b0ae9dc4fc29e779aa2	k__Bacteria; p__Proteobacteria; c__Alphaproteobacteria; o__Rhizobiales; f__Rhizobiaceae; g__Agrobacterium; s__	0.7
d4db67ba9866a4a1eb9db909e81b4be1	k__Bacteria; p__Proteobacteria; c__Alphaproteobacteria; o__Ellin329; f__; g__; s__	0.8
39532adb422d105e58e1dcce646a97b0	k__Bacteria; p__Chlorobi; c__OPB56; o__; f__; g__; s__	1.0
10d0206b2a8050d075de2f3df9993da7	k__Bacteria; p__Bacteroidetes; c__Sphingobacteriia; o__Sphingobacteriales; f__; g__; s__	1.0
a99c7e263db17a6211f28722f19f227a	k__Bacteria; p__Proteobacteria; c__Alphaproteobacteria; o__Rhizobiales; f__Rhizobiaceae; g__Agrobacterium; s__	0.9
cbedddb3b385d3d738f9dd99998f38f7	k__Bacteria; p__Proteobacteria; c__Alphaproteobacteria; o__Rhodobacterales; f__Rhodobacteraceae; g__Rhodobacter; s__	0.8
5d4f2978041bb390514a697fd1f1a523	k__Bacteria; p__Proteobacteria; c__Alphaproteobacteria; o__Rhodospirillales; f__Rhodospirillaceae; g__; s__	0.7
e437be3bb80c52affa1cc7c8ff1cd09b	k__Bacteria; p__Proteobacteria	0.8
3c659f04303884a29ed6d64d84eb93a5	k__Bacteria; p__Proteobacteria; c__Betaproteobacteria; o__Burkholderiales; f__Oxalobacteraceae; g__Polynucleobacter; s__cosmopolitanus	0.8
084b1fd9160790f30239184d3359bd06	k__Bacteria; p__Bacteroidetes; c__[Saprospirae]; o__[Saprospirales]; f__Saprospiraceae; g__; s__	1.0
2afebbba513af33d75249bd812072b9b	k__Bacteria; p__Planctomycetes; c__Planctomycetia; o__Pirellulales; f__Pirellulaceae; g__; s__	1.0
39dc89ec4246b6af60eb95517919cd5c	k__Bacteria; p__Bacteroidetes; c__Sphingobacteriia; o__Sphingobacteriales; f__; g__; s__	0.6
84821a93e9f46ad11be6f1475c3e3350	k__Bacteria; p__Actinobacteria; c__Actinobacteria; o__Actinomycetales; f__Mycobacteriaceae; g__Mycobacterium; s__	1.0
50d3148a6dff2fb31ab816d056f8eb33	k__Bacteria; p__OP3; c__BD4-9; o__; f__; g__; s__	1.0
aef6b2048c22f7ac4e7087a5a74e3393	k__Bacteria; p__Proteobacteria; c__Alphaproteobacteria	1.0
d027cdf1518b3624f755d3be23da1bc5	k__Bacteria; p__TM6; c__SJA-4; o__; f__; g__; s__	0.6
07478b94afd2422cc004f343e4b5298e	k__Bacteria; p__Proteobacteria; c__Deltaproteobacteria; o__Myxococcales; f__; g__; s__	0.8
6a7bfe2bce2c99e6e0edd28107d5c64e	k__Bacteria; p__Firmicutes; c__Clostridia; o__Clostridiales; f__Veillonellaceae; g__; s__	1.0
8795d88ca5427e8363afb1bc5e7b025a	k__Bacteria; p__Proteobacteria; c__Deltaproteobacteria; o__Desulfobacterales; f__Desulfobulbaceae; g__; s__	0.9
a19ca60cd4404083964029a0ff8e78f2	k__Bacteria; p__Proteobacteria; c__Betaproteobacteria; o__Procabacteriales; f__Procabacteriaceae; g__; s__	0.9
004bd5ab9f94d18d3911b6bbb3422b32	k__Bacteria; p__Firmicutes; c__Clostridia; o__Clostridiales; f__Ruminococcaceae; g__; s__	0.9
86511c4f203ddedeb55b4d803a3d807e	Unassigned	0.0
9a2cc6fd98f0782e70037b7ff3888ba0	k__Bacteria; p__Cyanobacteria; c__4C0d-2	0.5714285714285714
36ce6522430bf9cfd2c125a4e1804d13	k__Bacteria; p__Proteobacteria; c__Alphaproteobacteria; o__; f__; g__; s__	0.7
157d00342e58efa573222da54b023bb8	k__Bacteria	1.0
72350137e13233bff98141fb01326504	k__Bacteria; p__Proteobacteria; c__Alphaproteobacteria; o__Rhodospirillales; f__Rhodospirillaceae; g__Magnetospirillum; s__	1.0
eaa6b180288c24b24fada014f2523545	k__Bacteria; p__Proteobacteria; c__Betaproteobacteria; o__Burkholderiales; f__Comamonadaceae	1.0
1241e53d441439707c68f719cf3dcbdd	k__Bacteria; p__Cyanobacteria; c__Chloroplast; o__Chlorophyta; f__Chlamydomonadaceae	0.6
b0f2c4f972c13fe86d7f28de7e1873b4	k__Bacteria; p__Proteobacteria; c__Gammaproteobacteria; o__Enterobacteriales; f__Enterobacteriaceae	0.5454545454545454
e35f0e1997a56c52995346897a590045	Unassigned	0.0
be06ed4d04ddec3c0a72c5569bbfa6c3	k__Bacteria; p__Chloroflexi; c__Chloroflexi; o__[Roseiflexales]; f__; g__; s__	0.9
544ffd50d3599e1d686c909d5f845107	k__Bacteria; p__Proteobacteria; c__Alphaproteobacteria; o__Rickettsiales; f__mitochondria; g__Phytophthora	0.6
2dd65c5a2b34388f5786e5667912e0df	k__Bacteria; p__TM6; c__SBRH58; o__; f__; g__; s__	0.7
53ca8c1a63391ce710fd1bef05fec42a	k__Bacteria; p__Proteobacteria; c__Deltaproteobacteria; o__MIZ46; f__; g__; s__	1.0
55e81944bf9b655abfce5ffa343e1e4c	k__Bacteria; p__Firmicutes; c__Clostridia; o__Clostridiales; f__[Mogibacteriaceae]; g__; s__	0.9
9a5b807abf9a82c0a70ade6b45dea81f	k__Archaea; p__[Parvarchaeota]; c__[Parvarchaea]; o__YLA114; f__; g__; s__	0.8
d12bfaadac495d3457a2d9eb8a34513e	k__Bacteria; p__Proteobacteria; c__Alphaproteobacteria; o__Rhizobiales; f__Hyphomicrobiaceae; g__Pedomicrobium; s__	0.6
a2131c6dc10e297a978745fbbbc16f4c	k__Bacteria; p__Bacteroidetes; c__Sphingobacteriia; o__Sphingobacteriales; f__; g__; s__	1.0
bfe574643ff9c39e01cac7c708bf7369	k__Bacteria; p__Lentisphaerae; c__[Lentisphaeria]; o__Z20; f__; g__; s__	0.6
260da70d2cb343579674876c0d355be4	k__Bacteria; p__Proteobacteria; c__Gammaproteobacteria; o__Xanthomonadales; f__Xanthomonadaceae; g__; s__	1.0
f50694a59ac5b4559cf4af7e825bd1a2	k__Bacteria; p__OD1; c__ZB2; o__; f__; g__; s__	1.0
3a4d2a87b22f732a7f3596736ba80e47	k__Bacteria; p__Proteobacteria; c__Betaproteobacteria; o__Burkholderiales; f__Alcaligenaceae; g__; s__	1.0
719ab6dac8b9ef16c5a7ed6ca61d1156	Unassigned	0.0
ca40a0c2fb6ae44156c032ec7728346b	k__Bacteria; p__Proteobacteria; c__Betaproteobacteria; o__Ellin6067; f__; g__; s__	0.6
aa3b544a36f9a8aa3fb01f47b2254c21	k__Bacteria; p__Planctomycetes; c__OM190; o__CL500-15; f__; g__; s__	1.0
87185451b4365a3b72a8ddc0a2a5a8ec	k__Bacteria; p__Proteobacteria; c__Alphaproteobacteria; o__Rickettsiales; f__mitochondria	0.8333333333333334
8ef4de8d98c2559e7c82912025a304d9	k__Bacteria; p__Proteobacteria; c__Alphaproteobacteria; o__Rhizobiales; f__; g__; s__	0.9
506f148ecfa04d4da85b63a29eb35811	k__Bacteria; p__Proteobacteria; c__Alphaproteobacteria; o__Rhodospirillales; f__Acetobacteraceae; g__; s__	0.9
1f1d29b8940983563159940cb9af5ce2	k__Bacteria; p__Acidobacteria; c__DA052; o__Ellin6513; f__; g__; s__	0.6666666666666666
bb48dec78368e4ab59bc3b844f36835c	k__Bacteria; p__Bacteroidetes; c__[Saprospirae]; o__[Saprospirales]; f__Saprospiraceae; g__; s__	1.0
b0e8b84adba50191dfc85be89602721f	k__Bacteria; p__Proteobacteria; c__Alphaproteobacteria; o__; f__; g__; s__	1.0
d17ec0f1d0ec1789abddb876011c9aa4	k__Bacteria; p__Planctomycetes; c__Planctomycetia; o__Pirellulales; f__Pirellulaceae; g__; s__	1.0
f91e9f460f00636cc6050659004f1b60	k__Bacteria; p__Proteobacteria; c__Gammaproteobacteria; o__Xanthomonadales; f__Xanthomonadaceae; g__; s__	1.0
02302755e4514bff97aed96e63b563ad	k__Bacteria; p__Proteobacteria; c__Alphaproteobacteria; o__Rhodobacterales; f__Hyphomonadaceae; g__Hyphomonas; s__	1.0
3ff6dd2b17e764c3c59ac770835b8903	k__Bacteria; p__Chloroflexi; c__Anaerolineae; o__GCA004; f__; g__; s__	1.0
e80b95b7e92c9bdff5470de89056429b	k__Bacteria; p__Proteobacteria; c__Alphaproteobacteria; o__Rickettsiales; f__; g__; s__	1.0
7df73b9a84000592d4f544de8d36b1e0	k__Bacteria; p__Proteobacteria; c__Deltaproteobacteria	0.8
46cea690ba64bdffa2c9955f165b1cf3	k__Bacteria; p__Cyanobacteria; c__Synechococcophycideae; o__Synechococcales; f__Synechococcaceae; g__Synechococcus; s__	1.0
7bd7145dbc43446e3a2d2a00fd2dfd27	k__Bacteria; p__Proteobacteria; c__Deltaproteobacteria; o__PB19; f__; g__; s__	1.0
9c73186764b1146186e0e88905c14747	Unassigned	0.0
ab2ff383999b017c63a7aa9aede57146	k__Bacteria; p__SR1; c__; o__; f__; g__; s__	1.0
1c378c87b25143a3b95f942b83991a77	k__Bacteria; p__Proteobacteria; c__Deltaproteobacteria; o__Myxococcales; f__OM27; g__; s__	1.0
9fc2cefc28ed47c02d641c8a89219f89	k__Bacteria; p__WPS-2; c__; o__; f__; g__; s__	1.0
585d2b32fcbd78706f186b6cb3c79cd6	k__Bacteria; p__Actinobacteria; c__OPB41; o__; f__; g__; s__	1.0
517a9c435e5b9895105e5a810715e3b5	k__Bacteria; p__Proteobacteria; c__Betaproteobacteria; o__Burkholderiales	1.0
e5ca560d677df1ea1bc38ed131f2abc2	k__Bacteria; p__Proteobacteria; c__Betaproteobacteria; o__Procabacteriales; f__Procabacteriaceae; g__; s__	1.0
ba8e24c35da68be30db2aaf3103baa2c	k__Bacteria; p__Cyanobacteria; c__Synechococcophycideae; o__Pseudanabaenales; f__Pseudanabaenaceae; g__Pseudanabaena; s__	1.0
e4076bc5a0ad36565a1f37c6e6052c3c	k__Bacteria; p__Bacteroidetes; c__Bacteroidia; o__Bacteroidales; f__Prevotellaceae; g__Prevotella; s__	1.0
10c3ab3709659ba81556ed8a969788e9	k__Bacteria; p__Cyanobacteria; c__Nostocophycideae; o__Nostocales; f__Nostocaceae; g__Anabaena	0.6
c69c6fa5a4cf2ac44c2bff246feec73a	k__Archaea; p__Euryarchaeota; c__Methanomicrobia; o__Methanomicrobiales; f__Methanoregulaceae; g__Candidatus Methanoregula; s__	1.0
9df595cc64847bba2dc4a1ea9ef686cf	k__Bacteria; p__Proteobacteria; c__Betaproteobacteria; o__Neisseriales; f__Neisseriaceae; g__Vogesella; s__	0.9
46cbe480592dd53c782c505904b65ec8	k__Bacteria; p__Proteobacteria; c__Alphaproteobacteria; o__Rhodobacterales; f__Rhodobacteraceae; g__; s__	0.6
82f1a64bd41d30436059544e5a557beb	k__Bacteria; p__Armatimonadetes; c__[Fimbriimonadia]; o__[Fimbriimonadales]; f__[Fimbriimonadaceae]; g__; s__	0.6
71d2abf127c0858d08d6bb89964cc106	k__Bacteria; p__Proteobacteria; c__Gammaproteobacteria; o__Xanthomonadales; f__Sinobacteraceae; g__Nevskia; s__ramosa	0.7
2261e2874991711f06e46d4f886abce0	k__Bacteria; p__Proteobacteria; c__Alphaproteobacteria; o__Rhodospirillales; f__Rhodospirillaceae; g__; s__	0.7
d2fc042c33b6bf2dc4c3636cf35c7610	k__Bacteria; p__Bacteroidetes; c__[Saprospirae]; o__[Saprospirales]; f__Saprospiraceae; g__; s__	1.0
70e5807b173560378735912c0a6b3110	k__Bacteria; p__GN02; c__3BR-5F; o__; f__; g__; s__	1.0
3624cb723197fb7d987124703bad76bc	k__Bacteria; p__Proteobacteria; c__Gammaproteobacteria; o__Pseudomonadales; f__Moraxellaceae; g__Perlucidibaca; s__	0.9
fe0b20c2c3966cb17e1c773c4df0397a	k__Bacteria; p__Proteobacteria; c__Alphaproteobacteria; o__Sphingomonadales; f__Sphingomonadaceae	0.8
26ab64983a24241803faefe27d5a7d7a	k__Bacteria; p__Actinobacteria; c__Actinobacteria; o__Actinomycetales; f__Microbacteriaceae	0.6
ed950ae50c92e317f20231b224d6b2fc	k__Bacteria; p__Bacteroidetes; c__Cytophagia; o__Cytophagales; f__Cytophagaceae; g__; s__	1.0
e42d0a156e57c85a793885f1cfdc196a	k__Bacteria; p__Proteobacteria; c__Betaproteobacteria; o__Rhodocyclales; f__Rhodocyclaceae; g__; s__	0.6
87264e26b8c20a11f9a14e5952371b30	k__Bacteria; p__Actinobacteria; c__Actinobacteria; o__Actinomycetales; f__; g__; s__	1.0
ab86b6716ae1438964447450b3334f75	k__Bacteria; p__Proteobacteria; c__Betaproteobacteria; o__Methylophilales; f__Methylophilaceae; g__; s__	0.8
1f9fa20b87be5b97d16178615eff39b5	k__Bacteria; p__Nitrospirae; c__Nitrospira; o__Nitrospirales; f__[Thermodesulfovibrionaceae]; g__GOUTA19; s__	1.0
d6d1e47811ee77c5723588066934cf4a	k__Bacteria; p__Proteobacteria; c__Gammaproteobacteria; o__Legionellales	0.8
632bad70e7c8f0680dd7cb51149005d0	k__Bacteria; p__Gemmatimonadetes; c__JL-ETNP-Z39; o__; f__; g__; s__	0.8
f9a70bc41129b5a95964370d75234511	Unassigned	0.0
023fea6dd857005244a0a842203ed144	k__Bacteria; p__Bacteroidetes; c__Cytophagia; o__Cytophagales; f__Cytophagaceae; g__; s__	1.0
cb13288098823fdc3879708c5d920c90	k__Bacteria; p__SR1; c__; o__; f__; g__; s__	1.0
0f8ea0a37e73868057cc0d0c03721b83	k__Bacteria; p__Proteobacteria; c__Deltaproteobacteria; o__Desulfovibrionales; f__Desulfomicrobiaceae; g__Desulfomicrobium; s__	1.0
f114b35108b84988abc4bfa5c1eb21d0	k__Bacteria; p__OP11; c__WCHB1-64; o__d153; f__; g__; s__	1.0
8debdb907bb6684aaa263d87989a1488	k__Bacteria; p__Cyanobacteria; c__Synechococcophycideae; o__Synechococcales; f__Synechococcaceae; g__Synechococcus; s__	1.0
cd448d5ed09f2ac6bc46823a66c4b9b1	k__Bacteria; p__Proteobacteria; c__Alphaproteobacteria; o__BD7-3; f__; g__; s__	1.0
8287265bf928122f53ade502194e533b	k__Bacteria; p__Proteobacteria; c__Betaproteobacteria; o__Rhodocyclales; f__Rhodocyclaceae; g__Uliginosibacterium; s__	0.9
4b901c7d88b6d32223d3991cde34e43b	k__Bacteria; p__Proteobacteria; c__Deltaproteobacteria; o__Myxococcales; f__; g__; s__	1.0
8a535aeb5029e5b262d8cbca8103c13b	k__Bacteria; p__Bacteroidetes; c__Sphingobacteriia; o__Sphingobacteriales; f__Sphingobacteriaceae; g__; s__	0.8
3fbe61f24bdfcf3176de91955c55c2a4	k__Bacteria; p__Proteobacteria; c__Alphaproteobacteria; o__Caulobacterales; f__Caulobacteraceae; g__Caulobacter	0.6
58725b7f250579fb45f14a8cdda0e1cb	k__Bacteria; p__Proteobacteria; c__Betaproteobacteria; o__Neisseriales; f__Neisseriaceae	0.8
08a33d3afe0212ba974468b7cf29243b	k__Bacteria; p__Firmicutes; c__Clostridia; o__Clostridiales; f__Peptostreptococcaceae; g__; s__	1.0
0c13b5311fdfb27cb65bf3e035add130	k__Bacteria; p__Actinobacteria; c__Actinobacteria; o__Actinomycetales; f__Mycobacteriaceae; g__Mycobacterium; s__	1.0
49b933bfe81d8d9626cb55def01f2d11	k__Bacteria; p__SAR406; c__AB16	0.5555555555555556
7b085d316c4acac154bc962ad203c724	k__Bacteria; p__Actinobacteria; c__Actinobacteria; o__Actinomycetales; f__Microbacteriaceae	0.6
8c87bb44e537bda624dc203e2f2e5b97	k__Bacteria; p__Proteobacteria; c__Alphaproteobacteria; o__Caulobacterales; f__Caulobacteraceae; g__Caulobacter	0.6
19411560762a21eac0025cff139d6057	k__Bacteria; p__Planctomycetes; c__Planctomycetia; o__Pirellulales; f__Pirellulaceae; g__; s__	1.0
90d87be0c2e0bfa758fb106794f0fff9	k__Bacteria; p__Proteobacteria; c__Betaproteobacteria; o__Burkholderiales; f__Burkholderiaceae; g__Burkholderia; s__	0.6
229a22978dd58ab038904877c5cefd7a	k__Bacteria; p__Proteobacteria; c__Gammaproteobacteria; o__Alteromonadales; f__Alteromonadaceae; g__Glaciecola; s__	0.7
7a6176033c7cea7a64666f3d42440c99	k__Bacteria; p__Proteobacteria; c__Gammaproteobacteria; o__Thiotrichales; f__Piscirickettsiaceae; g__; s__	0.6
f4fdc7b4ea3913cb526e5c5c8d73aca8	k__Bacteria; p__Bacteroidetes; c__Sphingobacteriia; o__Sphingobacteriales; f__; g__; s__	1.0
e9439fdcd49221359a0ba6340534e686	k__Bacteria; p__Proteobacteria; c__Gammaproteobacteria; o__Methylococcales; f__Methylococcaceae; g__Methylocaldum; s__	0.8
8fff763f7f0d365f510f6af389d5b79e	k__Bacteria; p__TM7; c__TM7-1; o__; f__; g__; s__	0.9
7b6a65472920433b41c7eeb63ba5b4d0	k__Bacteria; p__Fusobacteria; c__Fusobacteriia; o__Fusobacteriales; f__Fusobacteriaceae; g__u114; s__	0.9
2e0e8921b19ae15608b1a41bb93ba9fa	k__Bacteria; p__Planctomycetes; c__Planctomycetia; o__Planctomycetales; f__Planctomycetaceae; g__Planctomyces; s__	1.0
c477f05e0db6a84f6f51749341f28f29	k__Bacteria; p__Proteobacteria; c__Alphaproteobacteria; o__Rhodobacterales; f__Rhodobacteraceae; g__; s__	1.0
7c323e40fbf2a147308a9efb909f5067	k__Bacteria; p__Firmicutes; c__Clostridia; o__Clostridiales; f__Clostridiaceae; g__Clostridium; s__bowmanii	0.6
1aed20859dae08650971898299c3bf70	k__Bacteria; p__Planctomycetes; c__Planctomycetia; o__Pirellulales; f__Pirellulaceae; g__; s__	1.0
6adc3712cea5fea5831a72f7d41bacf9	k__Bacteria; p__Cyanobacteria; c__Chloroplast; o__Stramenopiles; f__; g__; s__	1.0
5e3b70b01b2f804b8d3f9da4cce143d3	k__Bacteria; p__Bacteroidetes; c__Cytophagia; o__Cytophagales; f__Cyclobacteriaceae; g__; s__	1.0
8fe57593783339e0521274f9f4ced306	k__Bacteria; p__OP3; c__BD4-9; o__; f__; g__; s__	0.9
c1e5a15a2765662a5f30b570c2e03c61	Unassigned	0.0
637990f9be0349fa073d38fd0f6d3546	k__Bacteria; p__Actinobacteria; c__Acidimicrobiia; o__Acidimicrobiales; f__C111; g__; s__	1.0
96ed905c3daad339c703a51a24454274	k__Bacteria; p__Planctomycetes; c__Planctomycetia; o__Pirellulales; f__Pirellulaceae; g__; s__	1.0
073daeabd2a7d28c64e9da4a9bd4b7cf	k__Bacteria; p__Firmicutes	0.6
93ac3d53eb08ef32560ef90be8916e4a	k__Bacteria; p__Proteobacteria; c__Gammaproteobacteria; o__Oceanospirillales; f__Halomonadaceae	1.0
db75cdf2eb3d34b0e898074d4c171bfa	k__Bacteria; p__Firmicutes; c__Clostridia; o__Clostridiales; f__Veillonellaceae; g__Anaeromusa; s__	0.7
15f2a6af0948ca3534eb7a957ecce571	k__Bacteria; p__Firmicutes; c__Clostridia; o__Clostridiales; f__Peptostreptococcaceae; g__; s__	1.0
e5dada9f3f4bc4710f9a29cafae423a8	k__Bacteria; p__Proteobacteria; c__Alphaproteobacteria; o__Rhizobiales; f__Hyphomicrobiaceae; g__Pedomicrobium; s__	0.8
4f424fb1cbefa738aa6b4a1ff09b8050	k__Bacteria; p__Proteobacteria; c__Gammaproteobacteria; o__Legionellales; f__Coxiellaceae; g__; s__	0.7
98d0b49be0b62983d55c81e77726db58	k__Bacteria; p__Proteobacteria; c__Alphaproteobacteria; o__Rickettsiales; f__Rickettsiaceae; g__Rickettsia; s__	1.0
912fcc61d83deac6029819568e2bf4b5	k__Bacteria; p__Proteobacteria; c__Gammaproteobacteria; o__Alteromonadales; f__Alteromonadaceae; g__Cellvibrio; s__	1.0
bc3724e8f6a923b3381702eab6afddb8	Unassigned	0.0
f37534e66252361afaa807cc646bf478	k__Bacteria; p__Proteobacteria; c__Gammaproteobacteria; o__Legionellales; f__Coxiellaceae; g__; s__	0.8
806104bdf5af490cbadae39647aeed7d	k__Bacteria; p__Proteobacteria; c__Alphaproteobacteria; o__Rickettsiales; f__; g__; s__	1.0
a231c9a17c0f5669d6e9243281d3c22b	k__Bacteria; p__Proteobacteria; c__Alphaproteobacteria; o__Rhizobiales; f__; g__; s__	1.0
c4e27690edfcca29600cd6b7d53e98f5	k__Bacteria; p__Bacteroidetes	1.0
93bb2887b8874e5246b27a2894684bdd	k__Bacteria; p__Proteobacteria; c__Deltaproteobacteria; o__Myxococcales; f__; g__; s__	1.0
30eeb7963feb6ec34b01723f11cb945b	k__Bacteria; p__Proteobacteria; c__Gammaproteobacteria; o__Legionellales; f__Legionellaceae	1.0
88b2697b7dbc8a525662f57359dec9a4	k__Bacteria; p__Cyanobacteria; c__Chloroplast; o__Stramenopiles; f__; g__; s__	1.0
d54665ae7a69e3bb57732931f96843e4	k__Bacteria; p__Proteobacteria; c__Alphaproteobacteria; o__Sphingomonadales; f__Sphingomonadaceae	0.9
1d3a30a51db74acd94f115e2b3febc95	k__Bacteria; p__Proteobacteria; c__Alphaproteobacteria; o__Rhodospirillales; f__; g__; s__	1.0
10032193a2517869fbf017431806bf7b	k__Bacteria; p__Bacteroidetes; c__[Saprospirae]; o__[Saprospirales]; f__Chitinophagaceae; g__; s__	0.7
a2b8a25e6f2da38c371a5f356a2f990c	k__Bacteria; p__Proteobacteria; c__Gammaproteobacteria; o__Pseudomonadales; f__Moraxellaceae; g__Acinetobacter; s__schindleri	0.9
e21b8db1ae2394b52eb35cdd00558ef3	Unassigned	0.0
d1c27e531574dcae90fe13a7fa4c9d05	k__Bacteria; p__Planctomycetes; c__Planctomycetia; o__Pirellulales; f__Pirellulaceae; g__; s__	1.0
964dedbc6532af40a10aeb4d5b05abb6	k__Bacteria; p__OD1; c__ZB2; o__; f__; g__; s__	1.0
a0899d9d9def0b558c2283ce3eb77b2c	k__Bacteria; p__Proteobacteria; c__Alphaproteobacteria	0.9
890a3dfbe16340f792ac50b5e2de1638	k__Bacteria; p__Firmicutes; c__Clostridia; o__Clostridiales	0.9
a6fe3759b8fe19c9ad4e2d7e687d44e4	k__Bacteria; p__Bacteroidetes; c__Bacteroidia; o__Bacteroidales; f__S24-7; g__; s__	1.0
019b013e7a3c591ae2921715cf487b09	k__Bacteria; p__Bacteroidetes; c__Flavobacteriia; o__Flavobacteriales; f__Cryomorphaceae; g__Fluviicola; s__	1.0
4f5e998ed8ed4967df3b8dd95094baab	k__Bacteria; p__Cyanobacteria; c__Nostocophycideae; o__Nostocales; f__Nostocaceae	1.0
e81a0eceb0b43764d3013ecbbb552dd6	k__Bacteria; p__Proteobacteria; c__Alphaproteobacteria; o__Rickettsiales; f__mitochondria	1.0
98b7788f54f7da1c22b48df3e9741eea	k__Bacteria; p__Firmicutes; c__Clostridia; o__Clostridiales; f__Clostridiaceae; g__Clostridium; s__perfringens	0.9
4f21265b09e660aacc427b02c0c4ce3a	k__Bacteria; p__Verrucomicrobia; c__Opitutae; o__Opitutales; f__Opitutaceae; g__Opitutus; s__	0.9
b5926f4f5738b4071c5ef38bb386636c	k__Bacteria; p__Proteobacteria; c__Alphaproteobacteria; o__Rhodobacterales; f__Hyphomonadaceae; g__; s__	0.9
fbaa1d9c286e050bfb5e3dcf0ff57460	k__Bacteria; p__Proteobacteria; c__Alphaproteobacteria; o__Rhizobiales; f__; g__; s__	0.9
218cdd682d58845d17c26dfaec5afa60	k__Bacteria; p__Proteobacteria; c__Alphaproteobacteria; o__Rhodospirillales; f__Acetobacteraceae	0.7
6568055ab24c05d1dd8f2ad748a91198	k__Bacteria; p__Proteobacteria; c__Alphaproteobacteria; o__Sphingomonadales; f__Sphingomonadaceae	0.9
ece45ba8a7733a3cafa9f9d787f69cf0	k__Bacteria; p__Acidobacteria; c__Solibacteres; o__Solibacterales; f__; g__; s__	0.7
a0fa8ff460f922734f36a1687e22b605	k__Bacteria; p__Proteobacteria; c__Betaproteobacteria; o__Burkholderiales; f__Comamonadaceae; g__Hydrogenophaga; s__	0.7
96bed8d80e2aa49b0b0209994d9f2f17	k__Bacteria; p__Proteobacteria; c__Alphaproteobacteria	0.6
e415e80de1dd72174a8f868467ca172a	k__Bacteria; p__Proteobacteria; c__Betaproteobacteria; o__Burkholderiales; f__; g__; s__	0.7
d8f61d76895e2904985671f99780f046	k__Bacteria; p__Proteobacteria; c__Alphaproteobacteria; o__Rhodobacterales; f__Rhodobacteraceae	1.0
d8c34ee856245f2319147733d0fc3800	k__Bacteria; p__Verrucomicrobia; c__Verrucomicrobiae; o__Verrucomicrobiales; f__Verrucomicrobiaceae; g__Luteolibacter; s__	0.7
4175077876c4ed5df1713f62214ad586	k__Bacteria; p__Proteobacteria; c__Gammaproteobacteria; o__Methylococcales; f__Methylococcaceae; g__Methylocaldum; s__	0.9
efd3147f42732dcdfcc663c84b413ad8	k__Bacteria; p__Actinobacteria; c__Actinobacteria; o__Actinomycetales; f__Micrococcaceae	1.0
7d7407151f445828b43514921de64ea8	k__Bacteria; p__Proteobacteria; c__Alphaproteobacteria; o__Rickettsiales; f__; g__; s__	0.9
8c1afbc368516e2d7cf5d839f0475d1c	k__Bacteria; p__OD1; c__ABY1; o__; f__; g__; s__	1.0
4bf0b8ac9aafa7d8dfcacef4e9a408b6	k__Bacteria; p__Proteobacteria; c__Alphaproteobacteria; o__Rhodospirillales; f__Acetobacteraceae; g__; s__	0.9
66e5a460b763859997be1f190883e342	k__Bacteria; p__Bacteroidetes; c__Bacteroidia; o__Bacteroidales; f__; g__; s__	0.8
d33fff992d686975b204b484ef400220	k__Archaea; p__[Parvarchaeota]; c__[Parvarchaea]; o__WCHD3-30; f__; g__; s__	1.0
72f814c64ccdc4d80914143f33087aff	k__Bacteria; p__Bacteroidetes; c__Cytophagia; o__Cytophagales; f__Cytophagaceae; g__; s__	1.0
5b06ae09a000393cbd9911abd1ebb3fe	k__Bacteria; p__Bacteroidetes; c__Flavobacteriia; o__Flavobacteriales; f__Flavobacteriaceae; g__Flavobacterium	0.9
49397b926010f0808cfdcbb10f49abc3	k__Bacteria; p__Firmicutes; c__Bacilli; o__Lactobacillales; f__Lactobacillaceae; g__Lactobacillus; s__	0.7
0141d840f38765c933dc83cd20442652	k__Bacteria; p__Proteobacteria; c__Alphaproteobacteria; o__Rickettsiales; f__; g__; s__	0.8
dc08466ad8e950a16d597199c70f4dc2	Unassigned	0.0
f8180234bf369e578d9e524bcb4ee83a	k__Bacteria; p__Chlorobi; c__Ignavibacteria; o__Ignavibacteriales; f__Ignavibacteriaceae; g__; s__	0.7
f6682183eeb966d6160c76b021246b72	k__Bacteria; p__Bacteroidetes; c__Cytophagia; o__Cytophagales; f__Flammeovirgaceae	0.6
50d7976f8d6b03e2c140c50adcba36a4	k__Bacteria; p__Bacteroidetes; c__Bacteroidia; o__Bacteroidales; f__Porphyromonadaceae	0.6666666666666666
237efb9003ca5976e920355491599d75	k__Bacteria; p__Proteobacteria; c__Gammaproteobacteria; o__Xanthomonadales; f__Sinobacteraceae; g__Steroidobacter; s__	0.7
c9c0fcf5378d42e3d14bc5ff562ba0c1	k__Bacteria; p__Proteobacteria; c__Gammaproteobacteria; o__Methylococcales; f__Methylococcaceae; g__Methylocaldum; s__	0.7
36568393db7f627556fd5b84c3b6226f	k__Bacteria; p__Cyanobacteria; c__Chloroplast; o__Cryptophyta; f__; g__; s__	1.0
7fb9f8cbba5e97d70f8ff59cd18e890b	k__Bacteria; p__Bacteroidetes; c__Cytophagia; o__Cytophagales; f__Cytophagaceae; g__Adhaeribacter; s__	0.8
53c39f24930d3adfbc70221baa48c24a	k__Bacteria; p__Proteobacteria; c__Deltaproteobacteria; o__Bdellovibrionales; f__Bdellovibrionaceae; g__Bdellovibrio; s__	1.0
148e3f4b7a31b212e7bd832261f28651	k__Bacteria; p__Firmicutes; c__Clostridia; o__Clostridiales; f__[Mogibacteriaceae]; g__Anaerovorax; s__	1.0
8df9bbf64ab1933fb8e9039472904cc9	k__Bacteria; p__OD1; c__; o__; f__; g__; s__	0.6666666666666666
682cea79756ce54a21b2dc102aa918a9	k__Bacteria; p__Proteobacteria; c__Alphaproteobacteria; o__Sphingomonadales; f__; g__; s__	0.8
dac049b4ec0fc99fa2470ede47e23946	k__Bacteria; p__Actinobacteria; c__Actinobacteria; o__Actinomycetales; f__; g__; s__	1.0
e2d278e840e9728c9dfe025ea758bc40	k__Bacteria; p__Proteobacteria; c__Alphaproteobacteria; o__Rhodobacterales; f__Hyphomonadaceae; g__Hyphomonas; s__	1.0
f43b535448181af44fa6692a9f413f1c	k__Bacteria; p__Proteobacteria; c__Alphaproteobacteria; o__Rhodospirillales; f__Rhodospirillaceae; g__; s__	1.0
63bd9624e9599558ebe7a23344d13be1	k__Bacteria; p__Bacteroidetes; c__Flavobacteriia; o__Flavobacteriales; f__Cryomorphaceae; g__Fluviicola; s__	1.0
682a9a6db75be633bcdf4e74cd162d85	k__Bacteria; p__Cyanobacteria; c__Nostocophycideae	1.0
d887c105cf3781c8721874d2d918463e	k__Bacteria; p__Proteobacteria; c__Alphaproteobacteria; o__Rhodobacterales; f__Rhodobacteraceae; g__; s__	0.6
a01858304d036d949236b682f9ca0132	k__Bacteria; p__Bacteroidetes; c__Sphingobacteriia; o__Sphingobacteriales; f__; g__; s__	1.0
aad7799018dae7c705bbce356d273abc	Unassigned	0.0
5dce4b32b28bebe78187e81784dd538e	Unassigned	0.0
ee005f5607ab21f8c9e1aec9cfb607b5	k__Bacteria; p__Proteobacteria; c__Betaproteobacteria; o__Methylophilales; f__Methylophilaceae; g__; s__	0.6
e51deb31b5e1b7dc728b2488788e1b39	k__Bacteria; p__Proteobacteria; c__Betaproteobacteria; o__Burkholderiales; f__; g__; s__	0.7
fe0b046af4e749805c3ee2b6f42366c5	k__Bacteria; p__Chloroflexi; c__Anaerolineae; o__GCA004; f__; g__; s__	1.0
b79a1f1bc23456cd8e346d2ad8d2b614	k__Bacteria; p__Bacteroidetes; c__Cytophagia; o__Cytophagales; f__Cytophagaceae; g__Leadbetterella; s__	1.0
f34722eaebd03d3d01ac04419a3cda22	k__Bacteria; p__Proteobacteria; c__Gammaproteobacteria; o__Legionellales; f__Legionellaceae; g__; s__	1.0
8a41d5cb3f06ec23f3a0fa4ba58a7170	k__Bacteria; p__Proteobacteria; c__Alphaproteobacteria	0.9
29dd58ddefe42f8716c9ab2005b810df	k__Bacteria; p__Actinobacteria; c__Acidimicrobiia; o__Acidimicrobiales; f__C111; g__; s__	1.0
533e8db9420d3a2280e33a61ed19cbbc	k__Bacteria; p__Cyanobacteria; c__Chloroplast; o__Chlorophyta; f__Chlamydomonadaceae	0.7
ba66faeb1947d3535c0f9382d6b095e6	k__Bacteria; p__Proteobacteria; c__Alphaproteobacteria; o__Rhizobiales; f__; g__; s__	1.0
a8d132aae5f0969cf2dedc9246072afa	k__Bacteria; p__Proteobacteria; c__Gammaproteobacteria; o__HOC36; f__; g__; s__	1.0
2da9fbf3170bf2e2db53348f0f3e1af5	k__Bacteria; p__Actinobacteria; c__Acidimicrobiia; o__Acidimicrobiales; f__; g__; s__	1.0
cdbae106a25071d378e623c5585d4bf5	k__Bacteria; p__Proteobacteria; c__Alphaproteobacteria; o__Rhodospirillales; f__Rhodospirillaceae; g__; s__	0.7
ebf78a8ef8b0ef634587dbe4cfb30ee4	k__Bacteria; p__Bacteroidetes; c__Flavobacteriia; o__Flavobacteriales; f__Cryomorphaceae; g__Fluviicola; s__	1.0
34a74edac15f5a3128a4a7c57002e24e	k__Bacteria; p__GN02; c__BD1-5; o__; f__; g__; s__	1.0
450b12271b6ff4b06bf991242ada64e7	k__Bacteria; p__Proteobacteria; c__Alphaproteobacteria; o__Rhodospirillales; f__; g__; s__	1.0
88d73822b0578b6f5ddf6bf54640ba66	k__Bacteria; p__Proteobacteria; c__Alphaproteobacteria; o__Rhodospirillales; f__Rhodospirillaceae; g__; s__	1.0
1c260d1c1b00771f03c608d8a47e9c80	k__Bacteria; p__Proteobacteria; c__Alphaproteobacteria; o__Rhodobacterales	0.8
0aac79b152a1b11bde17995d105d4b52	k__Bacteria; p__Proteobacteria; c__Deltaproteobacteria; o__PB19; f__; g__; s__	1.0
5190f9e2690c19adc31ace22871fb4c7	Unassigned	0.0
f461aaeebfcace1e965d5050041b321c	k__Bacteria; p__Actinobacteria; c__Thermoleophilia; o__Solirubrobacterales; f__Conexibacteraceae; g__; s__	0.6
f88e8b43761e64b558f80a1c102aa2c5	k__Bacteria; p__Proteobacteria; c__Betaproteobacteria; o__Burkholderiales; f__Comamonadaceae; g__Methylibium	0.6
46aca008c1f89fa077e93c22714f7b2f	k__Bacteria; p__Planctomycetes; c__Planctomycetia; o__Pirellulales; f__Pirellulaceae; g__; s__	1.0
1faa18df38e8daf5c78f5496e504c8f3	k__Bacteria; p__Planctomycetes; c__OM190; o__CL500-15; f__; g__; s__	1.0
c1c9206d6edf38aca3732f5a4980d4ac	k__Bacteria; p__Proteobacteria; c__Alphaproteobacteria; o__Rhizobiales; f__Rhizobiaceae	0.7
7933d5538709f2877a549381db516892	k__Bacteria; p__Proteobacteria; c__Alphaproteobacteria; o__Caulobacterales; f__Caulobacteraceae; g__Asticcacaulis	0.9
c0233c164a9e17dc0d6796a2678d1dbf	k__Bacteria; p__Proteobacteria; c__TA18; o__PHOS-HD29; f__; g__; s__	1.0
6fc5663a34cb6f5a6f878380b14f0503	k__Bacteria; p__Proteobacteria; c__Deltaproteobacteria; o__Myxococcales; f__OM27; g__; s__	1.0
f90bd0b298a0c1f8176574788a85a1f0	k__Bacteria; p__Verrucomicrobia; c__Verruco-5; o__SS1-B-03-39; f__; g__; s__	0.8
b5dc2cc377cc87b342d0808df616f789	k__Bacteria; p__Proteobacteria; c__TA18; o__CV90; f__; g__; s__	0.9
d6a1f9b7ec35e20d273e58e69b700de3	k__Bacteria; p__Proteobacteria; c__Alphaproteobacteria; o__Sphingomonadales; f__Sphingomonadaceae; g__Novosphingobium; s__	0.6
e2cf46be3fc47a3212f96a0352d8c987	k__Bacteria; p__Bacteroidetes; c__[Saprospirae]; o__[Saprospirales]; f__Saprospiraceae; g__; s__	1.0
2e796b4a2eb0628249f136a97ce62cdd	k__Bacteria; p__Proteobacteria; c__Betaproteobacteria	1.0
c30ed2418833f1cf4501d347a2f9d9dd	k__Bacteria	1.0
3cb0a186f6a4ce78998b5a40726d1b9b	k__Bacteria; p__Proteobacteria; c__Alphaproteobacteria; o__BD7-3; f__; g__; s__	1.0
758c10e717759719f14df40904256fba	Unassigned	0.0
582f3a623ed5f6b7baec628cbebbec0a	k__Bacteria; p__Proteobacteria; c__Deltaproteobacteria; o__Bdellovibrionales; f__Bdellovibrionaceae; g__; s__	1.0
b115ebab33b185add33fde6e950330d0	k__Bacteria; p__Planctomycetes; c__Planctomycetia; o__Pirellulales; f__Pirellulaceae; g__; s__	0.7
e9eeaf817123a4c752f1a08dfc255d60	k__Bacteria; p__Firmicutes; c__Clostridia; o__Clostridiales; f__Ruminococcaceae; g__; s__	1.0
b3dc4d0f3dde24d65a0b69a04aeae37f	k__Bacteria; p__WS3; c__PRR-12	0.6
91b574fd88882e4eb9d00e8a3c2ab183	k__Bacteria; p__Proteobacteria; c__Alphaproteobacteria; o__Rhodospirillales; f__Rhodospirillaceae	0.6
20bff53d54b16fc78636b0f8c44c3069	k__Bacteria; p__Proteobacteria; c__Gammaproteobacteria; o__Enterobacteriales; f__Enterobacteriaceae	1.0
427330d40a0e382b618684281e33bf38	k__Bacteria; p__Acidobacteria; c__Holophagae; o__Holophagales; f__Holophagaceae; g__; s__	0.7
70799fa6dba75c55a50c90ce25be41cf	k__Bacteria; p__Proteobacteria; c__Betaproteobacteria; o__Rhodocyclales; f__Rhodocyclaceae; g__Uliginosibacterium; s__	0.9
c1615f7f1fb87b1fcaf2a37c0c0656b8	k__Bacteria; p__Proteobacteria; c__Gammaproteobacteria; o__Legionellales; f__Legionellaceae; g__; s__	0.6
65bb6c80ec712da30ccdabc128506cca	k__Bacteria; p__Proteobacteria; c__Gammaproteobacteria; o__Legionellales; f__Legionellaceae; g__Legionella; s__	0.6
29a005f47c37908ccbca159007d28509	k__Bacteria; p__Proteobacteria; c__Betaproteobacteria; o__Methylophilales; f__; g__; s__	0.8
6c8f72b553d9729eb9b8a11848a17b5c	k__Bacteria; p__Proteobacteria; c__Gammaproteobacteria; o__Xanthomonadales; f__Xanthomonadaceae	1.0
f61880293936a8251f66b3db6d6f43e5	k__Bacteria; p__Bacteroidetes; c__Flavobacteriia; o__Flavobacteriales; f__Cryomorphaceae; g__; s__	0.9
688a1f838573493faee3a0d028dd461a	Unassigned	0.0
e1533785720d0969bc46d5acddcfc84e	k__Bacteria; p__Proteobacteria; c__Deltaproteobacteria	1.0
e838ef9f01955c2edcbe5eef9d4eed9d	k__Bacteria; p__Actinobacteria; c__Thermoleophilia; o__Solirubrobacterales; f__; g__; s__	1.0
3702448eb56d1024b498ea7342ee8584	k__Bacteria; p__OD1	0.7
daac674150a500d00efcfb249307b641	k__Bacteria; p__Proteobacteria; c__Gammaproteobacteria; o__Xanthomonadales; f__Sinobacteraceae; g__; s__	1.0
04899408dbcbe971502a93dcd680a6ee	k__Bacteria; p__Planctomycetes; c__Planctomycetia; o__Pirellulales; f__Pirellulaceae; g__; s__	0.7
d2d1d724e8687fce12a3e4f2a8833b99	k__Bacteria; p__Proteobacteria; c__Alphaproteobacteria; o__Sphingomonadales; f__Sphingomonadaceae; g__Novosphingobium; s__	0.9
737650d03310bf389b5a44dc421a86d9	k__Bacteria; p__Proteobacteria; c__Deltaproteobacteria; o__Syntrophobacterales; f__Syntrophobacteraceae; g__; s__	0.8
24feac26b449dbab95adcccc5b021831	k__Bacteria; p__Bacteroidetes; c__[Saprospirae]; o__[Saprospirales]; f__Saprospiraceae	1.0
6fbd4b222da620546ccab265463777f8	k__Bacteria; p__Actinobacteria; c__Actinobacteria; o__Actinomycetales; f__Microbacteriaceae; g__; s__	0.6
91b42b9c4665170ac62e0cd0566ccf43	k__Bacteria; p__Bacteroidetes; c__Flavobacteriia; o__Flavobacteriales; f__Flavobacteriaceae; g__Flavobacterium; s__	1.0
674464572a6a89babf98f6f6064090ba	k__Bacteria; p__Firmicutes; c__Clostridia; o__Clostridiales; f__Lachnospiraceae; g__; s__	0.6
a7a5afeef7c96b22393b0465bb6e20a6	k__Bacteria; p__Cyanobacteria; c__Chloroplast; o__Streptophyta; f__; g__; s__	1.0
6140a8b4711b315b6bd3be568c1774f5	k__Bacteria; p__Cyanobacteria; c__Chloroplast; o__Streptophyta; f__; g__; s__	1.0
7e798633300510a239707e0a67dc799c	k__Bacteria; p__Proteobacteria; c__TA18; o__PHOS-HD29; f__; g__; s__	0.8
b8d0fe8ee54d7934792ccd57d15acaba	k__Bacteria; p__Proteobacteria; c__Alphaproteobacteria; o__Rickettsiales; f__Rickettsiaceae; g__; s__	0.9
3aa37237fd4a2e1bc446be97de63cfaf	Unassigned	0.0
fa2a37427f2cefe945467d698cf28bf6	k__Bacteria; p__Bacteroidetes; c__Flavobacteriia; o__Flavobacteriales; f__Cryomorphaceae	0.6
0d9b378081e0ebf159e7bb6e4b789e1b	k__Bacteria; p__Proteobacteria; c__Gammaproteobacteria; o__Legionellales; f__Coxiellaceae; g__Aquicella; s__	1.0
987a0266a335a727429d740afd91e1b2	k__Bacteria; p__Proteobacteria; c__Betaproteobacteria	1.0
3250b04079e6efb4411a7ed9d51128df	k__Bacteria; p__Proteobacteria; c__Alphaproteobacteria; o__Rhizobiales	1.0
4dbb9cec7800826fb6a3caff5938cb02	k__Bacteria; p__Planctomycetes; c__Planctomycetia; o__Gemmatales; f__Isosphaeraceae; g__; s__	1.0
b2b69fa6e7b182985696f23edf72d494	k__Bacteria; p__Proteobacteria; c__Deltaproteobacteria; o__Desulfuromonadales; f__Desulfuromonadaceae; g__; s__	0.7
805c04dbf30ac8958f86e0917e83c4bb	k__Bacteria; p__Verrucomicrobia; c__[Spartobacteria]; o__[Chthoniobacterales]; f__[Chthoniobacteraceae]; g__Candidatus Xiphinematobacter; s__	0.8
00e8c75b4985b020f8e6fc72c7140865	k__Bacteria; p__Actinobacteria; c__Acidimicrobiia; o__Acidimicrobiales; f__; g__; s__	1.0
b7d0b86cf0a75f888cbf94623e86549b	k__Bacteria; p__Proteobacteria; c__Epsilonproteobacteria; o__Campylobacterales; f__Helicobacteraceae; g__Sulfuricurvum; s__kujiense	1.0
028b0d3349eea11c0b4c7c2e23602a70	k__Bacteria; p__Bacteroidetes; c__[Saprospirae]; o__[Saprospirales]; f__Saprospiraceae; g__; s__	1.0
615afb2c43a767c42c875cf8d595331f	k__Bacteria; p__Proteobacteria; c__Alphaproteobacteria; o__Sphingomonadales; f__Sphingomonadaceae; g__Sphingomonas; s__	1.0
b599622aa972fd9c34eea1986ea2c447	k__Bacteria; p__Cyanobacteria; c__Chloroplast; o__Streptophyta; f__; g__; s__	1.0
c73359316a3723867b3faf1189435763	k__Bacteria; p__Verrucomicrobia; c__[Pedosphaerae]; o__[Pedosphaerales]; f__Ellin515; g__; s__	0.6
474feb03d22b45143a49f9bd5d19949c	k__Bacteria; p__Bacteroidetes; c__BME43; o__; f__; g__; s__	0.6
6b6fd5db325c0c61911f0210f1c55e58	Unassigned	0.0
9b10195a01181afd2a6e809ebe615055	k__Bacteria; p__Bacteroidetes; c__Bacteroidia; o__Bacteroidales; f__S24-7; g__; s__	1.0
21a49a43494b8f432179a959573ddc82	k__Bacteria; p__Bacteroidetes; c__Cytophagia; o__Cytophagales; f__Flammeovirgaceae; g__; s__	0.6
5e2e78d4193db336bc77b5beaddacc1a	k__Bacteria; p__Firmicutes; c__Clostridia; o__Clostridiales; f__Lachnospiraceae	1.0
a7a0618b832627af64c4699734e5d8f5	k__Bacteria; p__Bacteroidetes; c__Flavobacteriia; o__Flavobacteriales; f__Cryomorphaceae; g__; s__	1.0
0ae35fa9bae56c7a1bd9e689f9877dfe	k__Bacteria; p__Firmicutes; c__Clostridia; o__Clostridiales; f__[Acidaminobacteraceae]; g__Fusibacter; s__	0.9
61b3ef465c7d8c837e0cf66721084791	k__Bacteria; p__Proteobacteria; c__Betaproteobacteria; o__; f__; g__; s__	1.0
8ffa4f81e319d5a2d1effe9dd620e3cf	k__Bacteria; p__Bacteroidetes; c__[Saprospirae]; o__[Saprospirales]; f__Saprospiraceae; g__; s__	1.0
69240c0c530290a7ab0b65387351fe99	k__Bacteria; p__Verrucomicrobia; c__[Spartobacteria]; o__[Chthoniobacterales]; f__[Chthoniobacteraceae]; g__; s__	1.0
a236f5b07e582374c46231008ce6b7f3	k__Bacteria; p__Proteobacteria; c__Gammaproteobacteria; o__Legionellales; f__Coxiellaceae; g__Rickettsiella; s__	1.0
17c5602243bcafcfbd2b510228b2078d	k__Bacteria; p__Proteobacteria; c__Deltaproteobacteria; o__Myxococcales; f__; g__; s__	1.0
a4232febbe4b1ef94355a655e032d62a	k__Bacteria; p__Proteobacteria; c__TA18; o__CV90; f__; g__; s__	1.0
f5d2e642a44dc14cecd75f1e1d4f25c3	k__Bacteria; p__Bacteroidetes; c__[Saprospirae]; o__[Saprospirales]; f__Chitinophagaceae; g__Sediminibacterium; s__	1.0
8af00e27c854405069f544569593fd62	k__Bacteria; p__Chlorobi; c__OPB56; o__; f__; g__; s__	1.0
23255474fccbd4764b1c37acfb4b6a79	k__Bacteria; p__OD1; c__; o__; f__; g__; s__	1.0
6445229a64d1e5af23493cba4ddb292d	k__Bacteria; p__Bacteroidetes; c__Flavobacteriia; o__Flavobacteriales; f__Cryomorphaceae; g__Fluviicola; s__	1.0
a7778acf714d182cf3bbe7c9fdf5df3e	k__Bacteria; p__Proteobacteria; c__Betaproteobacteria; o__Neisseriales; f__Neisseriaceae; g__; s__	0.6
c19729684e58ecb341435899b21b196c	k__Bacteria; p__Proteobacteria; c__Alphaproteobacteria; o__; f__; g__; s__	1.0
7165d67e502f108a50073cc0024dd835	k__Bacteria; p__Proteobacteria; c__Betaproteobacteria; o__Burkholderiales; f__Comamonadaceae	0.9
5f032927ad84db781db4e78148a67dba	k__Bacteria	1.0
f95d1f71fb2e3c9886f392be55aa083d	k__Bacteria; p__Planctomycetes; c__Planctomycetia; o__Gemmatales; f__Gemmataceae; g__Gemmata; s__	1.0
179ce413f67753a939ae0da3b6cf93e4	k__Bacteria; p__Acidobacteria; c__DA052; o__Ellin6513; f__; g__; s__	0.8
0479f65cd5e8e745111558ba9aebb555	k__Bacteria; p__Proteobacteria; c__Alphaproteobacteria; o__Rhizobiales; f__; g__; s__	0.8
31083013824ab56e93dbe763bea982d4	k__Bacteria; p__Bacteroidetes; c__Cytophagia; o__Cytophagales; f__Cytophagaceae; g__Cytophaga; s__	0.7
5cc824f6e3c8bda373972e667aaa40b2	k__Bacteria; p__Proteobacteria; c__Gammaproteobacteria; o__Xanthomonadales; f__Sinobacteraceae; g__; s__	1.0
8e319cec0ba29a73985fee176115492b	k__Bacteria; p__Bacteroidetes; c__Sphingobacteriia; o__Sphingobacteriales; f__; g__; s__	0.9
853320537a221b41d6a975e5052a3429	k__Bacteria; p__Proteobacteria; c__Betaproteobacteria; o__Burkholderiales; f__Oxalobacteraceae	0.8
d1fdf0bd2167c1b2b8b33845561b0cbf	k__Bacteria; p__Firmicutes	0.7
bfcb4bf9e91c993cf52dcd21eb669c33	k__Bacteria; p__Verrucomicrobia; c__Verrucomicrobiae; o__Verrucomicrobiales; f__Verrucomicrobiaceae; g__Luteolibacter; s__	0.9
15b9dcdc0ebf9fb8ee97da2dc6e4a43e	k__Bacteria; p__Proteobacteria; c__Alphaproteobacteria; o__Rhodobacterales	0.7
2950d8ae27d1e62bdc1b55b57a2ae08c	k__Bacteria; p__Proteobacteria; c__Alphaproteobacteria; o__Rhizobiales	0.8
fd58bafd1f9c68467133929aadecb604	k__Bacteria; p__Verrucomicrobia; c__Opitutae; o__Opitutales; f__Opitutaceae; g__; s__	0.8
8ab0576d3d5bd8d56d99961c14fe17e3	k__Bacteria; p__Proteobacteria; c__Betaproteobacteria; o__Rhodocyclales; f__Rhodocyclaceae; g__Dechloromonas; s__	1.0
dd81557cb452ced2fdff332982a89166	k__Bacteria; p__Proteobacteria; c__Epsilonproteobacteria; o__Campylobacterales; f__Campylobacteraceae; g__Arcobacter; s__	1.0
64fd1517576bd87fcd474635df1bed8a	k__Bacteria; p__Proteobacteria; c__Deltaproteobacteria; o__MIZ46; f__; g__; s__	1.0
36c904d08d0af89de74a977b4db51925	k__Bacteria; p__Fibrobacteres; c__Fibrobacteria; o__Fibrobacterales; f__Fibrobacteraceae; g__Fibrobacter; s__succinogenes	0.6
ae71cb7f5a5760f4225d05596502d574	k__Bacteria; p__Acidobacteria; c__iii1-8; o__SJA-36; f__; g__; s__	1.0
2c8bb975d487269cf2e188e70d03066e	k__Bacteria; p__Proteobacteria; c__Alphaproteobacteria; o__Rhodospirillales; f__Rhodospirillaceae; g__; s__	1.0
404c292a99af6df69e0aa5914a9b5447	k__Bacteria; p__Proteobacteria; c__Alphaproteobacteria; o__BD7-3; f__; g__; s__	1.0
72efdc543d69ca999ec3b4adcb94a818	k__Bacteria; p__Fibrobacteres; c__Fibrobacteria; o__Fibrobacterales; f__Fibrobacteraceae; g__Fibrobacter; s__succinogenes	0.6
f9c7b271ff182c29cbcbd80cb8911867	k__Bacteria; p__Proteobacteria; c__Betaproteobacteria; o__; f__; g__; s__	1.0
89f4f797ce0f756760efbfd3eab1b484	k__Bacteria; p__Proteobacteria; c__Deltaproteobacteria; o__Myxococcales; f__; g__; s__	0.9
a4b7656a08aabeade904502b37ff3083	k__Bacteria; p__Cyanobacteria; c__Chloroplast; o__Cryptophyta; f__; g__; s__	1.0
781e498cb7068704dfe14466fff73715	k__Bacteria; p__Cyanobacteria; c__Chloroplast; o__Stramenopiles; f__; g__; s__	1.0
cacfdd5c5d76d45f3ffd5ead9f1b8265	k__Bacteria; p__Bacteroidetes; c__[Saprospirae]; o__[Saprospirales]; f__Saprospiraceae; g__Haliscomenobacter; s__	1.0
c3f6fd75d899d28551f729aa13e0225b	k__Bacteria; p__Bacteroidetes; c__[Saprospirae]; o__[Saprospirales]; f__Saprospiraceae; g__; s__	1.0
a79e8c5580abde3519cb6651e139bdfb	k__Bacteria; p__Proteobacteria; c__Alphaproteobacteria; o__Rhodospirillales; f__; g__; s__	1.0
6e527bdf13e3c6938a4bcf1f47812bda	k__Bacteria; p__Bacteroidetes; c__Flavobacteriia; o__Flavobacteriales; f__Cryomorphaceae; g__; s__	1.0
865a96b56237b02bbaa798f6ef7f8039	k__Bacteria; p__OP11; c__OP11-3; o__; f__; g__; s__	1.0
7fad64351e4f92744518af0dc395963d	k__Bacteria; p__Firmicutes; c__Clostridia; o__Clostridiales; f__Lachnospiraceae; g__Epulopiscium; s__	1.0
0356cba003a73691db74b9387cec8271	k__Bacteria; p__Proteobacteria; c__Gammaproteobacteria; o__Methylococcales; f__Crenotrichaceae; g__Crenothrix; s__	0.6
97ecff2e59036e0a9425083285ab4567	k__Bacteria; p__Proteobacteria; c__Gammaproteobacteria; o__Legionellales; f__Coxiellaceae; g__; s__	1.0
eeef3ee56d432244c254a7977ce3eed0	k__Bacteria; p__Proteobacteria; c__Deltaproteobacteria; o__Syntrophobacterales; f__Syntrophorhabdaceae; g__; s__	1.0
3983c0c3eeda8591d503f4000f1205d1	k__Bacteria; p__Cyanobacteria; c__Chloroplast; o__Cryptophyta; f__; g__; s__	1.0
3afae2cf60d4fa03b985b04792ace971	k__Bacteria; p__Firmicutes; c__Clostridia; o__Clostridiales; f__Clostridiaceae; g__Clostridium; s__perfringens	0.6
b64fd863ba5f477b5e96f6280414870c	k__Bacteria; p__Cyanobacteria; c__Chloroplast	1.0
8a81ae203aa998a247addfacb22bcf1a	k__Bacteria; p__Proteobacteria; c__Alphaproteobacteria; o__Rhodobacterales; f__Rhodobacteraceae; g__Paracoccus; s__	0.6
d38f9c927ce665e4e2383058bb370053	k__Bacteria; p__Bacteroidetes; c__Bacteroidia; o__Bacteroidales; f__Rikenellaceae; g__Blvii28; s__	1.0
097db65e1b58d654d1e269de42a9fca1	k__Bacteria; p__Actinobacteria; c__Acidimicrobiia; o__Acidimicrobiales; f__JdFBGBact; g__; s__	1.0
71a0f23ef42ae90996835442d01c2a5c	k__Bacteria; p__Cyanobacteria; c__Chloroplast; o__Stramenopiles; f__; g__; s__	1.0
02e3170a5e66bb09f9ed4998c1bd93e3	k__Bacteria; p__TM6; c__SJA-4; o__; f__; g__; s__	1.0
0207f515f62da160d4b6e915d7080c3d	k__Bacteria; p__Proteobacteria; c__Deltaproteobacteria; o__Myxococcales; f__; g__; s__	1.0
bcf3fc6efeeb41513000fa0258a8f51f	k__Bacteria; p__Proteobacteria; c__Alphaproteobacteria; o__Sphingomonadales; f__Sphingomonadaceae; g__; s__	0.6
6c0115537a7017353772def5d9d0bdf1	k__Bacteria; p__Proteobacteria; c__Gammaproteobacteria; o__Enterobacteriales; f__Enterobacteriaceae	0.9090909090909091
d3ef00c6aa90a30744c2fe90620103d2	k__Bacteria; p__Verrucomicrobia; c__Opitutae; o__Opitutales; f__Opitutaceae; g__Opitutus; s__	1.0
8192a678721ffdd093c068fe6d9ac4d0	k__Bacteria; p__Proteobacteria; c__Betaproteobacteria; o__Rhodocyclales; f__Rhodocyclaceae; g__Dechloromonas; s__	0.7
7b76ac6e23f62f67396ae71826faa29b	k__Bacteria; p__Planctomycetes; c__028H05-P-BN-P5; o__; f__; g__; s__	0.7
520f83fca0392e148b7ab8f74ce5e99d	k__Bacteria; p__Proteobacteria; c__Betaproteobacteria; o__Burkholderiales; f__Oxalobacteraceae; g__; s__	0.8
790fb86f0da40c66b731c255694eb187	k__Bacteria; p__Proteobacteria; c__Alphaproteobacteria; o__Rhizobiales; f__; g__; s__	0.6
509d271b34b9184434b7af44fb5e32d1	k__Bacteria; p__Proteobacteria; c__Alphaproteobacteria; o__Rhodobacterales; f__Rhodobacteraceae; g__Rhodobacter; s__	0.8
bf4cad85a7e0b36ea239fba4877e4250	k__Bacteria; p__Tenericutes; c__Mollicutes; o__; f__; g__; s__	0.8
46d80c09d5f83c0d395e1758cf429330	k__Bacteria; p__Bacteroidetes; c__[Saprospirae]; o__[Saprospirales]; f__Saprospiraceae; g__; s__	1.0
66864924f9d1cbeb3d5cac269166462c	k__Bacteria; p__Bacteroidetes; c__[Saprospirae]; o__[Saprospirales]; f__Saprospiraceae; g__; s__	1.0
01718cffc86b1f39713b4c27b21f2ffd	k__Bacteria; p__Bacteroidetes; c__Flavobacteriia; o__Flavobacteriales; f__Cryomorphaceae; g__Fluviicola; s__	1.0
cbe60724bbda29473b5c6f8a3ab4e8a9	k__Bacteria; p__Actinobacteria; c__Acidimicrobiia; o__Acidimicrobiales; f__C111; g__; s__	1.0
195fecc8b6df3050437f84a264b528f8	k__Bacteria; p__Proteobacteria; c__Deltaproteobacteria; o__Desulfovibrionales; f__Desulfovibrionaceae; g__Lawsonia; s__	1.0
84c0c1fdf9fde6e266040d5b0e1f34cb	k__Bacteria; p__Proteobacteria; c__Alphaproteobacteria; o__BD7-3; f__; g__; s__	1.0
d0710c037affeecd4dcfd08c4555925c	k__Bacteria; p__Proteobacteria; c__Betaproteobacteria; o__Burkholderiales; f__Burkholderiaceae; g__; s__	0.7
b4bbbe2018fe503fd0ac19eabac1bb08	k__Bacteria; p__Actinobacteria; c__Thermoleophilia; o__Gaiellales; f__Gaiellaceae; g__; s__	0.7
37e9310772c616e4e4c0e2e5c7a0e6e7	k__Bacteria; p__Proteobacteria; c__Alphaproteobacteria	0.8
2ab6cf6af1d3316900e2eaeb3df4a146	k__Bacteria; p__Firmicutes; c__Clostridia; o__Clostridiales	0.6
0f0a0e9d0753886ce0c227a29f00d370	k__Bacteria; p__Actinobacteria; c__Thermoleophilia; o__Gaiellales; f__AK1AB1_02E; g__; s__	1.0
c133690c323d536854c549975ed66077	k__Bacteria; p__Proteobacteria; c__Alphaproteobacteria; o__; f__; g__; s__	1.0
36cba56368ca59ef01f4b436b46f8362	k__Bacteria; p__Proteobacteria; c__Betaproteobacteria; o__Methylophilales; f__Methylophilaceae; g__; s__	0.6
a77ea6069ff55130937555856ebefc9e	k__Bacteria; p__Proteobacteria; c__Deltaproteobacteria; o__Spirobacillales; f__; g__; s__	1.0
fd75198c7d3c1755e787557763f2f62c	k__Bacteria; p__Proteobacteria; c__Betaproteobacteria; o__Burkholderiales; f__Comamonadaceae	1.0
3b11a778ea44a1cd99389bd4c5057f38	k__Bacteria; p__Verrucomicrobia; c__[Pedosphaerae]; o__[Pedosphaerales]; f__R4-41B; g__; s__	0.6
73218cfdc1146e984cdbba762e7cdf26	k__Bacteria; p__Proteobacteria; c__Gammaproteobacteria; o__Pseudomonadales; f__Moraxellaceae; g__Acinetobacter; s__	1.0
26da5a30aaee381580dda6e66abef1cd	Unassigned	0.0
dd768edc8d71b7062af2757dcd173c4e	k__Bacteria; p__Cyanobacteria; c__4C0d-2; o__SM1D11; f__; g__; s__	0.7
ac011feede88e6c04520440e3ed69926	k__Bacteria; p__OD1; c__; o__; f__; g__; s__	0.9
f33a8ff70a7417b471f7772b7424a0f3	k__Bacteria; p__Proteobacteria; c__Alphaproteobacteria; o__Rhodospirillales; f__Rhodospirillaceae; g__; s__	1.0
b4a4cb80acfc9efa39a9d10bb42ff112	k__Bacteria; p__Bacteroidetes; c__Cytophagia; o__Cytophagales; f__Cytophagaceae; g__Leadbetterella; s__	1.0
2f482b848bc5378b6a1ff6ab68dbdbcd	k__Bacteria; p__Proteobacteria; c__Alphaproteobacteria; o__Rhodobacterales; f__Rhodobacteraceae; g__Rhodobacter; s__	1.0
b5ff47f3cbe9f6c264b3af4264d05303	k__Bacteria; p__Proteobacteria; c__Gammaproteobacteria; o__Xanthomonadales; f__Xanthomonadaceae; g__; s__	0.9
bac8fcb4bc4d50b43cdc82641ab7b290	k__Bacteria; p__Proteobacteria; c__Alphaproteobacteria; o__Rickettsiales	0.6
564a7fba48670432b3dd3c0b66ac6b08	k__Bacteria; p__Proteobacteria; c__Deltaproteobacteria; o__Bdellovibrionales; f__Bdellovibrionaceae; g__Bdellovibrio; s__	1.0
2052c6e7a1b793d2f4ba93dc774a4c22	k__Bacteria; p__Bacteroidetes; c__Cytophagia; o__Cytophagales; f__Cytophagaceae; g__; s__	1.0
7ee8588104e984296f32a79ff3a27e53	k__Bacteria; p__Bacteroidetes; c__Sphingobacteriia; o__Sphingobacteriales; f__; g__; s__	1.0
76d43c83b107a53701ee54c49429884d	k__Bacteria; p__Planctomycetes; c__Phycisphaerae; o__Pla1; f__; g__; s__	0.7
27471a9563c959488bb6c397ca28a9ce	k__Bacteria; p__Acidobacteria; c__DA052; o__Ellin6513; f__; g__; s__	0.6
99814f727c12552228681821e5500c5a	k__Bacteria; p__Planctomycetes; c__Planctomycetia; o__Pirellulales; f__Pirellulaceae; g__; s__	1.0
e94ea8e0722d9549a00ec5d64c8574c8	k__Bacteria; p__Proteobacteria; c__Alphaproteobacteria; o__Sphingomonadales; f__Sphingomonadaceae; g__Blastomonas	0.6
545b11a413148dbf167e544f273b83a4	k__Bacteria; p__Proteobacteria; c__Alphaproteobacteria; o__Sphingomonadales; f__Sphingomonadaceae; g__Blastomonas; s__	0.6
5a189649f2b8d805a47f67a9233ff05e	Unassigned	0.0
bb3d4a8e6ab5d0d2af8619612413523d	k__Bacteria; p__OD1; c__; o__; f__; g__; s__	1.0
af1eacd3821ac17515c04b319c683b85	k__Bacteria; p__Proteobacteria; c__Alphaproteobacteria; o__Rhizobiales; f__; g__; s__	0.7
0954653117791c5569a0f5c960f1715e	k__Bacteria; p__Planctomycetes; c__Planctomycetia; o__Pirellulales; f__Pirellulaceae; g__; s__	1.0
81379461c469d575c4f07dd904ff38f2	k__Bacteria; p__Planctomycetes; c__Planctomycetia; o__Pirellulales; f__Pirellulaceae; g__; s__	1.0
c4d3207fddb2c36ba86f4f14f120be5e	k__Bacteria; p__SR1; c__; o__; f__; g__; s__	1.0
3aeb6e974648b991918e1f99b3f6a810	k__Bacteria; p__Proteobacteria; c__Alphaproteobacteria; o__Sphingomonadales; f__Sphingomonadaceae; g__Sphingomonas	0.9
5b5fb7ae70241fa22573853cdadf2002	k__Bacteria; p__Proteobacteria; c__Alphaproteobacteria; o__Rhodospirillales; f__; g__; s__	1.0
fe1034e434985ccee0d983aaa89b05ab	k__Bacteria; p__Proteobacteria; c__Betaproteobacteria; o__Burkholderiales; f__Comamonadaceae	1.0
d651586aadf72b84d75efb420b45bc3c	k__Bacteria; p__Actinobacteria; c__Actinobacteria; o__Actinomycetales; f__; g__; s__	1.0
b012024250adf9e69bb22e20039756e2	k__Bacteria; p__Bacteroidetes; c__[Saprospirae]; o__[Saprospirales]; f__; g__; s__	1.0
7b58b739b0cbfbb063b63542732bffa2	k__Bacteria; p__Proteobacteria; c__Betaproteobacteria; o__Burkholderiales; f__Comamonadaceae	1.0
40ea05c2184f29a0869726eea5dfabca	Unassigned	0.0
5dc102098773ec739d66433d76a9c52c	k__Bacteria; p__Proteobacteria; c__Deltaproteobacteria; o__Myxococcales; f__; g__; s__	1.0
01f29012bdf2b889e29a05e55fbdce47	k__Bacteria; p__Proteobacteria; c__Gammaproteobacteria; o__Enterobacteriales; f__Enterobacteriaceae; g__; s__	0.8
c11954319155a432f306a9f8d87d5e3d	k__Bacteria; p__Proteobacteria; c__Alphaproteobacteria; o__Rhizobiales; f__; g__; s__	1.0
ce8651640629c1ccf67ed5fc141d5ccb	k__Bacteria; p__Proteobacteria; c__TA18; o__PHOS-HD29; f__; g__; s__	0.9
43e279d81b329be3ca6969a578ce218d	k__Bacteria; p__Proteobacteria; c__Deltaproteobacteria; o__Spirobacillales; f__; g__; s__	1.0
42b41aa7e01967af1fe4dff427a8fda0	k__Bacteria; p__Proteobacteria; c__Alphaproteobacteria; o__BD7-3; f__; g__; s__	1.0
34bc17f42d4293f1563bc13da58437d3	k__Bacteria; p__Actinobacteria; c__Actinobacteria; o__Actinomycetales; f__Microbacteriaceae; g__Candidatus Aquiluna; s__rubra	0.9
7b33261bcc2e80cb645161f0a88c0048	k__Bacteria; p__Proteobacteria; c__TA18; o__CV90; f__; g__; s__	0.9
41292530ae290eb5201b03d9b32505d3	k__Bacteria; p__Bacteroidetes; c__Sphingobacteriia; o__Sphingobacteriales; f__; g__; s__	1.0
645c501aa19ee8c7c3243bd59d2db98c	k__Bacteria; p__Proteobacteria	0.7272727272727273
52595413566fd587710bcf8b427491db	k__Bacteria; p__Proteobacteria; c__Alphaproteobacteria; o__Rhizobiales; f__; g__; s__	0.9
d58ba798612594c3aab5c11ed778ba5b	k__Bacteria; p__Chloroflexi; c__Chloroflexi; o__[Roseiflexales]; f__; g__; s__	0.7
a85a74fd77e26f0a41d4d11c488c3f69	k__Bacteria; p__Bacteroidetes; c__[Saprospirae]; o__[Saprospirales]; f__Chitinophagaceae; g__; s__	0.8
d140dec3858b088c09bd22907fe3307d	k__Bacteria; p__Proteobacteria; c__Gammaproteobacteria; o__Alteromonadales; f__211ds20; g__; s__	1.0
30ccb1dcf32d6125c88c643ab7463381	k__Bacteria; p__Proteobacteria; c__Deltaproteobacteria; o__Myxococcales; f__; g__; s__	0.7
b777b3395ee468e62d6055db6826e22c	k__Bacteria; p__Firmicutes; c__Clostridia; o__Clostridiales	0.9
f752b2235299b3b86b8f4e87ec0377b4	k__Bacteria; p__Proteobacteria; c__Gammaproteobacteria; o__Legionellales; f__Legionellaceae; g__; s__	0.9
7426dff69eef0ea2cb653857df9f0d89	k__Bacteria; p__Proteobacteria; c__Alphaproteobacteria; o__Rickettsiales; f__; g__; s__	0.8
bde39820ba45c1c927f431db0915afb5	Unassigned	0.0
6fcf2207ca5d21e6ff27e4d03545eea2	k__Bacteria; p__Proteobacteria; c__Deltaproteobacteria; o__Myxococcales; f__OM27; g__; s__	0.9
02efcdffe3d85ebdee48f071a18b3daf	k__Bacteria; p__Proteobacteria; c__Betaproteobacteria	1.0
4069e20d49c5bce45848159d2c3f6f92	k__Bacteria; p__Cyanobacteria; c__Nostocophycideae; o__Nostocales; f__Nostocaceae; g__; s__	0.8
e6bae31edb9715e43a6b56234299cc09	k__Bacteria; p__Verrucomicrobia; c__Verrucomicrobiae; o__Verrucomicrobiales; f__Verrucomicrobiaceae; g__Luteolibacter; s__	1.0
b07e845453592a1a798ac13971a2d286	k__Bacteria; p__Proteobacteria; c__Betaproteobacteria; o__Burkholderiales; f__Comamonadaceae; g__; s__	0.6
55e1d6e72e20f3ce2cb3600d67490dd1	k__Bacteria; p__Proteobacteria; c__Gammaproteobacteria; o__HOC36; f__; g__; s__	1.0
46f8fc61d7e851f57dc239f9774c1798	Unassigned	0.0
fe1c2021a9ab3bc217d4e6ead98236a2	k__Bacteria; p__Proteobacteria; c__Alphaproteobacteria	0.9
8378c56d4274803129d0e111e5dc3989	k__Bacteria; p__Proteobacteria; c__Alphaproteobacteria; o__Rhodobacterales; f__Rhodobacteraceae; g__; s__	0.7
23d76d61c035d1cb80ed67a29083f51c	k__Bacteria; p__Proteobacteria; c__Deltaproteobacteria; o__Bdellovibrionales; f__Bdellovibrionaceae; g__Bdellovibrio; s__	1.0
158ee71b1cde0ebc2154823d6642ad32	k__Bacteria; p__Firmicutes; c__Bacilli; o__Bacillales; f__Paenibacillaceae; g__Paenibacillus; s__	1.0
c03d208c5ad63613c67b4c24c1c64701	k__Bacteria; p__Chloroflexi; c__Anaerolineae; o__SJA-15; f__; g__; s__	0.7
32ba5a7087a2062c8d58d41ce28a7cb9	k__Bacteria; p__Proteobacteria; c__Gammaproteobacteria; o__Alteromonadales; f__Alteromonadaceae; g__Cellvibrio; s__	1.0
f33a5e44b84cd459fd2cefb26540f5cf	k__Bacteria; p__Actinobacteria; c__Actinobacteria; o__Actinomycetales; f__Cellulomonadaceae; g__Demequina; s__	1.0
74fa1154515f2e8d6ba5474c4a6c8839	k__Bacteria; p__Actinobacteria; c__Actinobacteria; o__Actinomycetales; f__Cellulomonadaceae; g__Demequina; s__	0.7
035a5629820b42ff8e1c2a556c2b805f	k__Bacteria; p__Proteobacteria; c__Betaproteobacteria; o__Burkholderiales; f__Comamonadaceae; g__Hydrogenophaga; s__	1.0
1c16cc3dda6fa290b7e7bf7e107d1fc2	k__Bacteria; p__Proteobacteria; c__Alphaproteobacteria; o__Rhodospirillales; f__Acetobacteraceae; g__; s__	0.8
597856693c75d980a44fe1e9572e1456	k__Bacteria; p__Bacteroidetes; c__Flavobacteriia; o__Flavobacteriales; f__Cryomorphaceae; g__Fluviicola; s__	0.6
f66620c9e664103c47e7e47c763c925e	k__Bacteria; p__Planctomycetes; c__Planctomycetia; o__Planctomycetales; f__Planctomycetaceae; g__Planctomyces; s__	1.0
8b097543d1d255383f845f6acfdee631	k__Bacteria; p__Cyanobacteria; c__Chloroplast; o__Stramenopiles; f__; g__; s__	1.0
8c85d119e87644363232cbcee3b899c0	k__Bacteria; p__OD1; c__ABY1; o__; f__; g__; s__	1.0
8f623caf7f887947d23c801c41cd1002	Unassigned	0.0
bceeee5e59892db177793a3f78974696	k__Bacteria; p__Firmicutes; c__Clostridia; o__Clostridiales; f__Ruminococcaceae; g__; s__	1.0
5efb59ae70ae309968b51c37ec5df6db	k__Bacteria; p__Actinobacteria; c__Acidimicrobiia; o__Acidimicrobiales; f__ntu14; g__; s__	1.0
8b9d9c3e04f29a7f8e0d715578939e3c	k__Bacteria; p__Proteobacteria; c__Gammaproteobacteria; o__Enterobacteriales; f__Enterobacteriaceae; g__Candidatus Phlomobacter; s__	0.6
f51805bae34cf4488a78d21e705cdb85	k__Bacteria; p__Proteobacteria; c__Deltaproteobacteria; o__; f__; g__; s__	0.7
1e3836d652b37d81d7bb694f87cd9049	k__Bacteria; p__Bacteroidetes; c__[Saprospirae]; o__[Saprospirales]; f__Chitinophagaceae; g__Sediminibacterium; s__	1.0
56af8cf1341b4cf83b0ffad8e0e30997	k__Bacteria; p__Actinobacteria; c__Acidimicrobiia; o__Acidimicrobiales; f__JdFBGBact; g__; s__	1.0
25228fdbc75324f9f7205fe0fbf64787	k__Bacteria; p__Proteobacteria; c__Deltaproteobacteria; o__Desulfobacterales; f__Desulfobacteraceae; g__; s__	1.0
e089ad7895783741a52a0f9939ee2bd7	k__Bacteria; p__Actinobacteria; c__Acidimicrobiia; o__Acidimicrobiales; f__; g__; s__	1.0
1885693c50ca9ff84f0d62f9f98f6a65	k__Bacteria; p__Bacteroidetes; c__Sphingobacteriia; o__Sphingobacteriales; f__Sphingobacteriaceae; g__; s__	0.8
0656fa615ee7eeb79ef4cfbd9aab2d30	k__Bacteria; p__Bacteroidetes; c__Bacteroidia; o__Bacteroidales; f__; g__; s__	0.6
24987c56abef00d5ba638eaa345ee1ff	k__Bacteria; p__Planctomycetes; c__Planctomycetia; o__Gemmatales; f__Gemmataceae; g__Gemmata; s__	1.0
60b3b6c1e262e2eb8bf7f5d434a34382	Unassigned	0.0
8310c87bc022056087daaddf7214910b	k__Bacteria; p__Firmicutes; c__Clostridia; o__Clostridiales; f__Veillonellaceae; g__Veillonella; s__dispar	0.8
b07ac1bba3a92d62cb9160a775d59d97	k__Bacteria; p__Proteobacteria; c__Betaproteobacteria; o__Burkholderiales; f__Comamonadaceae; g__; s__	0.6
c4d2300149c7180d789c436850431ae9	k__Bacteria; p__Proteobacteria; c__Alphaproteobacteria; o__Rhodobacterales; f__Rhodobacteraceae; g__; s__	0.7
dc37f4773591827b3061798bcc09cd13	k__Bacteria; p__Actinobacteria; c__Actinobacteria; o__Actinomycetales; f__Streptomycetaceae; g__Streptomyces	0.6
b20b4c1ec97342159558dd6c776fd57a	k__Bacteria; p__Proteobacteria; c__Betaproteobacteria; o__Burkholderiales; f__Comamonadaceae; g__; s__	0.6
16094781dd73cc7065234e2c3c0753ae	k__Bacteria; p__Proteobacteria; c__Alphaproteobacteria; o__Rhodospirillales	0.7
80d88402bc8053122a1f2049e0bdeafd	k__Bacteria; p__Proteobacteria; c__Deltaproteobacteria; o__Bdellovibrionales; f__Bacteriovoracaceae; g__; s__	1.0
de4697324e1087a1c44267e3269c3a91	k__Bacteria; p__Proteobacteria; c__Alphaproteobacteria; o__Rickettsiales	0.7
a6ce2960a6ddb2aeef25d4cd737e62b0	k__Bacteria; p__Verrucomicrobia; c__Verrucomicrobiae; o__Verrucomicrobiales; f__Verrucomicrobiaceae; g__; s__	1.0
913914d7c7813c803c3a303421617b61	k__Bacteria; p__Proteobacteria; c__Gammaproteobacteria; o__Legionellales; f__Coxiellaceae; g__; s__	0.9
6681cfc8fd2396dfaac17ff79056112a	k__Bacteria; p__Proteobacteria; c__Gammaproteobacteria; o__Legionellales; f__Legionellaceae	1.0
183cf14eac6ceb09613c40daaa625299	k__Bacteria; p__Cyanobacteria; c__Chloroplast; o__Stramenopiles; f__; g__; s__	1.0
504e2b5a99b52f763c216bed65316d6f	k__Bacteria; p__Bacteroidetes; c__Cytophagia; o__Cytophagales	0.6
2de73f8f8ce89ac89f30c837bdcf45c3	k__Bacteria; p__Proteobacteria; c__Alphaproteobacteria; o__; f__; g__; s__	0.6
783eda97ed26599ca87f2ff6650683f4	k__Bacteria; p__OD1; c__ZB2; o__; f__; g__; s__	1.0
4b6253ea5d1f7517b11507c285690f1a	k__Bacteria; p__Planctomycetes; c__vadinHA49; o__DH61; f__; g__; s__	0.6
b365460b1f371d0b0060f840a8abd851	k__Bacteria; p__Firmicutes; c__Erysipelotrichi; o__Erysipelotrichales; f__Erysipelotrichaceae; g__RFN20; s__	0.9
1b41aae161c278f4edc495037c45a2b8	k__Bacteria; p__Chloroflexi; c__Anaerolineae; o__Caldilineales; f__Caldilineaceae; g__Caldilinea; s__	0.6
fab2480c1b96883180e161d6afb67aaa	k__Bacteria; p__Proteobacteria; c__TA18; o__PHOS-HD29; f__; g__; s__	1.0
20ec8c7a082f9aebd119338fe1f57737	k__Bacteria	1.0
c03ac954ec74202f6ac1a33dde218e34	k__Bacteria; p__Firmicutes; c__Bacilli; o__Turicibacterales; f__Turicibacteraceae; g__Turicibacter; s__	1.0
b84f2f08e9370f5aa33d057af88275f2	k__Bacteria; p__Cyanobacteria; c__Chloroplast; o__Chlorophyta; f__; g__; s__	1.0
9c02b7579702679e06bc0890f7609534	k__Bacteria; p__Proteobacteria; c__Betaproteobacteria; o__SBla14; f__; g__; s__	0.7
619ae218705187ca355d08faf317c2cf	k__Bacteria; p__Actinobacteria; c__Acidimicrobiia; o__Acidimicrobiales; f__C111; g__; s__	1.0
bf8b2ac815ff7d7f8c998cd7d2652e18	k__Bacteria; p__Proteobacteria; c__Betaproteobacteria; o__Burkholderiales; f__Comamonadaceae	0.8
9e7d99e4d918e2458684c52254cf3e6f	k__Bacteria; p__Proteobacteria; c__Gammaproteobacteria; o__Methylococcales; f__Crenotrichaceae; g__Crenothrix	0.7
1a6e3d0191a795d94e1ee4dff00be70b	k__Bacteria; p__Proteobacteria; c__Alphaproteobacteria	0.8
6d0448b7733f2708c82e4c9125edb48c	k__Bacteria; p__Proteobacteria; c__Deltaproteobacteria; o__Spirobacillales; f__; g__; s__	0.9
d2886210e92b54c63855bd378d33fe9c	Unassigned	0.0
bc5acf6251e8723df53ed87c67e7d1f3	k__Bacteria; p__Proteobacteria; c__Alphaproteobacteria	1.0
e05ec97119c0b119079f0aac089c1c5e	k__Bacteria; p__Cyanobacteria; c__4C0d-2; o__YS2; f__; g__; s__	1.0
46109fbcc3c93cfdda3ed749ee46329f	k__Bacteria; p__Proteobacteria; c__Alphaproteobacteria; o__Rhodobacterales; f__Hyphomonadaceae; g__; s__	0.9
4774514e1f502771c5e690debbebe778	k__Bacteria; p__Proteobacteria; c__Betaproteobacteria; o__Burkholderiales; f__Comamonadaceae; g__; s__	0.7
5d7e164e22aa39c76659ad4cb0df42ae	k__Bacteria; p__GN02; c__BD1-5; o__; f__; g__; s__	0.7
448d8c94d0c48e8bc51bfe262167b941	k__Bacteria; p__Proteobacteria; c__Deltaproteobacteria; o__Myxococcales; f__OM27; g__; s__	1.0
82f60988e5f2a459bbe01fdc8160b603	k__Bacteria; p__Bacteroidetes; c__Sphingobacteriia; o__Sphingobacteriales; f__; g__; s__	1.0
4038e4d7e6fe9d3aae74603f96f00bbf	k__Bacteria; p__Cyanobacteria; c__Chloroplast; o__Chlorophyta	0.6
b589a609cbd056f8ac10b830d149e052	k__Bacteria; p__Firmicutes; c__Clostridia; o__Clostridiales; f__[Acidaminobacteraceae]; g__NP25; s__	0.8
1770e23ea26f585e6a880be793289a05	k__Bacteria; p__Proteobacteria; c__Betaproteobacteria; o__Neisseriales; f__Neisseriaceae; g__Vogesella; s__	0.7
07be6a8c47218fc41681a4b67cca8bc5	k__Bacteria; p__Bacteroidetes; c__Bacteroidia; o__Bacteroidales	1.0
dbcb1400759a59e9eea3ec5b440fb44e	k__Bacteria; p__Bacteroidetes; c__[Saprospirae]; o__[Saprospirales]; f__Saprospiraceae; g__; s__	1.0
795635dd68cfe2988227fdd976152b9f	k__Bacteria; p__Actinobacteria; c__Actinobacteria; o__Actinomycetales; f__ACK-M1; g__; s__	1.0
ed987e5f37fe5ef5ae5737f225a13cb5	k__Bacteria; p__OD1; c__; o__; f__; g__; s__	1.0
9879bd4908e02e4d013931805df0cb6b	k__Bacteria; p__Proteobacteria; c__Alphaproteobacteria; o__Rhizobiales; f__Hyphomicrobiaceae	1.0
348bef8d14f4a1d8acaa0766c2b2ea85	k__Bacteria; p__Proteobacteria	1.0
97ef1ff9346518158a3159653aa716f8	k__Bacteria; p__OD1; c__ABY1; o__; f__; g__; s__	1.0
0e19445cd85b66e2d3652814f674661a	k__Bacteria; p__Proteobacteria; c__Epsilonproteobacteria; o__Campylobacterales; f__Campylobacteraceae; g__Sulfurospirillum; s__	1.0
42d782ed04b1b0f932d9cf283e56c4ae	k__Bacteria; p__Proteobacteria; c__Deltaproteobacteria; o__Desulfarculales; f__Desulfarculaceae; g__; s__	0.7
d855dd86eb6c580be5edfbfc649e708c	k__Bacteria; p__Proteobacteria; c__Epsilonproteobacteria; o__Campylobacterales; f__Helicobacteraceae; g__; s__	1.0
534895d8e4a4d122b33793e7f2f7c92b	k__Bacteria	1.0
180027183013c79faf9d0c0e41bfa191	k__Bacteria; p__Bacteroidetes; c__Sphingobacteriia; o__Sphingobacteriales; f__; g__; s__	1.0
ec5339c1257f03cb4d28f20955945a77	k__Bacteria; p__Proteobacteria; c__Alphaproteobacteria; o__Sphingomonadales; f__Sphingomonadaceae	1.0
ea66521c4a0cedc0d050e2ea938d8b6d	k__Bacteria; p__Proteobacteria; c__Gammaproteobacteria; o__Xanthomonadales; f__Xanthomonadaceae; g__; s__	0.8
8b664d84a2c167e4fbfa85c896e09429	k__Bacteria; p__TM6; c__SJA-4; o__; f__; g__; s__	0.8
5ebe7b2d3c197834fb68085cf3d270d3	k__Bacteria; p__Bacteroidetes; c__Cytophagia; o__Cytophagales; f__Cytophagaceae; g__; s__	1.0
7057d7e609a12d5f3e2d1f53259c5588	k__Bacteria; p__Planctomycetes; c__Planctomycetia; o__Pirellulales; f__Pirellulaceae; g__; s__	1.0
0e441f69b54f10fcfba568f0b92422bd	k__Bacteria; p__Verrucomicrobia; c__[Spartobacteria]; o__[Chthoniobacterales]; f__[Chthoniobacteraceae]; g__Candidatus Xiphinematobacter; s__	1.0
b359a3c3d5d66284a403093ec86c445b	k__Bacteria; p__Proteobacteria; c__Betaproteobacteria; o__Burkholderiales; f__Comamonadaceae; g__Polaromonas; s__	0.8
cab1c4551898602fa84b7eaebe0a7d8e	k__Bacteria; p__Firmicutes; c__Clostridia; o__Clostridiales; f__Clostridiaceae; g__; s__	0.6
e2cb36bc757aab5faeeb13892ba6ead9	k__Bacteria; p__Verrucomicrobia; c__Opitutae; o__Opitutales; f__Opitutaceae; g__; s__	1.0
1397e4767c05bf482572e94e6d21c4f7	k__Bacteria; p__Proteobacteria; c__Alphaproteobacteria; o__Sphingomonadales; f__Sphingomonadaceae; g__Novosphingobium; s__	0.8
1077252a1bb047a8ff6d8a8d2ce5c985	k__Bacteria; p__Proteobacteria; c__Betaproteobacteria; o__Burkholderiales; f__Comamonadaceae; g__Limnohabitans; s__	0.8
fafb72e4ba6e0342f8afde45339f5820	k__Bacteria; p__Verrucomicrobia; c__Verrucomicrobiae; o__Verrucomicrobiales; f__Verrucomicrobiaceae	1.0
1e2d6c288426c5baeccd4c063370729d	k__Bacteria; p__Proteobacteria; c__Alphaproteobacteria; o__Rickettsiales; f__; g__; s__	0.9
e29b79952011e5b0a35c71519b74036a	k__Bacteria; p__Proteobacteria; c__Alphaproteobacteria; o__Sphingomonadales; f__Sphingomonadaceae; g__Sphingomonas; s__wittichii	0.8
b02f87705e2e9c787c70e2de4addda16	k__Bacteria; p__Proteobacteria; c__Alphaproteobacteria; o__Rhodobacterales; f__Rhodobacteraceae; g__Rhodobacter; s__	0.8
ab3690fcdc077b89a232fb9ae276de52	k__Bacteria; p__Cyanobacteria; c__Chloroplast; o__Cryptophyta; f__; g__; s__	1.0
1336861e46ca7ce07a6cd9223c2a9872	k__Bacteria; p__Planctomycetes; c__Planctomycetia; o__Pirellulales; f__Pirellulaceae; g__; s__	1.0
97332ad5fa8d6e3e7cbda03074de00a4	k__Bacteria; p__Acidobacteria; c__iii1-8; o__SJA-36; f__; g__; s__	1.0
4fcca76df219c85bbb04e3f6834ed242	k__Bacteria; p__Bacteroidetes; c__[Saprospirae]; o__[Saprospirales]; f__Chitinophagaceae; g__; s__	1.0
9845037b1acf3ff405b8a69c745c0845	k__Bacteria; p__Proteobacteria; c__Alphaproteobacteria; o__; f__; g__; s__	1.0
e9ed3cc0a0dff052f3e465e367dad7fc	k__Bacteria; p__Bacteroidetes; c__Bacteroidia; o__Bacteroidales; f__Bacteroidaceae; g__; s__	0.6
1d2284cabc44444bff93eecf58843569	k__Bacteria; p__Verrucomicrobia; c__[Pedosphaerae]; o__[Pedosphaerales]; f__Ellin515; g__; s__	0.9
fb468e6dde31c68ba38eb6e6c0da526e	k__Bacteria; p__Verrucomicrobia; c__[Spartobacteria]; o__[Chthoniobacterales]; f__[Chthoniobacteraceae]; g__Candidatus Xiphinematobacter; s__	0.9
777c64204648d2ae7e199e79e294f3cb	k__Bacteria; p__Proteobacteria; c__Alphaproteobacteria; o__Rhodobacterales; f__Hyphomonadaceae; g__; s__	0.9
59f21c464adbae3fee57e09323c66ce0	k__Bacteria; p__Proteobacteria; c__Alphaproteobacteria; o__Rhodobacterales; f__Rhodobacteraceae; g__Paracoccus; s__	0.6
23c27f815e0cba656d3e14e5bfb41e91	k__Bacteria; p__Proteobacteria; c__Deltaproteobacteria; o__Desulfovibrionales	0.7
d1abf6af23e1b681ab3c75a813337969	k__Bacteria	1.0
1db36b9875d00ed535a958c62c809070	k__Bacteria; p__Actinobacteria; c__Acidimicrobiia; o__Acidimicrobiales; f__C111; g__; s__	1.0
f6cf4e332fda195c63109f64d77f9e3e	k__Bacteria; p__Proteobacteria; c__Alphaproteobacteria; o__Sphingomonadales; f__; g__; s__	1.0
0fa37a8464f006123e11eb5cb92369d5	k__Bacteria; p__Proteobacteria; c__Betaproteobacteria; o__Burkholderiales; f__Comamonadaceae	1.0
2e7bb058a1276b39ca76a7c9c368100c	k__Bacteria; p__Proteobacteria; c__TA18; o__PHOS-HD29; f__; g__; s__	0.9
7b37433d956222b367fb8a86ba0ebfdc	k__Bacteria; p__Proteobacteria; c__Alphaproteobacteria; o__Rickettsiales; f__Rickettsiaceae; g__Rickettsia; s__	0.6
7b61e0bf4ce3a77b10e6c54dbe9ba514	k__Bacteria; p__Proteobacteria; c__Betaproteobacteria; o__Burkholderiales; f__Comamonadaceae	1.0
ea58deb8e67ad79bb8390baeeed9809c	k__Bacteria; p__Proteobacteria; c__Alphaproteobacteria; o__Sphingomonadales; f__Sphingomonadaceae; g__; s__	0.9
affd975403fa2b28d3b9c6dba83038f1	k__Bacteria; p__Bacteroidetes; c__Cytophagia; o__Cytophagales; f__Cytophagaceae; g__Emticicia; s__	1.0
4d63e8c7a04d42e68bb3d9f777f9d1eb	k__Bacteria; p__Proteobacteria; c__Gammaproteobacteria; o__Legionellales; f__Coxiellaceae; g__Aquicella; s__	1.0
7e8db9bb15d078e6f8733ab4f5abdd8a	k__Bacteria; p__Chloroflexi; c__Chloroflexi; o__[Roseiflexales]; f__; g__; s__	0.8
a1f8fa1507ef7f0ed35420513b4ef1bf	k__Bacteria; p__Proteobacteria; c__Betaproteobacteria; o__Burkholderiales; f__Comamonadaceae; g__; s__	0.6
1d84e170e13eb50bfd0b12c76976c77c	k__Bacteria; p__Proteobacteria; c__Alphaproteobacteria; o__Sphingomonadales; f__Sphingomonadaceae; g__Novosphingobium; s__	0.6
12026c507072e2307c199e93efd339c3	k__Bacteria; p__Proteobacteria; c__Betaproteobacteria; o__Rhodocyclales; f__Rhodocyclaceae; g__; s__	0.9
e9c4a0c52c69f5bbe0d99d8085dfdd00	k__Bacteria; p__Proteobacteria; c__Alphaproteobacteria; o__BD7-3; f__; g__; s__	1.0
f60b7189c19bfda4cf79613d2bc9a9d9	k__Bacteria; p__Cyanobacteria; c__Chloroplast; o__Streptophyta; f__; g__; s__	1.0
931684084e0d6b5e65175a2a038b3119	k__Bacteria; p__Proteobacteria; c__Alphaproteobacteria; o__Rickettsiales; f__mitochondria; g__Phytophthora	0.6
776ca2fefbd3f1e401460858721c9d71	k__Bacteria; p__Planctomycetes; c__Phycisphaerae; o__WD2101; f__; g__; s__	1.0
1ecb15b5f26d78342188146511c1373e	k__Bacteria; p__Proteobacteria; c__Alphaproteobacteria; o__Rhodobacterales; f__Hyphomonadaceae; g__; s__	0.9
e5877108a4e5c5bfd4fd4462cb32bfc5	k__Bacteria; p__Bacteroidetes; c__Bacteroidia; o__Bacteroidales; f__Rikenellaceae; g__; s__	0.8
41e6128a24dd027328329f8ff961d00b	k__Bacteria; p__GN02; c__BD1-5; o__; f__; g__; s__	1.0
72a2dc5795bc3293e2fcdab29be6ad01	k__Bacteria; p__Proteobacteria; c__Gammaproteobacteria; o__Xanthomonadales; f__Xanthomonadaceae; g__; s__	1.0
76c29538932a17b69c1cc6e240ba184a	k__Bacteria; p__GN02; c__BD1-5; o__; f__; g__; s__	0.6
9626a96e96a0e1e49395d8a2e16c84ce	k__Bacteria; p__Proteobacteria; c__Betaproteobacteria; o__Burkholderiales; f__Comamonadaceae	1.0
2fd0464e8d3cd87ef55a7d8fec95f570	k__Bacteria; p__Planctomycetes; c__Planctomycetia; o__Pirellulales; f__Pirellulaceae; g__Pirellula; s__	1.0
07cd7e17b7273a71e98f4d7ce507eeb1	k__Bacteria; p__Cyanobacteria; c__4C0d-2; o__SM1D11; f__; g__; s__	0.6
c49902616a24b04b59f79d8b1ef7265c	k__Bacteria; p__Firmicutes; c__Clostridia; o__Clostridiales; f__Ruminococcaceae; g__Oscillospira; s__	1.0
32a34c9081d630ff37fd3206329b9a27	k__Bacteria; p__Proteobacteria; c__Gammaproteobacteria	1.0
795c3bc8220931b7d904ceea8f310455	k__Bacteria; p__Chlamydiae; c__Chlamydiia; o__Chlamydiales; f__Parachlamydiaceae	0.9
22085f4f31b34746413a85d6624ffab3	k__Bacteria; p__Proteobacteria; c__Betaproteobacteria; o__Burkholderiales; f__Comamonadaceae	1.0
d69d9ef1750ca3b9ebbea643731bfc14	k__Bacteria	1.0
b679ccaf5532bb1b72cb939c99ca8c8e	k__Bacteria; p__Proteobacteria; c__Alphaproteobacteria; o__Rhizobiales; f__; g__; s__	1.0
40aa47edfe0037ad4ac51f0a2ed22996	Unassigned	0.0
7ac43aaf3d71b2cde72f2ebbf024f056	k__Bacteria; p__Planctomycetes; c__Phycisphaerae; o__Phycisphaerales; f__; g__; s__	1.0
0d01943a8b4e137db3d378a5331d58aa	k__Bacteria; p__Bacteroidetes; c__Cytophagia; o__Cytophagales; f__Cytophagaceae; g__; s__	1.0
f412a1e77caa8c522b213df6bca2a76e	k__Bacteria; p__Verrucomicrobia; c__Opitutae; o__[Cerasicoccales]; f__[Cerasicoccaceae]; g__; s__	1.0
50f67db461711018ef8ba1a83542eccf	k__Bacteria; p__Proteobacteria; c__Deltaproteobacteria; o__Spirobacillales; f__; g__; s__	1.0
9139b8ce768e888ee9e84a1242a37500	k__Bacteria; p__Bacteroidetes; c__[Saprospirae]; o__[Saprospirales]; f__Saprospiraceae; g__; s__	1.0
5135ffad5e4decad5df7d0fe02f05728	k__Bacteria; p__Planctomycetes; c__Planctomycetia; o__Gemmatales; f__Gemmataceae; g__Gemmata; s__	1.0
cc0d97b9c7db255fc7c2eb9cca3f4975	k__Bacteria; p__Proteobacteria; c__Alphaproteobacteria; o__Rhizobiales; f__Hyphomicrobiaceae; g__Pedomicrobium; s__	0.8
08e7590a7ea250c80b8e5e7d00b372ce	k__Bacteria; p__Firmicutes; c__Erysipelotrichi; o__Erysipelotrichales; f__Erysipelotrichaceae; g__PSB-M-3; s__	0.7
841b5c770fb4e545f03fffd1137b0194	k__Bacteria; p__Proteobacteria; c__Gammaproteobacteria; o__Legionellales; f__Legionellaceae; g__Legionella; s__	0.7
bb408036973fd86dfd1189ac07800100	k__Bacteria; p__Planctomycetes; c__vadinHA49; o__DH61; f__; g__; s__	1.0
626b091fad68452dae88016abe9e38e1	k__Bacteria; p__Bacteroidetes; c__[Saprospirae]; o__[Saprospirales]; f__Saprospiraceae	0.9
8ffccedc6c80f0518f0e1e0c1ace30e9	k__Bacteria	1.0
a4822e4c9dbd6ff79466f46de7da0788	k__Bacteria; p__Planctomycetes; c__OM190; o__CL500-15; f__; g__; s__	1.0
796c88e3b11872127f60416dc7e4824f	k__Bacteria; p__Proteobacteria; c__Gammaproteobacteria; o__Methylococcales; f__Crenotrichaceae; g__Crenothrix; s__	0.7
e0560f4338c54db8280eb471a0e8b183	Unassigned	0.0
8ef942d79fb6bdf4a51e7c954ab097d6	k__Bacteria; p__Actinobacteria; c__Acidimicrobiia; o__Acidimicrobiales; f__C111; g__; s__	1.0
8db802d0a75b810e7f534ab1d47be45c	k__Bacteria; p__Proteobacteria; c__Betaproteobacteria	1.0
ea090ace2104ed7e9d8fe54d82f06236	k__Bacteria; p__Cyanobacteria; c__Chloroplast	1.0
2f6901d9e69f568178faa64b13284d33	k__Bacteria; p__Proteobacteria; c__Betaproteobacteria; o__Burkholderiales; f__Oxalobacteraceae; g__Polynucleobacter; s__cosmopolitanus	0.7
f882e73429b381c52a389908d90e46d1	k__Bacteria; p__Bacteroidetes; c__Cytophagia; o__Cytophagales; f__Cytophagaceae; g__Runella; s__	0.7
a70a5ccdf176f25d2106d27287266fee	k__Bacteria; p__Proteobacteria; c__Deltaproteobacteria; o__Syntrophobacterales; f__Syntrophaceae; g__; s__	0.8
714c8b1ebed283bcb6ffbea53ffa9b25	k__Bacteria; p__Verrucomicrobia; c__Verrucomicrobiae; o__Verrucomicrobiales; f__Verrucomicrobiaceae; g__Verrucomicrobium; s__	1.0
71ae2b1a9f009f40650ee1c73178d7bd	k__Bacteria; p__Bacteroidetes; c__Bacteroidia; o__Bacteroidales; f__S24-7; g__; s__	1.0
137698e1d1c4becc7e87ebd1264c22c0	k__Bacteria; p__Planctomycetes; c__Planctomycetia; o__Pirellulales; f__Pirellulaceae; g__; s__	1.0
a19fee82d60f24c550c299b2b356a16d	k__Bacteria; p__Proteobacteria; c__Betaproteobacteria; o__Burkholderiales; f__Comamonadaceae	1.0
40c7296a4ff925efc5c6e7c3da08221f	k__Bacteria; p__Acidobacteria; c__Solibacteres; o__Solibacterales	1.0
279b5e5bd0f4a0ab40388dc85aea1c28	k__Bacteria; p__Cyanobacteria; c__Nostocophycideae; o__Nostocales; f__Nostocaceae; g__Dolichospermum; s__	0.7
d4a169efc437f9cf7e6d2991ab1e7d4e	k__Archaea; p__Euryarchaeota; c__Methanobacteria; o__Methanobacteriales; f__Methanobacteriaceae; g__Methanobacterium; s__	0.7
864c870c2d37c91113908a2fa1c52fa8	k__Bacteria; p__Planctomycetes; c__Planctomycetia; o__Pirellulales; f__Pirellulaceae; g__; s__	1.0
ec9ef848bbae4af767726f700d691c86	k__Bacteria; p__Proteobacteria; c__Betaproteobacteria; o__Burkholderiales; f__Comamonadaceae; g__Hydrogenophaga; s__	1.0
f67bcb21d085954b828789c560348ae0	k__Bacteria; p__Firmicutes; c__Clostridia; o__Clostridiales	0.7
e670c43d89c359b87525abea6ef4529e	Unassigned	0.0
92d099a48a955e02a2f36d1a3b34bc07	k__Bacteria; p__Proteobacteria; c__Deltaproteobacteria; o__[Entotheonellales]; f__; g__; s__	1.0
7d8e35450f89de98e0b2c65cf7b0a752	k__Bacteria; p__Proteobacteria; c__Deltaproteobacteria; o__Desulfovibrionales; f__Desulfovibrionaceae; g__Desulfovibrio; s__mexicanus	1.0
d02132821ace1f5002f4263b8aa23606	k__Bacteria; p__Proteobacteria; c__Alphaproteobacteria; o__Rickettsiales; f__; g__; s__	1.0
2263fd8fd7ff894c47da1c8f3f089b80	k__Bacteria; p__Actinobacteria; c__Actinobacteria; o__Actinomycetales; f__Nocardiaceae; g__Rhodococcus; s__	1.0
66c319145335f4e984fbf19b2ab8b503	k__Bacteria; p__Proteobacteria; c__Deltaproteobacteria; o__Desulfuromonadales; f__Geobacteraceae; g__Geobacter; s__	0.9
81b74d50ba118f499e80cb3994db0e81	k__Bacteria; p__Proteobacteria; c__Deltaproteobacteria; o__Syntrophobacterales; f__Syntrophaceae; g__; s__	0.9
25f9d47d6bb225e74bb9780d1050bd10	k__Bacteria; p__Proteobacteria; c__Betaproteobacteria; o__Rhodocyclales; f__Rhodocyclaceae; g__Dechloromonas; s__	0.8
d160ea8eaa883122bac09660ca866088	k__Bacteria; p__Proteobacteria; c__Gammaproteobacteria; o__Pseudomonadales; f__Moraxellaceae; g__Perlucidibaca; s__	0.6
927c7f401e18a11f7895c5e8b0aaed0c	k__Bacteria; p__Proteobacteria; c__Deltaproteobacteria; o__Myxococcales; f__OM27; g__; s__	1.0
46bd663302aff9afd0eb9531ec923adb	k__Bacteria; p__OD1; c__ZB2; o__; f__; g__; s__	1.0
2e4bc654c782318c27bf2f1078a98c24	k__Bacteria; p__Proteobacteria; c__Gammaproteobacteria; o__Legionellales; f__Legionellaceae; g__Legionella; s__	1.0
d94850d3767cdac9a30786262e4b4f1e	k__Bacteria; p__Proteobacteria; c__Alphaproteobacteria; o__Rickettsiales; f__; g__; s__	0.9
a2543d08efe64424dc2650881dad9d80	k__Bacteria; p__Proteobacteria; c__Deltaproteobacteria; o__Spirobacillales; f__; g__; s__	1.0
c3fd93a49031e0a597978ff9e1129ccb	k__Bacteria; p__Proteobacteria; c__TA18; o__CV90; f__; g__; s__	1.0
f5caca1d8d67b6345fabe02474dd0e0c	k__Bacteria; p__Proteobacteria; c__Gammaproteobacteria; o__Thiotrichales; f__Thiotrichaceae; g__Thiothrix; s__	0.7
79363ae342defd759e29596ed1c9921f	k__Bacteria; p__Proteobacteria; c__Alphaproteobacteria; o__Rickettsiales; f__mitochondria; g__; s__	1.0
f9e5acd9f46237071db95ae09a43b948	k__Bacteria; p__Chlorobi; c__OPB56; o__; f__; g__; s__	1.0
f606e78e384ec32743f11795a2e18757	k__Bacteria; p__Proteobacteria; c__Alphaproteobacteria; o__Rhodobacterales; f__Rhodobacteraceae	0.8
165e2f98dfa19f8132f1a1c8d0ab4f4b	k__Bacteria; p__Armatimonadetes; c__Armatimonadia; o__Armatimonadales; f__Armatimonadaceae	1.0
be8936a0142dc9b00e4959c3913e5a08	k__Bacteria; p__Proteobacteria; c__Gammaproteobacteria	1.0
d663a80deb116170d6a531b95f4e8229	k__Bacteria; p__Proteobacteria; c__Alphaproteobacteria; o__Rhizobiales; f__; g__; s__	1.0
9d08cf4b256d9c6b17b02bc0fdb5ff35	k__Bacteria; p__Proteobacteria; c__Alphaproteobacteria	0.9
9e36e5870b7d026cfc343d77910bb12f	k__Bacteria; p__Verrucomicrobia; c__Verrucomicrobiae; o__Verrucomicrobiales; f__Verrucomicrobiaceae	1.0
7bf87f777b169aba90d59cf3765c0387	k__Bacteria; p__Proteobacteria; c__Deltaproteobacteria; o__MIZ46; f__; g__; s__	1.0
aedc5002a01a87bc99a85a80ac4abea2	k__Bacteria; p__OD1; c__ZB2; o__; f__; g__; s__	1.0
9721e05916e3844549918987708d0c4d	k__Bacteria; p__Firmicutes; c__Erysipelotrichi; o__Erysipelotrichales; f__Erysipelotrichaceae; g__PSB-M-3; s__	0.6
1ae9575a07806fa0d18db2951fcb0dce	k__Bacteria; p__Bacteroidetes; c__[Saprospirae]; o__[Saprospirales]; f__Saprospiraceae; g__; s__	0.9
a9ea5cd59aa5f0fdcc42ae741bf559ae	k__Bacteria; p__Cyanobacteria; c__Chloroplast; o__Chlorophyta; f__; g__; s__	1.0
fc0efebc5d116e73fdd1f60b29e16b62	k__Bacteria; p__Armatimonadetes; c__[Fimbriimonadia]; o__[Fimbriimonadales]; f__[Fimbriimonadaceae]; g__Fimbriimonas; s__	1.0
b0e1f6e1faf595467417228d0bed6143	k__Bacteria; p__Proteobacteria; c__Gammaproteobacteria; o__Alteromonadales; f__211ds20; g__; s__	0.9
31e6835910a485e7bb5c008181289ce7	k__Bacteria; p__Bacteroidetes; c__Cytophagia; o__Cytophagales; f__Cytophagaceae; g__Adhaeribacter; s__	0.9
036ef7e6d86b983b4ff075775c4cdbab	k__Archaea	0.6
f980a3a85573dfa213dda98ad9145a64	k__Bacteria; p__Proteobacteria; c__Gammaproteobacteria; o__Alteromonadales; f__[Chromatiaceae]; g__Rheinheimera; s__	0.8
46e40b8ca1c0385525bc8377f22734ab	k__Bacteria; p__Proteobacteria; c__Deltaproteobacteria; o__Spirobacillales; f__; g__; s__	0.9
3494106e230f0a75f72f68e491762ea1	k__Bacteria; p__Cyanobacteria; c__Chloroplast; o__Stramenopiles; f__; g__; s__	1.0
6af77de261504e5c3e7b9c668a7a445f	k__Bacteria; p__Verrucomicrobia; c__Verrucomicrobiae; o__Verrucomicrobiales; f__Verrucomicrobiaceae	1.0
53d8a8caf23db5d4e0dcf3a45c513a62	k__Bacteria; p__Bacteroidetes; c__Flavobacteriia; o__Flavobacteriales; f__Cryomorphaceae; g__Fluviicola; s__	1.0
d0732a62b2166839c4f58bfffabd9823	k__Bacteria; p__GN02; c__BD1-5; o__; f__; g__; s__	1.0
3bbadd1576d39ac19f8713d13f6ea295	k__Bacteria; p__Proteobacteria; c__Alphaproteobacteria; o__Rhodospirillales; f__Rhodospirillaceae; g__; s__	0.6
48886350f6cc23edbd2f1690013c863a	k__Bacteria; p__Proteobacteria; c__Gammaproteobacteria; o__Methylococcales; f__Crenotrichaceae; g__Crenothrix	0.7
6a249459a47b611e848a6abb25a69113	k__Bacteria; p__Chlamydiae; c__Chlamydiia; o__Chlamydiales; f__Parachlamydiaceae; g__Candidatus Protochlamydia; s__	0.6
8b4a26bcdacc09e247e950beec2c9ea8	k__Bacteria; p__Proteobacteria; c__Alphaproteobacteria; o__Rickettsiales; f__; g__; s__	1.0
567af449ab51aa8f6ac1e02b8323f73e	k__Bacteria; p__Proteobacteria; c__Alphaproteobacteria; o__Ellin329; f__; g__; s__	0.8
3dfb86bccfcbd089f7f3096182576fed	Unassigned	0.0
e01c9b9d2f7e953ba891f63ab5825a39	k__Bacteria; p__Firmicutes; c__Clostridia; o__Clostridiales; f__Clostridiaceae; g__Clostridium; s__	1.0
4cff8598167d721c51a231662c2cc832	k__Bacteria; p__Bacteroidetes; c__Sphingobacteriia; o__Sphingobacteriales; f__; g__; s__	0.9
c27afacf907726cfc8d2a27c56ac3099	k__Bacteria; p__Chlamydiae; c__Chlamydiia; o__Chlamydiales	0.8
ba76d67ccd381f2bd134db0193ff69d6	k__Bacteria; p__Proteobacteria; c__Alphaproteobacteria; o__Rhodobacterales; f__Rhodobacteraceae; g__Rhodobacter; s__	0.7
8bdc04744fcaacfee6140c3ac9312b28	k__Bacteria; p__Proteobacteria; c__Alphaproteobacteria; o__Rhodobacterales; f__Rhodobacteraceae; g__Rhodobacter; s__	0.7
2f2222ea195ea9aedeab8fb9defcb06f	k__Bacteria; p__Bacteroidetes; c__Flavobacteriia; o__Flavobacteriales; f__Flavobacteriaceae; g__Flavobacterium; s__	1.0
ad763ceec98eca55754ac7af1d6fa847	k__Bacteria; p__Bacteroidetes; c__[Saprospirae]; o__[Saprospirales]; f__Chitinophagaceae; g__; s__	1.0
d7914643b307a0b83938f13b40f48832	k__Bacteria; p__Planctomycetes; c__Planctomycetia; o__Planctomycetales; f__Planctomycetaceae; g__Planctomyces; s__	1.0
39cc45cde0d42661e45bdca9788f1391	k__Bacteria; p__Cyanobacteria; c__Chloroplast; o__Streptophyta; f__; g__; s__	1.0
f31192f35c52c707d91c5f1540c1bb78	k__Bacteria; p__Elusimicrobia; c__Elusimicrobia	0.9
7a6678216b99dc8fae707d4cb0be222e	k__Bacteria; p__Bacteroidetes; c__[Saprospirae]; o__[Saprospirales]; f__Chitinophagaceae; g__; s__	1.0
af5ea9d565c3e2afc2b5c0547baecb2c	k__Bacteria; p__Proteobacteria; c__Deltaproteobacteria; o__Desulfobacterales; f__Desulfobulbaceae; g__Desulfobulbus; s__	0.9
b52bc3507cea164f2b33aa5739817ac3	k__Bacteria; p__Actinobacteria; c__Actinobacteria; o__Actinomycetales; f__; g__; s__	0.9
94207e515b27c88ac54b93d8074ece1a	Unassigned	0.0
d3bffec6ccc91bae0fbf1f663a7b6f40	k__Bacteria; p__Bacteroidetes; c__[Saprospirae]; o__[Saprospirales]; f__Chitinophagaceae; g__; s__	0.9
2ce1fe7e0b2c88aa05f55b5d052fa5e3	k__Bacteria; p__Proteobacteria; c__Alphaproteobacteria; o__Rhizobiales; f__; g__; s__	1.0
6d4d06a71b21a8b2ebbece93c6abb4fb	k__Bacteria; p__Proteobacteria; c__Alphaproteobacteria; o__Rhodospirillales; f__Rhodospirillaceae; g__; s__	0.9
30121e13baea5e276cfda57521ba21b0	k__Bacteria	1.0
37bd906a3aa3f1260d55146cb5a4edc9	k__Bacteria; p__Proteobacteria; c__Alphaproteobacteria; o__Rickettsiales; f__; g__; s__	0.8
dbc54d9d5e1f7115fca522c2eca93353	k__Bacteria; p__OD1; c__ZB2; o__; f__; g__; s__	1.0
832ea66c14c20be080137e1cbfccb370	k__Bacteria; p__Firmicutes; c__Clostridia; o__Clostridiales; f__Clostridiaceae; g__Clostridium; s__	1.0
9a1718593bfc146ff6b4006c0090ed60	k__Bacteria; p__Proteobacteria; c__Gammaproteobacteria; o__Thiotrichales; f__Piscirickettsiaceae; g__; s__	0.8
62af4a38d296a815d4d4b4210bec6839	k__Bacteria; p__OP3	0.8
dd674677b31fdb0aa031b25604ec69e6	k__Bacteria; p__OD1; c__; o__; f__; g__; s__	1.0
0e8a13582115166d7033a27365f567c5	k__Bacteria; p__Bacteroidetes; c__[Saprospirae]; o__[Saprospirales]; f__Chitinophagaceae; g__; s__	0.8
fae5f94c06f2ca3d69cb7ddb2e899d30	k__Bacteria; p__Cyanobacteria; c__Chloroplast; o__Chlorophyta; f__Chlamydomonadaceae	0.6
72eee88b3bd824401761c07e90161e3f	k__Bacteria; p__Proteobacteria; c__Alphaproteobacteria; o__Rickettsiales; f__; g__; s__	0.8
e3a6b92ab7609b5e2908cad3e80f7d2a	k__Bacteria; p__Proteobacteria; c__Gammaproteobacteria; o__Methylococcales; f__Crenotrichaceae; g__Crenothrix; s__	0.6
56c719b9c5ee42c24fcccc8362abcd5a	k__Bacteria; p__OD1; c__ZB2; o__; f__; g__; s__	1.0
e5d291a19570050bb87cfc71fb129ba0	Unassigned	0.0
f5ac108fd100fea2e22c2d4b3759ccb8	k__Bacteria; p__Cyanobacteria; c__Chloroplast; o__Stramenopiles; f__; g__; s__	1.0
577b4beab6b207e4b7e8d5134bce4a51	k__Bacteria; p__Firmicutes; c__Clostridia; o__Clostridiales; f__[Mogibacteriaceae]; g__; s__	0.7
1f3f62c9be08852dd01d61bafc95b525	k__Bacteria; p__Bacteroidetes; c__Bacteroidia; o__Bacteroidales; f__; g__; s__	0.6
6574de469a6ee2bda8335f6f1504380a	k__Bacteria; p__OP8; c__OP8_1; o__; f__; g__; s__	1.0
cd315c1dd535de37f15457240753c1a0	k__Bacteria; p__Bacteroidetes; c__Bacteroidia; o__Bacteroidales; f__Porphyromonadaceae; g__Dysgonomonas; s__	1.0
1c8025638c16548420a45e8688b5e865	k__Bacteria; p__Bacteroidetes; c__[Saprospirae]; o__[Saprospirales]; f__; g__; s__	1.0
918a88a9812773e2561fa113d0f90d17	k__Bacteria; p__Proteobacteria; c__Gammaproteobacteria; o__Oceanospirillales; f__Oleiphilaceae; g__; s__	0.9
4566c787165d4b9dce85fbc7112a9943	k__Bacteria; p__Proteobacteria; c__Gammaproteobacteria; o__Alteromonadales; f__Alteromonadaceae; g__Cellvibrio; s__	1.0
b106b43ad4cb4901e18e8a0d6eeca16a	k__Bacteria; p__Proteobacteria; c__Alphaproteobacteria; o__Sphingomonadales; f__Erythrobacteraceae; g__Lutibacterium; s__	0.8
acf49a9a381d712917d6c3b9128c2db6	k__Bacteria; p__Proteobacteria; c__Deltaproteobacteria; o__Bdellovibrionales; f__Bdellovibrionaceae; g__Bdellovibrio; s__	1.0
792ae0fd83b92c2e3b33a0d70499044e	k__Archaea; p__[Parvarchaeota]; c__[Parvarchaea]; o__WCHD3-30; f__; g__; s__	1.0
fc384059bafedb11aba01245fe1bd0d6	k__Bacteria; p__TM6; c__SJA-4; o__; f__; g__; s__	1.0
190f1e3af3c06fe0bae1ebacfe8c8a8b	k__Bacteria; p__Proteobacteria; c__Alphaproteobacteria; o__Sphingomonadales; f__Sphingomonadaceae; g__Sphingomonas; s__	0.8
e054f28192d37a055c39d4e8dd3078e3	k__Bacteria; p__Proteobacteria; c__Gammaproteobacteria; o__Methylococcales	0.9
100f8261e3162509ae81640ff41c432d	k__Bacteria; p__WPS-2; c__; o__; f__; g__; s__	1.0
c74bc5bf217b81f83b42c4ac5305839c	k__Bacteria; p__Proteobacteria; c__Gammaproteobacteria; o__Legionellales; f__; g__; s__	1.0
d6468174abf3edfef785a4effea0b03d	k__Bacteria; p__Proteobacteria; c__Alphaproteobacteria; o__Rhizobiales; f__Hyphomicrobiaceae; g__; s__	0.6
ba1e121bf0773b8c944a2370a14d6fa4	k__Bacteria; p__Proteobacteria; c__Alphaproteobacteria; o__BD7-3; f__; g__; s__	1.0
95b7489c6409f761bc2d280b6344d5f3	k__Bacteria; p__Bacteroidetes; c__[Saprospirae]; o__[Saprospirales]; f__Saprospiraceae; g__; s__	1.0
5b3a7ea4848ef84649719970fd398d17	k__Bacteria; p__Actinobacteria; c__Actinobacteria; o__Actinomycetales	0.9
646357253e08e2f4ebfb1b4f16d54aac	k__Bacteria; p__Cyanobacteria; c__Chloroplast; o__Cryptophyta; f__; g__; s__	1.0
f461463df037f9b19d88addbfc3f0e64	k__Bacteria; p__Cyanobacteria; c__Chloroplast; o__Streptophyta; f__; g__; s__	1.0
67f2183226c5cdd1afcd1382203e7e35	k__Bacteria; p__OD1; c__; o__; f__; g__; s__	1.0
074dc734e799921de4e7f4286714deff	k__Bacteria; p__Cyanobacteria; c__Chloroplast; o__Streptophyta; f__; g__; s__	0.6
b32cf8fb8fed0e951bb833eb779e3663	k__Bacteria; p__Proteobacteria; c__Alphaproteobacteria; o__Rhizobiales; f__; g__; s__	0.8
c9ffea549984f831795ec73549796557	k__Bacteria; p__Verrucomicrobia; c__Opitutae; o__Opitutales; f__Opitutaceae; g__; s__	1.0
82758af8f6370abd5cf5d0bcf904e0ee	k__Bacteria; p__Bacteroidetes; c__Cytophagia; o__Cytophagales; f__Cytophagaceae; g__; s__	1.0
e30317fbfc7ed4525b6f4f3fb30de544	Unassigned	0.0
4a0e1aaee336631ebcdbc3e47b8b15e6	k__Bacteria; p__Bacteroidetes; c__[Saprospirae]; o__[Saprospirales]; f__Saprospiraceae; g__Haliscomenobacter; s__	1.0
b27964010eae3e6fceb03fd9e4f6a07a	k__Bacteria; p__Proteobacteria; c__Alphaproteobacteria; o__Rhodobacterales; f__Rhodobacteraceae; g__Paracoccus	0.8
418beca6e173ce91599892e3c1678b57	k__Bacteria; p__Cyanobacteria; c__Synechococcophycideae; o__Synechococcales; f__Synechococcaceae; g__Synechococcus; s__	1.0
98a229f43c510175d976a4c7b7ffb882	k__Bacteria; p__Proteobacteria; c__Alphaproteobacteria; o__Rhizobiales; f__Hyphomicrobiaceae; g__Hyphomicrobium; s__	0.9
90722db281f405db958a8c83fa2cf603	k__Bacteria; p__Proteobacteria; c__Alphaproteobacteria	1.0
26d14f422db12dd685ed3b9c207df4a4	k__Bacteria; p__Acidobacteria; c__Acidobacteria-6; o__iii1-15; f__; g__; s__	1.0
78c9bfe486395b15c6aa8b86ee9c43c4	k__Bacteria; p__Proteobacteria; c__Alphaproteobacteria; o__Rickettsiales; f__mitochondria; g__; s__	1.0
f26c2e9ed0eebfac92773813ded533d9	k__Bacteria; p__Bacteroidetes; c__[Saprospirae]; o__[Saprospirales]; f__Saprospiraceae; g__Haliscomenobacter; s__	1.0
7c8ccdcf32dcefba741bd5f77c7af0e4	k__Bacteria; p__WS3; c__PRR-12; o__GN03; f__; g__; s__	0.8333333333333334
c9db08721e7648b92f314e9179d4ab64	k__Bacteria; p__Proteobacteria; c__Alphaproteobacteria; o__; f__; g__; s__	1.0
4a0ff64ef1ed9598f3f1dcc071a6cc32	k__Bacteria; p__Proteobacteria; c__Gammaproteobacteria; o__; f__; g__; s__	1.0
faa1d4def94eba0b60e7c34c9217ce0a	Unassigned	0.0
c3a129911cdaecd4e3bcd6a0808e4845	k__Bacteria; p__Bacteroidetes; c__Bacteroidia; o__Bacteroidales; f__SB-1; g__; s__	0.6
1ec432292d194401304f805cc787f73f	k__Bacteria; p__Proteobacteria; c__Deltaproteobacteria; o__[Entotheonellales]; f__; g__; s__	1.0
a338a95cb842a17782583fe5b26fdf82	k__Bacteria; p__Proteobacteria; c__Alphaproteobacteria; o__Rhodobacterales; f__Hyphomonadaceae; g__; s__	1.0
134d67b784a5571c068e4514dc8202bf	k__Bacteria; p__Verrucomicrobia; c__Verrucomicrobiae; o__Verrucomicrobiales; f__Verrucomicrobiaceae; g__Luteolibacter; s__	1.0
193a23a528872044162a3770ae576d64	k__Bacteria; p__Proteobacteria; c__Alphaproteobacteria; o__; f__; g__; s__	0.8
dddb08e524384071cf04deb2a6e28ea0	k__Bacteria; p__Proteobacteria; c__Alphaproteobacteria; o__Rhizobiales; f__; g__; s__	0.9
e69fba6d3cb1dce5a6e30279c393eb0c	k__Bacteria; p__Bacteroidetes; c__[Saprospirae]; o__[Saprospirales]; f__Chitinophagaceae; g__; s__	1.0
f9d790d00528e1d189ac4f557768adce	k__Bacteria; p__Planctomycetes; c__Planctomycetia; o__Gemmatales; f__Gemmataceae; g__; s__	1.0
38824442906484ee41220634c7d65627	k__Bacteria; p__Verrucomicrobia; c__[Pedosphaerae]; o__[Pedosphaerales]; f__Ellin515; g__; s__	1.0
18fb6466f92e74704282a2fa2868c70d	k__Bacteria; p__Proteobacteria; c__Deltaproteobacteria; o__Myxococcales; f__OM27; g__; s__	1.0
3edeb7b7c900712bb53bae058b6d8366	k__Bacteria; p__Proteobacteria; c__Alphaproteobacteria	1.0
43adcf6c2d17e8affcdde9718c16b707	k__Bacteria; p__Bacteroidetes; c__Bacteroidia; o__Bacteroidales; f__Bacteroidaceae	0.7
9aac955a57f9b4557cb3e01fe14ca0ad	k__Bacteria; p__Chlamydiae; c__Chlamydiia; o__Chlamydiales; f__Parachlamydiaceae	0.9
5ef596bb37b785bb1df461246bb43ed4	k__Bacteria; p__Proteobacteria; c__Alphaproteobacteria; o__Rhizobiales; f__Rhizobiaceae; g__Agrobacterium; s__	0.9
f173f725557c262ae3c3f5ea83f5a608	k__Bacteria; p__Chlorobi; c__OPB56; o__; f__; g__; s__	1.0
c74bd5797eef8a66e64361b1543db5cb	k__Bacteria; p__Proteobacteria; c__Deltaproteobacteria	0.8
bc89bad4b967047887a99567822416ba	k__Bacteria; p__Proteobacteria; c__Alphaproteobacteria; o__Sphingomonadales; f__Erythrobacteraceae; g__; s__	0.9
ae50924dea6a5245c1fc4c8b98896b63	Unassigned	0.0
43ccfca4f43ffdce5c16e897ed0f39b9	k__Bacteria; p__Planctomycetes; c__Planctomycetia; o__Pirellulales; f__Pirellulaceae; g__; s__	1.0
e4e191f2ad16365b7a489b3f7bb98b3d	k__Bacteria; p__Proteobacteria; c__Alphaproteobacteria	1.0
8b262de5bdc42e09a3f0b5cc855f1ab9	k__Bacteria; p__OD1; c__ZB2; o__; f__; g__; s__	1.0
4c0d861af2d2875aaeb89f82c52fb19c	k__Bacteria; p__Verrucomicrobia; c__Verrucomicrobiae; o__Verrucomicrobiales; f__Verrucomicrobiaceae; g__Luteolibacter; s__	0.9
f4fab4ff728054b7a054ead793033489	k__Bacteria; p__Proteobacteria; c__Deltaproteobacteria; o__Desulfuromonadales; f__Geobacteraceae; g__Geobacter; s__	1.0
96272e66eb2ab92ec8ff446f085a6db5	k__Bacteria; p__Proteobacteria; c__Deltaproteobacteria; o__Myxococcales; f__; g__; s__	0.9
0469b390f4bde19a03d5c281dba7c765	k__Bacteria; p__Proteobacteria; c__Alphaproteobacteria; o__BD7-3; f__; g__; s__	1.0
2035653d9ecf37643fd12218eec89e92	k__Bacteria; p__TM6; c__SBRH58; o__; f__; g__; s__	0.9
291d501e47bf1df960f5279a585c1d0d	k__Bacteria; p__Actinobacteria; c__Acidimicrobiia; o__Acidimicrobiales; f__JdFBGBact; g__; s__	1.0
9d36e2375d483256f6e40936f1cde839	k__Bacteria; p__Proteobacteria; c__Betaproteobacteria; o__Burkholderiales; f__Comamonadaceae	1.0
7eafb4d3a2687490314da0eaf9fb4300	k__Bacteria; p__Bacteroidetes; c__Cytophagia; o__Cytophagales; f__[Amoebophilaceae]; g__; s__	0.7
e726f4fe7672eb6757d5100eb580cf4f	k__Bacteria; p__Firmicutes; c__Clostridia; o__Clostridiales; f__Clostridiaceae; g__Clostridium; s__perfringens	1.0
cd3462a609bcfb5b8d044ef8cd74f4e3	k__Bacteria; p__Proteobacteria	1.0
e03a9910cb403923b07dc19d56f7e52d	k__Bacteria; p__Bacteroidetes; c__Bacteroidia; o__Bacteroidales; f__; g__; s__	0.8
d811e3a970b01f3a5903e72b54c90621	k__Bacteria; p__Chlamydiae; c__Chlamydiia; o__Chlamydiales; f__Rhabdochlamydiaceae; g__Candidatus Rhabdochlamydia; s__	0.6
461dd92e7c8f48eeca02425b6f6d6e5e	k__Bacteria; p__Bacteroidetes; c__Flavobacteriia; o__Flavobacteriales; f__Cryomorphaceae; g__Fluviicola; s__	1.0
bd51124ec53f30b58e97286a7c5ddf92	k__Bacteria; p__Proteobacteria	0.9
1d8072b2d8aa7a0df619d7728dee0977	k__Bacteria; p__Bacteroidetes; c__Flavobacteriia; o__Flavobacteriales; f__[Weeksellaceae]; g__Chryseobacterium; s__	1.0
525d5f68d0a670a7cdf59c585c42eb3e	k__Bacteria; p__OD1; c__ZB2; o__; f__; g__; s__	1.0
9d89a04787f63923bf20567431704869	k__Bacteria; p__Proteobacteria; c__Deltaproteobacteria; o__Spirobacillales; f__; g__; s__	1.0
44c9057e14742dbd2ebc1acc0ad8bd07	k__Bacteria; p__Bacteroidetes; c__Cytophagia; o__Cytophagales; f__Cytophagaceae; g__; s__	1.0
3153b8d249a45c079230ea19336c0fce	k__Bacteria; p__Acidobacteria; c__[Chloracidobacteria]; o__RB41; f__Ellin6075; g__; s__	1.0
8a4958898d55aac6ea67994c77e022a5	k__Bacteria; p__Proteobacteria; c__Deltaproteobacteria; o__Myxococcales; f__Haliangiaceae; g__; s__	1.0
bc5c945aa1f7a11b9b8906308e80fe82	k__Bacteria; p__Proteobacteria; c__Gammaproteobacteria; o__Xanthomonadales; f__Sinobacteraceae; g__; s__	0.6
680b14de2073cd8f34ed06e613a46021	k__Bacteria; p__OD1; c__ABY1; o__; f__; g__; s__	1.0
9da99664e7501cbc5e8e39ee2424b0d9	k__Bacteria; p__Proteobacteria; c__Betaproteobacteria; o__Rhodocyclales; f__Rhodocyclaceae; g__Dechloromonas; s__	0.8
fa501ad3255176157eae81d4af8a960f	k__Bacteria; p__Bacteroidetes; c__Cytophagia; o__Cytophagales; f__Cytophagaceae; g__; s__	0.9
7d9979b27584c6556b0cdc6af4405681	Unassigned	0.0
457f46196d3ce07c679d68c5a7509499	Unassigned	0.0
360ed89091c8cf67589592201732f53a	k__Bacteria; p__Proteobacteria; c__Deltaproteobacteria; o__Myxococcales; f__; g__; s__	0.7
6f356b1faf1a99937be107d9185b8ce1	k__Bacteria; p__Proteobacteria; c__Betaproteobacteria; o__Burkholderiales; f__; g__; s__	0.9
8aca83dff70fc98345a600834370a60a	k__Bacteria; p__Proteobacteria; c__Deltaproteobacteria	0.6666666666666666
8da6184955a3830ea7a0740326a94189	k__Bacteria; p__Actinobacteria; c__Acidimicrobiia; o__Acidimicrobiales; f__C111; g__; s__	1.0
00ef6d587b9ed58cb4947f74c4c22c55	k__Bacteria; p__Proteobacteria	1.0
0995e18686374a7f3f51f127b1f7e930	k__Bacteria; p__Proteobacteria; c__Gammaproteobacteria; o__Xanthomonadales; f__Sinobacteraceae; g__; s__	1.0
3cb80741a8cbbaf15437362b70b125b3	k__Bacteria; p__Proteobacteria; c__Gammaproteobacteria; o__Legionellales; f__Coxiellaceae; g__Aquicella; s__	1.0
acc4bf3acf0bdaa6057d241a5a6e9eb2	k__Bacteria; p__Proteobacteria; c__Deltaproteobacteria; o__Bdellovibrionales; f__Bacteriovoracaceae; g__; s__	0.9
6f80796a7114ec8e3bc7656bcb130ecd	k__Bacteria; p__Proteobacteria; c__Deltaproteobacteria; o__Myxococcales; f__; g__; s__	0.7
d03828d7c489fb3e2bedc8ad5c25ca96	k__Bacteria; p__Bacteroidetes; c__Flavobacteriia; o__Flavobacteriales; f__Flavobacteriaceae; g__Flavobacterium; s__	1.0
a1e62fd89ea425b96a9e5c7d3a5259d9	k__Bacteria; p__Firmicutes; c__Clostridia; o__Clostridiales; f__Clostridiaceae; g__Clostridium; s__	1.0
4da891896a37ea3a0525dab6edd8ee7a	k__Bacteria; p__Actinobacteria; c__Actinobacteria; o__Actinomycetales; f__Microbacteriaceae; g__; s__	0.6
e9539cecc1916e9ab1f850bb400c6eb3	k__Bacteria; p__Armatimonadetes; c__[Fimbriimonadia]; o__[Fimbriimonadales]; f__[Fimbriimonadaceae]	1.0
e0298020acc03aedb1a450f0388765ea	k__Bacteria; p__Cyanobacteria; c__Chloroplast; o__Chlorophyta; f__; g__; s__	1.0
266153d4bb333157c88f622033b51de2	k__Bacteria; p__Proteobacteria; c__Betaproteobacteria; o__Burkholderiales; f__Comamonadaceae	0.9
8eaf3eb4a6044c3ff5cafcd6cd363314	k__Bacteria; p__Proteobacteria; c__Betaproteobacteria; o__SBla14; f__; g__; s__	0.8
b5c00a2c7c453da128b8690aa1658101	k__Bacteria; p__Proteobacteria; c__Gammaproteobacteria; o__Pseudomonadales; f__Pseudomonadaceae; g__Pseudomonas; s__alcaligenes	0.8
c1c8d3e54e7c737c8eb46f29add0280d	k__Bacteria; p__Bacteroidetes; c__Sphingobacteriia; o__Sphingobacteriales; f__Sphingobacteriaceae; g__Pedobacter; s__	0.6
2e7c9fa628e7263ad0be419619c3c7f0	k__Bacteria; p__Proteobacteria; c__Deltaproteobacteria; o__MIZ46; f__; g__; s__	1.0
ce6779342a2f6c81d63d6cd7e5959038	k__Bacteria; p__Bacteroidetes	1.0
dc2182ac57a32a5750171f06c98006a8	k__Bacteria; p__Proteobacteria; c__Gammaproteobacteria	0.7
ee7b28c28d419a441210856c2942d4ac	k__Bacteria; p__Proteobacteria; c__Gammaproteobacteria; o__Legionellales; f__Coxiellaceae; g__; s__	0.9
72935970d3d0991f1d9dd04e1789b79e	k__Bacteria; p__Proteobacteria; c__Alphaproteobacteria; o__Rickettsiales; f__Pelagibacteraceae; g__; s__	1.0
830349f04a7ede37de2776fb7e53c374	k__Bacteria; p__Proteobacteria; c__Deltaproteobacteria; o__Desulfobacterales; f__Desulfobulbaceae; g__; s__	0.9
14b15a6f9184e48358b182b496e575a6	k__Bacteria; p__Bacteroidetes; c__[Saprospirae]; o__[Saprospirales]; f__Chitinophagaceae; g__; s__	0.9
581926b4e1bf62fe852741bf0a0d2a5f	k__Bacteria; p__Cyanobacteria; c__Chloroplast; o__Stramenopiles; f__; g__; s__	1.0
021fae97f37375fa9035bbb66c78e298	k__Bacteria; p__Proteobacteria; c__Gammaproteobacteria; o__Methylococcales; f__Methylococcaceae	0.6
8fa4d5e34e2e380c655f426266127bf0	k__Bacteria; p__Proteobacteria; c__Gammaproteobacteria; o__Legionellales; f__; g__; s__	0.6
6b86fa0247c2bc6d81e63e71d565f423	k__Bacteria; p__Proteobacteria; c__Betaproteobacteria; o__Burkholderiales; f__Comamonadaceae; g__Methylibium; s__	0.6
ce8c87123f6ea75efda81d09140b9f3a	k__Bacteria; p__Firmicutes; c__Clostridia; o__Clostridiales; f__Ruminococcaceae; g__Oscillospira; s__	0.8
07d84d380eb96d1b6871d8f2dc829bf6	Unassigned	0.0
35f3daed0b036a074a047468741ed0db	k__Bacteria; p__Proteobacteria; c__Alphaproteobacteria; o__Rhodobacterales; f__Rhodobacteraceae; g__Rhodobacter; s__	1.0
2c2f7298eaa3a27ecf6eb0777819826a	Unassigned	0.0
54daacb1af2c49784abc354fc8c852ce	k__Bacteria; p__Bacteroidetes	1.0
7a2c94bc5948eca8740c3b782eaad8df	k__Bacteria; p__Tenericutes; c__Mollicutes; o__; f__; g__; s__	0.9
eb4cecaa41b8c1cb420240a84c2ef29b	k__Bacteria; p__Verrucomicrobia; c__[Pedosphaerae]; o__[Pedosphaerales]; f__R4-41B; g__; s__	0.7
e2505e0c9858d400f8a2d625f1f989d9	k__Bacteria; p__Proteobacteria; c__Gammaproteobacteria; o__HTCC2188; f__HTCC2089; g__; s__	1.0
ea6ceca3650af4522c5e91c56fc34dac	k__Bacteria; p__Proteobacteria; c__Deltaproteobacteria; o__Desulfuromonadales; f__Geobacteraceae; g__Geobacter; s__	0.8
730d5feef396564769f834f0844a9751	k__Bacteria; p__Proteobacteria; c__Alphaproteobacteria; o__Rhodospirillales; f__Rhodospirillaceae; g__; s__	0.9
23b90da679f24a9860cce72ef284ea09	k__Bacteria; p__Tenericutes; c__Mollicutes; o__Mycoplasmatales; f__Mycoplasmataceae; g__Mycoplasma; s__	1.0
483260fd3657d5fa6b4cd1d9770b9af2	Unassigned	0.0
a1d774ea08911b75367f6b85eb3d8b07	k__Bacteria; p__Proteobacteria; c__Alphaproteobacteria; o__BD7-3; f__; g__; s__	1.0
7531e056b53c527c499f7cae20511514	Unassigned	0.0
f30bfd20614ddd2f3358df6fae50748a	k__Bacteria; p__Actinobacteria; c__Thermoleophilia; o__Solirubrobacterales; f__Patulibacteraceae; g__; s__	1.0
5bb771b9055b9accc245f26270e66fb7	k__Bacteria; p__Proteobacteria; c__Gammaproteobacteria; o__Legionellales; f__Legionellaceae; g__Legionella; s__	0.9
314bec82774bd45f65c4fb7b42cb0797	k__Bacteria; p__Proteobacteria; c__Alphaproteobacteria; o__BD7-3; f__; g__; s__	1.0
b013b72e730500a61e54de676b9265ab	k__Bacteria; p__Proteobacteria; c__Gammaproteobacteria; o__Methylococcales; f__Crenotrichaceae; g__Crenothrix; s__	1.0
8b6bb31d27f823ed3a5e379f3d2d5ec3	k__Bacteria; p__Actinobacteria; c__Acidimicrobiia; o__Acidimicrobiales; f__; g__; s__	1.0
3a1adfaffd0e2ee1b7e7d970ce9aa1db	k__Bacteria; p__Actinobacteria; c__Actinobacteria; o__Actinomycetales; f__ACK-M1; g__; s__	1.0
ba92c4c97ccbf435c4d7701b98f45fb5	k__Bacteria; p__Proteobacteria; c__Deltaproteobacteria; o__Myxococcales; f__OM27; g__; s__	1.0
8cc382bd8cc5f8e5318cfa8f426e767f	k__Bacteria; p__Bacteroidetes; c__Sphingobacteriia; o__Sphingobacteriales; f__; g__; s__	1.0
4e59983ae6a07366c1056865ef3e372e	k__Bacteria; p__Bacteroidetes; c__Sphingobacteriia; o__Sphingobacteriales; f__; g__; s__	0.8
8f6d771062fd1300e05eeb96868d65fa	k__Bacteria; p__Bacteroidetes; c__Flavobacteriia; o__Flavobacteriales; f__Flavobacteriaceae; g__Flavobacterium; s__	1.0
1a5832fde0ef25bbf5f76f688f17b614	k__Bacteria; p__Proteobacteria; c__Epsilonproteobacteria; o__Campylobacterales; f__Helicobacteraceae; g__Sulfurimonas; s__	1.0
9cafd3c21441fe1d628f422aa60a1fd4	k__Bacteria; p__Bacteroidetes; c__Sphingobacteriia; o__Sphingobacteriales; f__; g__; s__	0.8
1d9f4e7334763d5a532136304d0b651e	k__Bacteria; p__Proteobacteria; c__Betaproteobacteria; o__Burkholderiales; f__Comamonadaceae; g__; s__	0.6
729682efbe425b07465e189474d73d19	k__Bacteria; p__Armatimonadetes; c__[Fimbriimonadia]; o__[Fimbriimonadales]; f__[Fimbriimonadaceae]	1.0
3899b7a4e23380dfa0e1258b811d5abe	k__Bacteria; p__Proteobacteria; c__Betaproteobacteria; o__Burkholderiales; f__Comamonadaceae; g__Hydrogenophaga; s__	0.6
aeb8aec2a8dfdb01e49707f561965bdc	k__Bacteria; p__Firmicutes; c__Clostridia; o__Clostridiales; f__Ruminococcaceae; g__; s__	0.8
5920395267998106ddff18082921e4d1	k__Bacteria; p__Chloroflexi; c__Chloroflexi; o__[Roseiflexales]; f__; g__; s__	0.8
607a4efe2f54ea6deacbcb3f6c83d9d5	k__Bacteria; p__Proteobacteria; c__Betaproteobacteria; o__Burkholderiales; f__; g__; s__	0.6
156c5152173525e1a01afee33179f37f	k__Bacteria; p__OD1; c__; o__; f__; g__; s__	1.0
d3b7ff7564939f278270785f0eb79104	k__Bacteria; p__Bacteroidetes	1.0
61cb9624d80ad2a84575e9b875c7426f	k__Bacteria; p__Firmicutes; c__Clostridia; o__Clostridiales; f__Clostridiaceae; g__; s__	0.7
c73ddf7479d224c938f028d804ed773e	k__Bacteria; p__Proteobacteria; c__Alphaproteobacteria; o__; f__; g__; s__	1.0
d895ea1ec59d901ee5e0261df69d5569	k__Bacteria; p__Proteobacteria; c__Alphaproteobacteria; o__Rickettsiales; f__mitochondria	0.7142857142857143
97796788df3de88bd6ffc3562eca1b10	k__Bacteria; p__Proteobacteria; c__Deltaproteobacteria; o__Syntrophobacterales; f__Syntrophaceae; g__Desulfomonile; s__	1.0
8a235470019a7279785e10b84e5f9356	k__Bacteria; p__Planctomycetes; c__Planctomycetia; o__Pirellulales; f__Pirellulaceae; g__; s__	0.6
12be356771902aace4c530217307d675	k__Bacteria; p__Proteobacteria; c__Deltaproteobacteria; o__Desulfuromonadales; f__Geobacteraceae; g__Geobacter; s__	0.7
60e482857f8ffaedfc3b06b5e4421725	k__Bacteria; p__Proteobacteria; c__Deltaproteobacteria; o__Myxococcales; f__; g__; s__	0.7
3e24cf15eaa4f950b4f42676c3df9c21	k__Bacteria; p__Armatimonadetes; c__[Fimbriimonadia]; o__[Fimbriimonadales]; f__[Fimbriimonadaceae]	0.7
b0d43303ed5d1765aaa16d4e6fb7b628	k__Bacteria; p__Armatimonadetes; c__[Fimbriimonadia]; o__[Fimbriimonadales]; f__[Fimbriimonadaceae]	1.0
f6c992504e99b265deae75e9bcb81982	k__Bacteria; p__WPS-2; c__; o__; f__; g__; s__	1.0
493b7473da9e8cc046cc72f5fbb5f19d	k__Bacteria; p__Bacteroidetes; c__[Saprospirae]; o__[Saprospirales]; f__Saprospiraceae; g__; s__	1.0
6ddca2fbb419329c4286e4ce0092059e	k__Bacteria; p__Proteobacteria; c__Alphaproteobacteria; o__Rhizobiales; f__Rhizobiaceae; g__Agrobacterium; s__	0.8
8786654efbb8eb81ce7432866348c7cf	k__Bacteria; p__Proteobacteria; c__Betaproteobacteria; o__Burkholderiales; f__Oxalobacteraceae; g__; s__	0.8
3a72e1a080189ab49586460bb6dcaa40	k__Bacteria	1.0
375a1ee3ed7196c1b8d51a414dbf9b27	k__Bacteria; p__OD1; c__ZB2; o__; f__; g__; s__	1.0
95f1c3893fc20484a1efdd9d1e3e3fc0	k__Bacteria; p__OD1; c__; o__; f__; g__; s__	0.7777777777777778
f50c75e8be9dc81d4639df18ccd6ec1c	k__Bacteria; p__Verrucomicrobia; c__Verruco-5; o__LD1-PB3; f__; g__; s__	1.0
b00b6f85951b345aeb468ab25d98dd47	k__Bacteria; p__Proteobacteria; c__Alphaproteobacteria; o__Rhodobacterales; f__Rhodobacteraceae; g__Rhodobacter; s__	1.0
69baee9e8d246dd291f099a3a86ae3d0	k__Bacteria; p__Acidobacteria; c__Acidobacteriia; o__Acidobacteriales; f__Acidobacteriaceae; g__; s__	0.7
89f77787a8781428e4483e086aa425ff	k__Bacteria; p__Bacteroidetes; c__Flavobacteriia; o__Flavobacteriales; f__Flavobacteriaceae; g__Flavobacterium; s__	1.0
f310a0edbc4817f96d2145aa78fddb32	k__Bacteria; p__Actinobacteria; c__Acidimicrobiia; o__Acidimicrobiales; f__C111; g__; s__	1.0
981be0fb77d4489f372c4f26c4542774	k__Bacteria; p__Proteobacteria; c__Alphaproteobacteria; o__Rhizobiales; f__Hyphomicrobiaceae	1.0
a9352065ec0c1b3461ec12fc18425a4e	k__Bacteria; p__Bacteroidetes; c__Cytophagia; o__Cytophagales; f__Cytophagaceae; g__Runella; s__	1.0
0d269a50cf341acfe04b7f0db69ac9df	k__Bacteria; p__Bacteroidetes; c__[Saprospirae]; o__[Saprospirales]; f__Chitinophagaceae; g__; s__	1.0
97dff03c3f7bee5968ee5006df62f20c	k__Bacteria; p__Proteobacteria; c__Deltaproteobacteria; o__Syntrophobacterales; f__Syntrophaceae; g__; s__	0.8
58cea618bdefbc8462c25c6feb89cc5b	k__Bacteria; p__Actinobacteria; c__Actinobacteria; o__Actinomycetales; f__Nocardiaceae; g__Rhodococcus; s__	1.0
16f1490937e8c6578595c931ff61b6c8	k__Bacteria	1.0
d6ee72dbc7d144eabd8926f07faca1c5	k__Bacteria; p__Proteobacteria; c__Alphaproteobacteria; o__Rickettsiales; f__; g__; s__	1.0
f28ce6e80ae503ca2774e79ad38f3bd8	k__Bacteria; p__Cyanobacteria; c__Chloroplast; o__Streptophyta; f__; g__; s__	1.0
40b855d7516a688098e2131fc025d2c7	k__Bacteria; p__Verrucomicrobia; c__[Pedosphaerae]; o__[Pedosphaerales]	1.0
6b6dceaaa77754c6e57af28497e73c2a	k__Bacteria; p__Proteobacteria; c__Deltaproteobacteria; o__Syntrophobacterales; f__Syntrophaceae; g__; s__	1.0
36a3aee988c2b49d3d60835cd826a5e4	k__Bacteria; p__Proteobacteria; c__Deltaproteobacteria; o__PB19; f__; g__; s__	1.0
af19dd0fb323374fa5c554e1f806cd0f	k__Bacteria; p__Proteobacteria; c__Gammaproteobacteria; o__Pseudomonadales; f__Pseudomonadaceae; g__Pseudomonas	0.7
177127a7b85c56ba91871a782567f1bb	k__Bacteria; p__Proteobacteria; c__Gammaproteobacteria; o__Xanthomonadales; f__Xanthomonadaceae; g__; s__	0.7
378c5ba58aa815d826a826addf88693e	k__Bacteria; p__Bacteroidetes; c__Flavobacteriia; o__Flavobacteriales; f__Cryomorphaceae; g__Fluviicola; s__	1.0
53e8e1fa7ec972c0029ce794530369c2	k__Bacteria; p__Proteobacteria; c__Alphaproteobacteria; o__Caulobacterales; f__Caulobacteraceae; g__Asticcacaulis; s__	0.6
131342aeffa3ee694934e6fb29b8e8e1	k__Bacteria; p__Planctomycetes; c__Planctomycetia; o__Pirellulales; f__Pirellulaceae; g__; s__	1.0
19925c7ffa6a9e0c7bcfd7b8855f4c46	k__Bacteria; p__OD1; c__; o__; f__; g__; s__	0.9
82c2ee3bfcd59dac590a3075dfede098	k__Bacteria; p__Planctomycetes; c__Phycisphaerae; o__Phycisphaerales; f__; g__; s__	0.8888888888888888
2caa72a3b1a6f92d1548cc7f11de448c	k__Bacteria; p__Firmicutes; c__Clostridia; o__Clostridiales; f__Clostridiaceae; g__Clostridium; s__	0.7
b11bc9a1d3fd008a2aa73c5abfeb4ce9	k__Bacteria; p__Proteobacteria; c__Gammaproteobacteria	1.0
4c12b62a7183eb75827eac7d71209750	k__Bacteria; p__Actinobacteria; c__Actinobacteria; o__Actinomycetales; f__Corynebacteriaceae; g__Corynebacterium; s__	1.0
e048d0e0ed98844122996ed8cfe32cd2	k__Bacteria; p__Proteobacteria; c__Deltaproteobacteria; o__Syntrophobacterales; f__Syntrophobacteraceae; g__; s__	1.0
aa9c1dfebde3e716dc7cc7a7eef09847	k__Bacteria; p__Proteobacteria; c__Deltaproteobacteria; o__Desulfobacterales; f__Desulfobulbaceae; g__; s__	0.6
4df0c04c72267beedd0195d22f17064e	k__Bacteria; p__Proteobacteria; c__Gammaproteobacteria	1.0
8716a84260139b1573db6ba7c0a16735	k__Bacteria; p__Firmicutes; c__Clostridia; o__Clostridiales; f__Peptostreptococcaceae; g__; s__	0.9
5ca5dee9ecaed78cc485114f7d1c7e02	k__Bacteria; p__Proteobacteria; c__Deltaproteobacteria; o__Spirobacillales; f__; g__; s__	1.0
88a602b9405c777af4372e415af1cfdb	k__Bacteria; p__[Thermi]; c__Deinococci; o__Deinococcales; f__Trueperaceae	1.0
12a9ce1b412d4af3b50fe54dea4d006b	k__Bacteria; p__Firmicutes; c__Bacilli; o__Turicibacterales; f__Turicibacteraceae; g__Turicibacter; s__	1.0
646234556313ce99c8558061f4d73fec	k__Bacteria; p__Proteobacteria; c__Alphaproteobacteria	0.6
e54bc8fa478bbc156377e5e52e90df2a	k__Bacteria; p__Actinobacteria; c__Acidimicrobiia; o__Acidimicrobiales; f__; g__; s__	1.0
77423430832adb3c1b33c81e3492e1bf	k__Bacteria; p__Proteobacteria; c__Gammaproteobacteria; o__Thiotrichales; f__Thiotrichaceae; g__Thiothrix; s__	0.7
1aeb7b50094e4010ab766d0f5f26b758	k__Bacteria; p__Proteobacteria; c__Betaproteobacteria; o__Thiobacterales; f__; g__; s__	0.6
4e8b51ae6abbe54ca03a2142bde8b425	k__Bacteria; p__Proteobacteria; c__Gammaproteobacteria; o__Legionellales	0.6
627ff243e325c76ab4753d64d74e8d32	k__Bacteria; p__Fibrobacteres; c__Fibrobacteria; o__Fibrobacterales; f__Fibrobacteraceae; g__Fibrobacter; s__succinogenes	0.6
4edfbe5d7f1b142e3fbfd1af001209d4	k__Bacteria; p__Proteobacteria; c__Deltaproteobacteria; o__Myxococcales; f__OM27; g__; s__	1.0
a17276aa70f8956c985469e3947184af	k__Bacteria; p__Firmicutes; c__Clostridia; o__Clostridiales; f__Clostridiaceae; g__Clostridium; s__perfringens	0.7
80be08ca3bfc5c5aae8f4a5907adb4b0	k__Bacteria; p__Proteobacteria; c__Alphaproteobacteria; o__Rhizobiales; f__; g__; s__	0.6
adab71dc1abf041c0df1310c46938f2c	k__Bacteria; p__Proteobacteria; c__Alphaproteobacteria; o__BD7-3; f__; g__; s__	1.0
2e12f0e7b220eb007067daecb50393da	k__Bacteria; p__Cyanobacteria; c__4C0d-2; o__SM1D11; f__; g__; s__	0.7
66f3aa9db60d7a6ab5f12bcf81413b52	k__Bacteria; p__Planctomycetes; c__Planctomycetia; o__Gemmatales; f__Gemmataceae; g__Gemmata; s__	0.6
04c6a23e420672ad90426c2d056f8000	k__Bacteria; p__Planctomycetes; c__Planctomycetia; o__Planctomycetales; f__Planctomycetaceae; g__Planctomyces; s__	1.0
c3072b1c29e820359a2c78bf18c1dcf3	Unassigned	0.0
9eab679a0572855e5f9c0dff75d1a5d5	k__Bacteria; p__Proteobacteria; c__Gammaproteobacteria	1.0
83fa150c3e729dbe278e1c3a9c988a49	k__Bacteria; p__Proteobacteria; c__Deltaproteobacteria; o__Desulfovibrionales; f__Desulfomicrobiaceae; g__Desulfomicrobium; s__	1.0
e2a02222ab9bb7ea0e141399b2880724	Unassigned	0.0
777274a97dde96b4613137b13a8fddbb	k__Bacteria; p__Bacteroidetes; c__[Saprospirae]; o__[Saprospirales]; f__Chitinophagaceae; g__; s__	0.6
0af25db1cd6c9f5c3af060f85ebf88b1	k__Bacteria; p__Proteobacteria; c__Alphaproteobacteria; o__Rhizobiales; f__Hyphomicrobiaceae; g__Hyphomicrobium; s__	0.9
f8a2632422fda7a8e6a03ca4792b51c9	k__Bacteria; p__Proteobacteria; c__Deltaproteobacteria; o__Desulfuromonadales; f__Geobacteraceae; g__Geobacter; s__lovleyi	0.7
135bba0bfffd48ab86f2cf0796aa4b6c	k__Bacteria; p__Proteobacteria; c__Deltaproteobacteria; o__; f__; g__; s__	0.8
4c982b39010a60c44af47a0e70e56eb5	k__Bacteria	1.0
68a9a08cb8e92e9dd549fff67f0c5a7f	k__Bacteria; p__Proteobacteria; c__TA18; o__PHOS-HD29; f__; g__; s__	0.8
2bbaabf49181072fc8fc83d121345f0f	k__Bacteria; p__Bacteroidetes; c__Cytophagia; o__Cytophagales; f__Cytophagaceae; g__Emticicia; s__	0.7
996d9582c271b9bbb351b8662d21a15f	k__Bacteria; p__Cyanobacteria; c__4C0d-2; o__MLE1-12; f__; g__; s__	1.0
b582e28dddc2b821cc146b5effdf5933	k__Bacteria; p__Verrucomicrobia; c__[Pedosphaerae]; o__[Pedosphaerales]	1.0
a52970c8862991b1278779632f97a73e	k__Bacteria; p__Actinobacteria; c__Actinobacteria; o__Actinomycetales; f__Microbacteriaceae; g__Candidatus Rhodoluna; s__	0.6
cebb4c3d8c0e3e521b704fd1825ce6c9	k__Bacteria; p__Cyanobacteria; c__Chloroplast	0.5555555555555556
562d36c062314203e6417b9dab9df481	k__Bacteria; p__Proteobacteria; c__Deltaproteobacteria; o__Myxococcales; f__OM27; g__; s__	1.0
42a0627f7656c92493afb8a567b18d83	k__Bacteria; p__Proteobacteria; c__Betaproteobacteria; o__Burkholderiales; f__Comamonadaceae; g__; s__	0.6
4e18a842816cca279cb89c442840f03c	k__Bacteria; p__Proteobacteria; c__Deltaproteobacteria; o__Bdellovibrionales; f__Bdellovibrionaceae; g__Bdellovibrio; s__	0.7
bb3014ae006867e792bfd715b3de3305	k__Bacteria; p__Proteobacteria; c__Gammaproteobacteria; o__Aeromonadales; f__Aeromonadaceae; g__; s__	0.8
5715e83c16da215a219cd87469315358	k__Bacteria; p__Cyanobacteria; c__Chloroplast; o__Streptophyta; f__; g__; s__	1.0
0c2732e68c1fddcad949a47c65879b12	k__Bacteria; p__Bacteroidetes; c__[Saprospirae]; o__[Saprospirales]; f__Saprospiraceae; g__; s__	0.7
8ef13a717c3c6240a1364d26a9e4d692	k__Bacteria; p__Proteobacteria; c__Alphaproteobacteria; o__Rhodospirillales; f__Rhodospirillaceae; g__; s__	1.0
970942286a0fc6861e16b5d0c77d6670	k__Bacteria; p__Planctomycetes; c__Planctomycetia; o__Pirellulales; f__Pirellulaceae; g__; s__	0.9
d9c0398aadd96bf91855f43e2f865d18	k__Bacteria; p__Bacteroidetes; c__Cytophagia; o__Cytophagales; f__Cytophagaceae; g__; s__	1.0
1fa115f1bf944f9d61870bbf6bf9f311	k__Bacteria; p__Proteobacteria; c__Gammaproteobacteria; o__Chromatiales; f__Halothiobacillaceae; g__Thiofaba; s__	0.7
7baf92d350920cf95ea22004677cb4ee	k__Bacteria; p__Verrucomicrobia; c__[Pedosphaerae]; o__[Pedosphaerales]; f__; g__; s__	1.0
5d76a3a9b4608c8605fc458433c5b7a8	k__Bacteria; p__Proteobacteria; c__Alphaproteobacteria; o__Rhizobiales; f__; g__; s__	1.0
cf7159c562af2ab20b3001fb57ce9391	k__Bacteria; p__Proteobacteria; c__Alphaproteobacteria; o__; f__; g__; s__	1.0
c44f26f86087235695326a606855691e	k__Bacteria; p__Proteobacteria; c__Alphaproteobacteria; o__Sphingomonadales; f__Sphingomonadaceae; g__Sphingobium; s__	1.0
ec2d66f1b8d6198f25991b935a9c26db	k__Bacteria; p__Proteobacteria; c__Gammaproteobacteria; o__Legionellales; f__; g__; s__	0.7
89a3be6ab630dfe2c88653e70cd6f2fd	k__Bacteria; p__Actinobacteria; c__Actinobacteria; o__Actinomycetales; f__ACK-M1; g__; s__	0.9
040ae3c41f672bc774c8c48b069b6788	k__Bacteria; p__Proteobacteria; c__Gammaproteobacteria; o__Methylococcales; f__Crenotrichaceae; g__Crenothrix	0.7
211a2fd2537e18856615e58f523ca8d3	k__Bacteria; p__Proteobacteria; c__Deltaproteobacteria; o__MIZ46; f__; g__; s__	1.0
a300d5d7c882fe17302faab7ea262e5a	k__Bacteria; p__Proteobacteria; c__Gammaproteobacteria; o__Methylococcales; f__Methylococcaceae; g__Methylocaldum; s__	0.7
6da417e6b63688e832d054005870bf1e	k__Bacteria; p__Planctomycetes; c__Planctomycetia; o__Planctomycetales; f__Planctomycetaceae; g__Planctomyces; s__	1.0
095bba639231b1d2e1f049d94701767e	k__Bacteria; p__Proteobacteria; c__Alphaproteobacteria; o__; f__; g__; s__	0.7
30db3d950557d8b030f372a5601d27bf	k__Bacteria; p__Proteobacteria; c__Alphaproteobacteria; o__Rhodobacterales; f__Rhodobacteraceae	0.6
8ce2f954ae0532be45e98462c99a42d0	k__Bacteria; p__Planctomycetes; c__Planctomycetia; o__Planctomycetales; f__Planctomycetaceae; g__Planctomyces; s__	1.0
7bf4b008f89c3919ec05f9b92923c8b1	k__Bacteria; p__Proteobacteria; c__Alphaproteobacteria; o__Rhizobiales	1.0
ea30d87e2e9039fb2720240c79cb365e	k__Bacteria; p__Planctomycetes; c__OM190; o__CL500-15; f__; g__; s__	1.0
09053038a532dd05623a80bfe55c3151	k__Bacteria; p__Proteobacteria; c__Alphaproteobacteria; o__Rhizobiales	0.6
aab4e98ede90330855525912eae1ea8b	k__Bacteria; p__Bacteroidetes; c__Flavobacteriia; o__Flavobacteriales; f__Flavobacteriaceae; g__Flavobacterium; s__	1.0
e8b4c7c1512286bdc2fa05931e8bdf37	Unassigned	0.0
4bf92758d5add5ad55ef9812d84d3a2d	k__Bacteria; p__Proteobacteria; c__Alphaproteobacteria; o__Rickettsiales; f__Rickettsiaceae; g__; s__	0.8
4f3955b0464129f8e8ede92f725a6573	k__Bacteria; p__Proteobacteria; c__Alphaproteobacteria; o__Rickettsiales; f__Rickettsiaceae; g__Rickettsia; s__	1.0
78c81cbee673acf1eccc47b90c7e3526	k__Bacteria; p__Bacteroidetes; c__[Saprospirae]; o__[Saprospirales]; f__Saprospiraceae; g__; s__	1.0
f7451274d595b9d26f80b4ea57e61389	k__Bacteria; p__Proteobacteria; c__Alphaproteobacteria; o__Rickettsiales; f__; g__; s__	0.8
f1006c287658bd61d15b0a3ed3cb347a	k__Bacteria; p__Cyanobacteria; c__Chloroplast; o__Stramenopiles; f__; g__; s__	1.0
3b55922226675c9c6730bd548787261a	k__Bacteria; p__OD1; c__; o__; f__; g__; s__	0.9
781448c2444863d2e681e8443126d4c8	k__Bacteria; p__Bacteroidetes; c__Bacteroidia; o__Bacteroidales; f__Bacteroidaceae; g__Bacteroides; s__fragilis	0.9
07ffc0fdd28e2a47d836c1406b947311	k__Bacteria; p__Bacteroidetes; c__[Saprospirae]; o__[Saprospirales]; f__Chitinophagaceae; g__; s__	0.6
485386c15e7e25b003a60355b0d19292	k__Bacteria; p__Actinobacteria; c__Acidimicrobiia; o__Acidimicrobiales; f__C111; g__; s__	1.0
40c7d0571139840a4d9b56cd63d70d7a	k__Bacteria; p__Bacteroidetes; c__Sphingobacteriia; o__Sphingobacteriales; f__; g__; s__	1.0
e7a652ab771a592764c6b67bf06b5f7d	k__Bacteria; p__Proteobacteria; c__Alphaproteobacteria; o__Rhodospirillales; f__Acetobacteraceae; g__; s__	0.9
a3ee718b24a9f7a67e967e7eff2eef66	k__Bacteria; p__Proteobacteria; c__Gammaproteobacteria; o__Methylococcales; f__Crenotrichaceae; g__Crenothrix; s__	1.0
cf601a949efd8ed2042dcd858d4f698b	k__Bacteria; p__Proteobacteria; c__Betaproteobacteria; o__Rhodocyclales; f__Rhodocyclaceae	1.0
3bca87a83e0bd7a9b700f14a8e3ac846	k__Bacteria; p__Proteobacteria; c__Alphaproteobacteria; o__Rhizobiales; f__Methylocystaceae; g__Methylosinus; s__	1.0
9eb751940de9d63e69ac9857a4ca9ec1	k__Bacteria; p__Planctomycetes; c__Planctomycetia; o__Pirellulales; f__Pirellulaceae; g__; s__	0.8
addef97fece59c086bd46f59e9c5233f	k__Bacteria; p__OD1; c__ZB2; o__; f__; g__; s__	1.0
36d77e0b99c6c3476ee5c558aabcc8bf	k__Bacteria; p__Proteobacteria; c__Gammaproteobacteria; o__Xanthomonadales; f__Sinobacteraceae; g__; s__	1.0
2323a0256a039b531805f5babae320ad	k__Bacteria; p__Proteobacteria; c__Gammaproteobacteria; o__Methylococcales; f__Methylococcaceae; g__Methylomonas; s__	0.8
199fd0fe0010c2630c48d7112363fa05	k__Bacteria; p__Bacteroidetes; c__Sphingobacteriia; o__Sphingobacteriales; f__; g__; s__	1.0
43355e0f85238c297ad84bfe17c97e98	k__Bacteria; p__GN02; c__BD1-5; o__; f__; g__; s__	0.7
e7f02d8272aaddd0692a3daef59a9a3a	Unassigned	0.0
4a707eb6f0eed0979bebcb153556c525	k__Bacteria; p__GN02; c__BB34; o__; f__; g__; s__	1.0
1fdeb4fec10342274dfc0df98efac955	k__Bacteria; p__Proteobacteria; c__Alphaproteobacteria; o__Rhizobiales; f__Rhizobiaceae	0.8
af76701296d78b692912e7f5085cea51	k__Bacteria; p__Proteobacteria; c__Betaproteobacteria; o__; f__; g__; s__	0.7
501d190e4f5be7a047d61b597b85f055	k__Bacteria; p__Bacteroidetes; c__Flavobacteriia; o__Flavobacteriales; f__Flavobacteriaceae; g__Flavobacterium; s__	1.0
b861c9894932124736b26685096c8f83	k__Bacteria; p__Proteobacteria; c__Alphaproteobacteria; o__Rhizobiales	0.6
1c4305902e98dcc984b62459fe01a16e	k__Bacteria; p__Spirochaetes; c__[Leptospirae]; o__[Leptospirales]; f__Leptospiraceae; g__Leptospira; s__	1.0
75ac3e6f64d353f906641d7bb96b38d8	k__Bacteria; p__Proteobacteria; c__Deltaproteobacteria; o__Bdellovibrionales; f__Bacteriovoracaceae; g__; s__	0.9
1be35f70db7d094be40f68b0acd6a214	k__Bacteria; p__TM6; c__SJA-4; o__; f__; g__; s__	1.0
4cef1be0e1940575f437220880fb70e2	k__Bacteria; p__Cyanobacteria; c__Chloroplast; o__Streptophyta; f__; g__; s__	0.7
8e9c08dfed3c8a074b02e5a3f7086059	k__Bacteria; p__Proteobacteria; c__Deltaproteobacteria; o__; f__; g__; s__	0.8
7779bb16657421824141eb68cae0e03d	k__Bacteria; p__Planctomycetes; c__Planctomycetia; o__Pirellulales; f__Pirellulaceae; g__; s__	1.0
6a95f3188c810d9b0fd6577e34d00d5d	k__Bacteria; p__Proteobacteria; c__Betaproteobacteria; o__Burkholderiales; f__Comamonadaceae; g__Hydrogenophaga; s__	0.8
f669c3785ed3c46e69afa509ae5e1e9e	k__Bacteria; p__Proteobacteria; c__Alphaproteobacteria; o__; f__; g__; s__	0.7
238228ea09d7f91e0216135edab3ffed	k__Bacteria; p__Bacteroidetes; c__Sphingobacteriia; o__Sphingobacteriales	0.6
cf5c54aa6490f6a68805d7b9b6dda16f	k__Bacteria; p__Proteobacteria; c__Deltaproteobacteria; o__Desulfuromonadales; f__Geobacteraceae; g__Geobacter; s__	0.6
d28ad935c37cedf0a6581f9aabadc1e8	k__Bacteria; p__Proteobacteria; c__Alphaproteobacteria; o__Rhodospirillales; f__Acetobacteraceae; g__; s__	0.8
e447ae9aa9ef94ac55ab361811e5f754	k__Bacteria; p__Proteobacteria; c__Alphaproteobacteria; o__Rhodobacterales; f__Hyphomonadaceae; g__Hyphomonas; s__	1.0
323ab84ac2c8001374579360a4ab3dfa	k__Bacteria; p__Elusimicrobia; c__Elusimicrobia; o__Elusimicrobiales; f__Elusimicrobiaceae; g__; s__	0.7
727002fa5cbcb6368b534fd07ad79f02	k__Bacteria; p__Spirochaetes; c__Spirochaetes; o__Spirochaetales; f__Spirochaetaceae; g__; s__	1.0
b37fd337cbb2e504a752503579df056a	k__Bacteria; p__Proteobacteria; c__Deltaproteobacteria; o__Bdellovibrionales; f__Bdellovibrionaceae; g__Bdellovibrio; s__	0.7
af12f6c31fea3a706224c53267218157	k__Bacteria; p__Actinobacteria; c__Actinobacteria; o__Actinomycetales; f__ACK-M1; g__; s__	1.0
69b69045b7406afe5dc353ff03ce59dc	k__Bacteria; p__Actinobacteria; c__Acidimicrobiia; o__Acidimicrobiales; f__C111; g__; s__	1.0
b1c7f875a793cd9d9293020ed2afa4d1	k__Bacteria; p__Proteobacteria; c__Gammaproteobacteria; o__Legionellales; f__; g__; s__	1.0
f8d0e02cce296bdbc59b85f9c8e3b94d	k__Bacteria; p__Proteobacteria; c__Deltaproteobacteria; o__Myxococcales; f__; g__; s__	1.0
f6bdf004a1c864502fac3c31ad5056c8	k__Bacteria; p__Proteobacteria; c__Deltaproteobacteria; o__Spirobacillales; f__; g__; s__	0.9
910ac0495b3925a7710f578672cafb3b	k__Bacteria; p__Chloroflexi; c__Anaerolineae; o__SJA-15; f__; g__; s__	1.0
b9b144f1f2f1e39aac45faeaff219d50	k__Bacteria; p__Proteobacteria; c__Deltaproteobacteria; o__Myxococcales; f__; g__; s__	1.0
f96a3cbee6536cfeedb3abd9590b39ca	k__Bacteria; p__Cyanobacteria; c__Chloroplast; o__Stramenopiles; f__; g__; s__	1.0
d1c9fb217380292545bc8eab2737ad87	k__Bacteria; p__OD1; c__ZB2; o__; f__; g__; s__	1.0
ffcff761f151f240cf9e6240e61786ea	k__Bacteria; p__Proteobacteria; c__Deltaproteobacteria; o__Myxococcales	1.0
dff90eeda279fe656a316b5622b3619a	k__Bacteria; p__Cyanobacteria; c__4C0d-2; o__SM1D11; f__; g__; s__	0.9
a9793b2c85ca83d1594c6fe0f8de1f68	k__Bacteria; p__Planctomycetes; c__Planctomycetia; o__Pirellulales; f__Pirellulaceae; g__; s__	1.0
49403117e21378074b13ed286ccdd33d	k__Bacteria; p__Actinobacteria; c__Thermoleophilia; o__Gaiellales; f__; g__; s__	1.0
bd27b43f90580bb397388408dc37d788	k__Bacteria; p__Proteobacteria; c__Gammaproteobacteria; o__Pseudomonadales; f__Moraxellaceae; g__; s__	0.6
f1c5a955b3bb6600f138eec4d3f63a20	k__Bacteria; p__Proteobacteria; c__Alphaproteobacteria; o__Sphingomonadales; f__; g__; s__	1.0
aba067c82250c13f62992b7c37db4f56	k__Bacteria; p__Proteobacteria; c__Alphaproteobacteria	0.8
a3f65589a59a257d5a15f446789daa87	k__Bacteria; p__Proteobacteria; c__Alphaproteobacteria; o__Rhodospirillales; f__Rhodospirillaceae; g__; s__	1.0
6e6d95ebe51c4347b3c4d1c7415ab24b	k__Bacteria; p__Proteobacteria	0.8
e0454f1fce5cc6b4e62d5dcc1919344c	k__Bacteria; p__Proteobacteria; c__Alphaproteobacteria; o__; f__; g__; s__	0.8
0be913ee0573a1b688b0645f50891a2b	k__Bacteria; p__Proteobacteria; c__Alphaproteobacteria; o__Rhodospirillales; f__Acetobacteraceae; g__; s__	0.9
96853d300c58a70377160565337d7710	k__Bacteria; p__Proteobacteria; c__Deltaproteobacteria; o__Bdellovibrionales; f__Bacteriovoracaceae; g__; s__	1.0
d94b371e78949af8f4559117e02cfb3a	k__Bacteria; p__Actinobacteria; c__Acidimicrobiia; o__Acidimicrobiales; f__C111; g__; s__	1.0
e5f29f51606b6a29298037e4dc61a95d	k__Bacteria; p__Acidobacteria; c__[Chloracidobacteria]; o__PK29; f__; g__; s__	1.0
343a047df9db2d383658193b52af4847	k__Bacteria; p__Proteobacteria; c__Alphaproteobacteria; o__Rhizobiales	0.9
717b1d69dff83afb32d5c13cf2592328	k__Bacteria; p__Cyanobacteria; c__Chloroplast; o__Chlorophyta; f__; g__; s__	1.0
d8a6b7c4ad53aa36f305451fa9b42ea0	k__Bacteria; p__Proteobacteria; c__Betaproteobacteria; o__Burkholderiales; f__Comamonadaceae; g__; s__	0.6
100bb07260209e79e162d26334adb03e	k__Bacteria; p__Firmicutes; c__Clostridia; o__Clostridiales	0.8
5726a041737213bd5515b2af3a6b9a72	k__Bacteria; p__Proteobacteria; c__Deltaproteobacteria; o__Desulfobacterales; f__Desulfobacteraceae; g__; s__	0.7
57d1dd7db6649fa5ffa8d7ab102ae354	k__Bacteria; p__Proteobacteria; c__Gammaproteobacteria	1.0
d131957d48a0a1acfc0940d3fb48ab8e	k__Bacteria; p__Bacteroidetes; c__Sphingobacteriia; o__Sphingobacteriales; f__; g__; s__	1.0
3521b98620a0fb8e3e36174a8825fc40	k__Bacteria; p__Proteobacteria; c__Alphaproteobacteria; o__Rhodospirillales; f__Rhodospirillaceae; g__; s__	1.0
f6f3c5d4705b44de387180f053a29240	k__Bacteria; p__Proteobacteria; c__Betaproteobacteria; o__Neisseriales; f__Neisseriaceae; g__Vogesella; s__	0.7
b1a6c271b84d1afa1902da2e7db49afe	k__Bacteria; p__Proteobacteria; c__Alphaproteobacteria; o__Rhizobiales; f__Hyphomicrobiaceae; g__Rhodoplanes; s__	0.9
e37dc16637fffb3d0b24769b4b878c41	k__Bacteria; p__Cyanobacteria	0.7
cf56642ce6b417841f922f80f03f8322	k__Bacteria; p__Gemmatimonadetes; c__Gemmatimonadetes; o__Gemmatimonadales; f__Gemmatimonadaceae; g__Gemmatimonas; s__	1.0
5646b59f5a4b8d9114174a7554231c8d	k__Bacteria; p__Proteobacteria; c__Alphaproteobacteria; o__Rhizobiales; f__Hyphomicrobiaceae; g__; s__	0.8
2f2c42c789b6eec63c427af79c4cc104	k__Bacteria; p__Bacteroidetes; c__Sphingobacteriia; o__Sphingobacteriales; f__Sphingobacteriaceae; g__Sphingobacterium; s__	1.0
6b61306d527c3e5b63b7a4d52bf54964	k__Bacteria; p__Planctomycetes; c__Planctomycetia; o__Gemmatales; f__Gemmataceae; g__; s__	1.0
b1a1b66f2bc764b7edb1885009582a16	k__Bacteria; p__Proteobacteria; c__Gammaproteobacteria; o__Enterobacteriales; f__Enterobacteriaceae; g__Providencia; s__	0.8
537a35e2ed45dd0c404c4aee6d095371	k__Bacteria; p__Firmicutes; c__Clostridia; o__Clostridiales; f__Clostridiaceae; g__; s__	0.7
49160f7eb598af730e5eb118ca4ca9f4	k__Bacteria; p__Proteobacteria; c__Deltaproteobacteria	0.6
49d08aaaa0662e5d09a3e0a8172e9ec7	k__Bacteria; p__TM6; c__SJA-4; o__; f__; g__; s__	1.0
20092a0e9a704db5154d5b4340a33a08	k__Bacteria; p__Planctomycetes; c__Planctomycetia; o__Gemmatales; f__Gemmataceae; g__Gemmata; s__	1.0
300328143394e29d7e72a93372eb7b37	k__Bacteria; p__Chlamydiae; c__Chlamydiia; o__Chlamydiales	1.0
96641d56ac5bac0e00181ae529373ebf	k__Bacteria; p__Planctomycetes; c__Planctomycetia; o__Pirellulales; f__Pirellulaceae; g__; s__	1.0
973edd31875948126d6365cd7a4c86df	k__Bacteria; p__Proteobacteria; c__Alphaproteobacteria; o__Sphingomonadales; f__Sphingomonadaceae; g__; s__	0.8
0f58021427af08e675362a0a09a0edd1	k__Bacteria; p__Acidobacteria; c__Acidobacteria-6; o__iii1-15; f__; g__; s__	1.0
81ee3714b12c0465bdccd3486848ecd3	k__Bacteria; p__Bacteroidetes; c__Bacteroidia; o__Bacteroidales; f__Rikenellaceae; g__Blvii28; s__	1.0
826c7b95784ef77bf19247e0ad3093bd	Unassigned	0.0
a46f098e8352865c9c64593de1ba9b07	k__Bacteria; p__Acidobacteria; c__Acidobacteria-6; o__iii1-15; f__; g__; s__	1.0
0fdaf3f47649cf7d2b783c041f41e24a	k__Bacteria; p__Proteobacteria; c__Deltaproteobacteria	0.8
c804d3977f89f85f4ed1b9fcc42d0960	k__Bacteria; p__Bacteroidetes; c__Flavobacteriia; o__Flavobacteriales; f__Cryomorphaceae; g__Fluviicola; s__	1.0
a232e9300d7e0548f96a71fc2f0e4665	k__Bacteria; p__Proteobacteria; c__Alphaproteobacteria	0.7
4b78e65eefbe7b0ab9387f1063c65d01	k__Bacteria; p__Cyanobacteria; c__Nostocophycideae; o__Nostocales; f__Nostocaceae	1.0
013bda30bfcb6033a059d44259593d35	k__Bacteria; p__Proteobacteria; c__Betaproteobacteria; o__Ellin6067; f__; g__; s__	1.0
9c0ee74ef6167f2ca2a1455db3cb3bce	k__Bacteria; p__Firmicutes; c__Erysipelotrichi; o__Erysipelotrichales; f__Erysipelotrichaceae; g__RFN20; s__	0.8
12645ef2dc71f6da1218478efb60b1b0	k__Bacteria; p__Proteobacteria; c__Alphaproteobacteria; o__Rhizobiales; f__Hyphomicrobiaceae; g__Devosia; s__	1.0
bd244221203dd1731b7ff046e7bbe06a	k__Bacteria; p__Proteobacteria; c__Alphaproteobacteria; o__Rhodospirillales; f__Acetobacteraceae; g__; s__	0.9
bff08cdfafb2407f376122b787b10ad4	k__Bacteria; p__Proteobacteria; c__Gammaproteobacteria; o__Xanthomonadales; f__Sinobacteraceae; g__; s__	1.0
a7d9c0ec715c8f1674d34bc251fa1f6e	Unassigned	0.0
e96eef35dbfe3f987705287a84c41eb5	k__Bacteria; p__Firmicutes; c__Erysipelotrichi; o__Erysipelotrichales; f__Erysipelotrichaceae	1.0
09dd9f065b9140d512d9fd4602c74cef	k__Bacteria; p__Proteobacteria; c__Alphaproteobacteria; o__Rickettsiales; f__; g__; s__	1.0
05cec05f55512c3d3f35b6b420af44ab	k__Bacteria; p__Bacteroidetes; c__Cytophagia; o__Cytophagales; f__Cytophagaceae; g__; s__	1.0
931ef7966cb1ee58a287c540fe588121	k__Bacteria; p__Verrucomicrobia; c__[Pedosphaerae]; o__[Pedosphaerales]; f__R4-41B; g__; s__	0.9
de1ce8129913dfabe3d2ff0ed8f2dbfb	k__Bacteria; p__Proteobacteria; c__Alphaproteobacteria; o__Rickettsiales; f__mitochondria; g__; s__	1.0
7ae3153e124d0e1a231e817ca55dfca7	k__Bacteria; p__Actinobacteria; c__Actinobacteria; o__WCHB1-81; f__At425_EubF1; g__; s__	1.0
15c9dfc66173db83c648f5459d9980e5	k__Bacteria; p__OP3; c__koll11; o__GIF10; f__; g__; s__	0.9
d3f6f13f82fe130eae2e9ef9b7efff89	k__Bacteria; p__OP3; c__BD4-9; o__; f__; g__; s__	1.0
be28f9fd5134c52307e4ad2e9b7f3522	k__Bacteria; p__OD1; c__ZB2; o__; f__; g__; s__	1.0
15fd76ce815d4d2cef306648f38938e7	k__Bacteria; p__Chloroflexi; c__Anaerolineae; o__SJA-15; f__; g__; s__	1.0
1456054204fe1f28b619d0fb8ec6e439	k__Bacteria; p__Cyanobacteria; c__Chloroplast; o__Stramenopiles; f__; g__; s__	1.0
a10e102f8e1e7a43385286443ecbdc53	k__Bacteria; p__Gemmatimonadetes; c__Gemmatimonadetes; o__Gemmatimonadales; f__A1-B1; g__; s__	0.8
e8d8d5ee5c31dcac1294bf60b4c1047d	k__Bacteria; p__Proteobacteria; c__Alphaproteobacteria; o__Rhizobiales; f__Rhizobiaceae; g__; s__	0.6
3d9fadd9e3d0543e78d8e34d1dfc023c	k__Bacteria; p__Proteobacteria; c__Alphaproteobacteria; o__Sphingomonadales; f__Sphingomonadaceae; g__Novosphingobium; s__	0.6
999c66af767b17914938c52857c7157e	k__Bacteria; p__Proteobacteria; c__Deltaproteobacteria; o__Bdellovibrionales; f__Bacteriovoracaceae; g__; s__	1.0
fd2698ebc4b411f92e380e0884ce48ec	k__Bacteria; p__Proteobacteria; c__TA18; o__CV90; f__; g__; s__	1.0
485f747eb3ad50f0dabfe80b16bb62ad	k__Bacteria; p__Armatimonadetes; c__Armatimonadia; o__Armatimonadales; f__Armatimonadaceae; g__; s__	0.6
81534d51d96620544156acc3282b49ed	k__Bacteria; p__[Thermi]; c__Deinococci; o__Deinococcales; f__Trueperaceae	1.0
478386c20172650470551f216abf8462	k__Bacteria; p__Proteobacteria; c__Deltaproteobacteria; o__Myxococcales; f__OM27; g__; s__	1.0
e6f86b74c141dc0b1b37779cc0053c5e	k__Bacteria; p__Cyanobacteria; c__Synechococcophycideae; o__Pseudanabaenales; f__Pseudanabaenaceae; g__Pseudanabaena; s__	1.0
f787876248f4c1ca46ab285b81f9940b	k__Bacteria; p__Proteobacteria; c__Gammaproteobacteria; o__Legionellales; f__Legionellaceae; g__Tatlockia; s__	0.6
e2112fa68830610f3c007b48da1c9acc	k__Bacteria; p__Proteobacteria; c__Gammaproteobacteria; o__; f__; g__; s__	0.9
e253bc3e46687a05db02294b1ce77d7d	k__Bacteria; p__Cyanobacteria; c__Chloroplast; o__Cryptophyta; f__; g__; s__	1.0
add31de96a5547a0e0cff8b7cab72183	k__Bacteria; p__Proteobacteria; c__Betaproteobacteria; o__Thiobacterales; f__; g__; s__	0.6
34358564d935cca864061b347d345cce	k__Bacteria; p__Bacteroidetes; c__[Saprospirae]; o__[Saprospirales]; f__Chitinophagaceae; g__; s__	1.0
794c3d443ce317ca341d5d197a1fa45f	k__Bacteria; p__Bacteroidetes; c__Cytophagia; o__Cytophagales; f__Cytophagaceae; g__Leadbetterella; s__	1.0
d5888b0400645d00580a4956c9adefb6	k__Bacteria; p__Proteobacteria; c__Alphaproteobacteria; o__Rickettsiales; f__; g__; s__	1.0
53b4f48cba7bb6043ca2f629f2022bf3	k__Bacteria; p__Proteobacteria; c__Gammaproteobacteria; o__Methylococcales; f__Crenotrichaceae; g__Crenothrix; s__	0.9
610402d227d4ae68248e27d9ad06a67e	k__Bacteria; p__Gemmatimonadetes; c__Gemmatimonadetes	1.0
b87a0cd5a9899465bbc78129433e3cba	k__Bacteria; p__Chloroflexi; c__Anaerolineae; o__SBR1031; f__A4b; g__; s__	0.8
519eca527c0f6342a47ba8f81cafa134	k__Bacteria; p__OP3; c__BD4-9; o__; f__; g__; s__	1.0
fa13d16960b9fdd900f19a32619bf716	k__Bacteria; p__Chlamydiae; c__Chlamydiia; o__Chlamydiales; f__Parachlamydiaceae; g__Candidatus Protochlamydia; s__	0.6
780e8703921af603aaa7f2894984ef8d	k__Bacteria; p__Proteobacteria; c__Deltaproteobacteria; o__NB1-j; f__JTB38; g__; s__	1.0
0627d922af94aa525f655944b2503161	k__Bacteria; p__Bacteroidetes; c__Sphingobacteriia; o__Sphingobacteriales; f__; g__; s__	0.6
31333da10571301607c4bbfc90d5f21b	k__Bacteria; p__Bacteroidetes; c__Bacteroidia; o__Bacteroidales; f__; g__; s__	1.0
d8392eb014ea26dd0bece331c7dab3be	k__Bacteria; p__Proteobacteria; c__Alphaproteobacteria; o__Rickettsiales; f__Rickettsiaceae; g__; s__	1.0
fce53c55a5aec8742a59b60e3ddbc027	k__Bacteria; p__Cyanobacteria; c__Chloroplast; o__Stramenopiles; f__; g__; s__	1.0
28e07ab9ee666fc634d1053079d78462	k__Bacteria; p__Planctomycetes; c__Planctomycetia; o__Pirellulales; f__Pirellulaceae; g__; s__	1.0
7ef03db044b1b37ef58a25f3486c7dc0	k__Bacteria; p__Acidobacteria; c__Solibacteres; o__Solibacterales; f__[Bryobacteraceae]; g__; s__	1.0
74d96c71c15741ac45305dcff1fef30a	k__Bacteria; p__OD1; c__ZB2; o__; f__; g__; s__	1.0
1e97e023a38def678d554c2984be7331	k__Bacteria; p__Proteobacteria; c__Gammaproteobacteria; o__Legionellales; f__Legionellaceae; g__Legionella; s__	0.9
9106db8593af2177e5eb3409a34db9d6	k__Bacteria; p__Proteobacteria; c__Betaproteobacteria; o__Procabacteriales; f__Procabacteriaceae; g__; s__	1.0
02e75bc14c2c924fe88c15860ecbd5a0	k__Bacteria; p__Cyanobacteria; c__Chloroplast; o__Streptophyta; f__; g__; s__	0.8
e888fb40a1c89369aed4db57e1f7db9a	Unassigned	0.0
1e29011686e47afc9851018a24bb4e75	k__Bacteria; p__Proteobacteria; c__Alphaproteobacteria; o__Sphingomonadales; f__Sphingomonadaceae; g__Sphingomonas; s__wittichii	0.8
1dd7d2b5df8e1d5b3daabfb520e0db0b	k__Bacteria; p__Proteobacteria; c__Betaproteobacteria; o__Rhodocyclales; f__Rhodocyclaceae; g__Propionivibrio; s__	0.8
7bb8a72e1771c19587e7055105819add	k__Bacteria; p__Proteobacteria; c__Betaproteobacteria; o__Burkholderiales; f__Comamonadaceae	0.9
c8b1822c81fa2de20e91cb95d818ef41	k__Bacteria; p__Proteobacteria; c__Alphaproteobacteria	1.0
393aeb0f9179f036374cc2b9979316dc	k__Bacteria; p__Proteobacteria; c__Alphaproteobacteria; o__Rickettsiales; f__Rickettsiaceae; g__; s__	1.0
c18bfec919e4b14afe228cbc67cdfbd4	k__Bacteria; p__Proteobacteria; c__Alphaproteobacteria; o__Rickettsiales; f__Rickettsiaceae; g__; s__	0.7
ba01d21a5028689dacb7665a160a00fc	k__Bacteria; p__Proteobacteria; c__Alphaproteobacteria; o__BD7-3; f__; g__; s__	1.0
08d291f29f65ef140cbeb2b6e09b23f7	k__Bacteria; p__Planctomycetes; c__Planctomycetia; o__Gemmatales; f__Gemmataceae; g__Gemmata; s__	1.0
20730134be127fe0c08002dad3c8a183	k__Bacteria; p__Proteobacteria; c__Deltaproteobacteria; o__Myxococcales; f__; g__; s__	1.0
9a45ecb3fa776b58aea8b6b4edb24a5f	k__Bacteria; p__Armatimonadetes; c__SJA-176; o__GAB-B06; f__; g__; s__	1.0
8b133438028884bbaa02376312a1d08c	k__Bacteria	1.0
3099fd1202972096fd704ff71417b99a	k__Bacteria; p__Cyanobacteria; c__Nostocophycideae; o__Nostocales; f__Nostocaceae; g__Anabaena	0.6
6ab9556a727cd9e4b2e0120f7ba2776e	k__Bacteria; p__Proteobacteria; c__Alphaproteobacteria; o__Rickettsiales; f__Rickettsiaceae; g__Rickettsia; s__	0.9
8482888aed3177eaae6ecd98f94ee2f9	k__Bacteria; p__Proteobacteria; c__Alphaproteobacteria; o__Rhizobiales	1.0
0a327e595fc2cd565585c0ea3d7ec905	k__Bacteria; p__Cyanobacteria; c__Chloroplast; o__Euglenozoa; f__; g__; s__	1.0
334f93df84ab80cd225c0bac517f1f20	k__Bacteria; p__Verrucomicrobia; c__Verruco-5; o__LD1-PB3	0.6
2f8979fe9cb49778a9c4f5a33d38c7d1	k__Bacteria; p__Proteobacteria; c__Gammaproteobacteria; o__Legionellales; f__Coxiellaceae; g__Rickettsiella; s__	1.0
4abe8745e3b7a75103f2d76fbc132451	k__Bacteria; p__Proteobacteria; c__Betaproteobacteria; o__Rhodocyclales; f__Rhodocyclaceae; g__Dechloromonas; s__	0.9
a4a538f51a2f49a24460bc7b25e266fe	k__Bacteria; p__Proteobacteria; c__Gammaproteobacteria; o__Methylococcales; f__Methylococcaceae; g__Methylomonas; s__	1.0
9f5c424ede02c46f27b83850c9d9e347	k__Bacteria; p__Proteobacteria; c__Betaproteobacteria; o__Burkholderiales; f__Oxalobacteraceae; g__Polynucleobacter; s__	0.7
2c96ff76188012f58d3e6830d9acd746	k__Bacteria; p__Gemmatimonadetes; c__Gemmatimonadetes; o__Gemmatimonadales; f__Gemmatimonadaceae; g__Gemmatimonas; s__	1.0
a93a55749f3ac354b2095832e6abc76d	k__Bacteria; p__Actinobacteria; c__Actinobacteria; o__Actinomycetales; f__ACK-M1; g__; s__	1.0
18ff493d3a10557ff505d665cf0658c0	k__Bacteria; p__Proteobacteria; c__Alphaproteobacteria; o__Rhizobiales; f__Hyphomicrobiaceae; g__Rhodoplanes; s__	0.6
ddd6d0029ad9f09c0f402332e39b8c72	k__Bacteria; p__Proteobacteria; c__Deltaproteobacteria; o__Spirobacillales; f__; g__; s__	0.9
c55f1ef3da071706afdf581d3abca370	k__Bacteria; p__Chlamydiae; c__Chlamydiia; o__Chlamydiales; f__; g__; s__	0.6
753b1631972c2fdec5dfe8e12374c7c0	k__Bacteria; p__Firmicutes; c__Bacilli; o__Lactobacillales; f__Streptococcaceae; g__Streptococcus; s__	0.9
422fba211b79c678578d56c8a60b1b65	k__Bacteria; p__Proteobacteria; c__Deltaproteobacteria; o__Myxococcales; f__; g__; s__	0.8
e8b34adc931ab4b654b17608e3cefd6e	k__Bacteria; p__Proteobacteria; c__Epsilonproteobacteria; o__Campylobacterales; f__Campylobacteraceae; g__Sulfurospirillum; s__	1.0
1643eca4f71336d16020d3ba8df2175d	k__Bacteria; p__Proteobacteria; c__Deltaproteobacteria; o__GMD14H09; f__; g__; s__	0.9
fa989579d096c0e8b2915e33a331436a	k__Bacteria; p__OD1; c__ZB2; o__; f__; g__; s__	1.0
254a905f395adf80c52593f7a72de74c	k__Bacteria; p__Proteobacteria; c__Deltaproteobacteria; o__Bdellovibrionales; f__Bdellovibrionaceae; g__Bdellovibrio; s__	1.0
76f93f16d3e46ca9ebfd8f50726a64cd	k__Bacteria; p__Chlorobi; c__OPB56; o__; f__; g__; s__	1.0
2215423323ef34f0a407304f9d215e11	k__Bacteria; p__Bacteroidetes; c__Sphingobacteriia; o__Sphingobacteriales; f__; g__; s__	0.8
6f55f18ca56752f089c1b19ce17446bc	k__Bacteria; p__Proteobacteria; c__Alphaproteobacteria; o__Rickettsiales; f__Rickettsiaceae; g__Rickettsia; s__	0.7
c62738505ce7f933649ace259fdb0553	k__Bacteria; p__Proteobacteria; c__Alphaproteobacteria; o__Rhizobiales; f__Hyphomicrobiaceae; g__Hyphomicrobium	0.6
4562c77b674051c343fba6fd0528904b	k__Bacteria; p__Cyanobacteria; c__Chloroplast; o__Euglenozoa; f__; g__; s__	1.0
1d5615df7c8b11430deea249d5381b6c	k__Bacteria; p__OD1; c__ZB2; o__; f__; g__; s__	1.0
389f3f8c6d52a08eac0d3618571077c4	k__Bacteria; p__WPS-2; c__; o__; f__; g__; s__	1.0
8fe774fbbc80268744a2cfc14799f73d	k__Bacteria; p__Proteobacteria; c__Deltaproteobacteria; o__Spirobacillales; f__; g__; s__	0.625
813100c6658028e6024f4787fb495003	k__Bacteria; p__Firmicutes; c__Clostridia; o__Clostridiales; f__Ruminococcaceae; g__Faecalibacterium; s__prausnitzii	0.9
975fe2196a1d431a57d07f67ee262d08	k__Bacteria; p__OD1; c__ZB2; o__; f__; g__; s__	1.0
a02381e5d45c5469642b82f462d61b43	k__Bacteria; p__Proteobacteria; c__Alphaproteobacteria; o__Rhizobiales; f__Xanthobacteraceae	0.6
59074eaa248a3e27c559d8125b9f8b58	k__Bacteria; p__Proteobacteria; c__Alphaproteobacteria; o__Rhodospirillales; f__Acetobacteraceae; g__; s__	0.8
d3cde56f8fb0fa045bdee0efa77f19fa	k__Bacteria; p__Bacteroidetes; c__Flavobacteriia; o__Flavobacteriales; f__Flavobacteriaceae; g__; s__	0.6
5be9889a7ff093fd91278cd2cf190da0	k__Bacteria; p__Proteobacteria	0.6
6437a2ce98f5af2c156152b6775b2710	k__Bacteria	1.0
bcf07ad8fefadbc45723da119b06c743	k__Bacteria; p__Proteobacteria; c__Gammaproteobacteria	0.6
35196f9301798197634b00f44708158e	k__Bacteria; p__Proteobacteria; c__Alphaproteobacteria; o__Rhizobiales; f__Hyphomicrobiaceae	0.7
6bb2e13739b601ac4ee786d73a778042	k__Bacteria; p__Bacteroidetes; c__[Saprospirae]; o__[Saprospirales]; f__; g__; s__	1.0
79b2cc0870c569cf37f83ac263bc62a0	k__Bacteria; p__OD1; c__ABY1; o__; f__; g__; s__	1.0
792e6826ad0fa6cafec60f7da75935d7	k__Bacteria; p__Proteobacteria; c__Deltaproteobacteria; o__Desulfovibrionales; f__Desulfomicrobiaceae; g__Desulfomicrobium; s__	1.0
79955e3cef765e4a16260983767e4531	k__Bacteria; p__Firmicutes; c__Clostridia; o__Clostridiales	0.8
9ba142f3169589b8be68a7cd50ff5fd0	k__Bacteria; p__Proteobacteria; c__Betaproteobacteria; o__Rhodocyclales; f__Rhodocyclaceae	1.0
5fe6ebd5c8c60aeb22331d020a55d1ae	Unassigned	0.0
af99666c34282edd2bef7fad70f9e40d	k__Bacteria; p__OD1; c__ABY1; o__; f__; g__; s__	1.0
b67553f7117e965f8e1cf0cfd90797e9	k__Bacteria; p__Actinobacteria; c__Acidimicrobiia; o__Acidimicrobiales; f__JdFBGBact; g__; s__	1.0
e43f56e49ab952ec7ed17f618bf82bb4	k__Bacteria; p__Proteobacteria; c__Alphaproteobacteria; o__Sphingomonadales; f__Sphingomonadaceae; g__Novosphingobium; s__	0.6
347299a338929dcd04b7dafd313cdc05	k__Bacteria; p__Proteobacteria; c__Deltaproteobacteria	0.7
d70eece3a9e796ddc5341fb20a9dfb7a	k__Bacteria; p__Planctomycetes; c__Planctomycetia; o__Pirellulales; f__Pirellulaceae	1.0
85cbe7b9f297b5d6572e03f4ff6ec324	k__Bacteria; p__Proteobacteria; c__Gammaproteobacteria; o__Alteromonadales; f__[Chromatiaceae]; g__Rheinheimera; s__	1.0
33ef2ed844a91dd0cebeda09028f484d	k__Bacteria; p__Verrucomicrobia; c__[Pedosphaerae]; o__[Pedosphaerales]; f__Ellin515; g__; s__	0.6
8f092f3e2b20554903d667b96cdccd83	k__Bacteria; p__Proteobacteria; c__Gammaproteobacteria; o__Legionellales; f__Coxiellaceae; g__; s__	1.0
e1f096afc479a024bad00943b7a6ba6d	k__Bacteria; p__Proteobacteria; c__Alphaproteobacteria; o__Rhodospirillales; f__Acetobacteraceae; g__; s__	0.6
a80e98935fb2bf527cc555f3ce952d66	k__Bacteria; p__Proteobacteria; c__Betaproteobacteria; o__Rhodocyclales; f__Rhodocyclaceae; g__; s__	0.7
5a70fd1a78fc3c8900c59ad45804b280	k__Bacteria; p__Tenericutes; c__Mollicutes; o__Anaeroplasmatales; f__Anaeroplasmataceae; g__Anaeroplasma; s__	1.0
904f1bdd91eb7982ac28c750a4b6aabe	k__Bacteria; p__Proteobacteria; c__Alphaproteobacteria; o__Rhizobiales	0.8
052d6239628756ac83797fd8ca21d967	k__Bacteria; p__OP3; c__BD4-9; o__; f__; g__; s__	1.0
4127e924f191c86c1f1db6fb74c7629d	k__Bacteria; p__Planctomycetes; c__vadinHA49; o__DH61; f__; g__; s__	1.0
269b2feb83a5f50ac4fe549085ff82ae	k__Bacteria; p__Chloroflexi; c__Chloroflexi; o__[Roseiflexales]; f__; g__; s__	0.7
d9b37fad22fae2f9a6f1173e41591748	k__Bacteria; p__Planctomycetes; c__Planctomycetia; o__Pirellulales; f__Pirellulaceae; g__; s__	0.9
3dc7899c806049646359636c77aab96a	k__Bacteria; p__Chloroflexi; c__Chloroflexi; o__[Roseiflexales]; f__[Kouleothrixaceae]; g__; s__	0.8
bfd7958408c49e1ac1a01a0d6181c6b5	k__Bacteria; p__Proteobacteria; c__Deltaproteobacteria; o__Myxococcales; f__Cystobacterineae; g__; s__	0.9
6521bfaec267d00a742d8cdd60f01930	k__Bacteria; p__Bacteroidetes; c__Cytophagia; o__Cytophagales; f__Cytophagaceae; g__; s__	1.0
a24df8d672f41d8c334e692e30f96479	k__Bacteria	1.0
d3014ade46e113d4e12263f0f1770b52	k__Bacteria; p__Verrucomicrobia; c__[Pedosphaerae]; o__[Pedosphaerales]	1.0
89372e3cd50340a873fdb146f4db2cc5	Unassigned	0.0
3fc95056b5239746c550a20b8d35370f	k__Bacteria; p__Proteobacteria; c__Deltaproteobacteria; o__Spirobacillales; f__; g__; s__	1.0
8ed291225864ecb09caa5e91eec1ec59	k__Bacteria; p__Proteobacteria; c__Alphaproteobacteria; o__Rhodobacterales; f__Hyphomonadaceae; g__; s__	0.9
8da53964ffff96b567234d6a0a2db0e1	k__Bacteria; p__Proteobacteria; c__Betaproteobacteria; o__Burkholderiales; f__Comamonadaceae	1.0
14c060b16e9bc85722802aa6a8fe408d	k__Bacteria; p__Proteobacteria; c__Alphaproteobacteria; o__Rickettsiales; f__; g__; s__	0.9
921d8f16d60d03952d4052ae58fe46eb	k__Bacteria; p__Proteobacteria; c__Alphaproteobacteria; o__; f__; g__; s__	1.0
d7baf4a3c16ce97b0c67c5b7bbd2e05c	k__Bacteria; p__Acidobacteria; c__[Chloracidobacteria]; o__RB41; f__Ellin6075; g__; s__	1.0
5940e1b7414ac950df944402bfa14118	k__Bacteria; p__Proteobacteria; c__Alphaproteobacteria; o__Rickettsiales; f__; g__; s__	0.9
16aaf85f171f9a452b72bf040f18099c	k__Bacteria; p__Verrucomicrobia; c__Verrucomicrobiae; o__Verrucomicrobiales; f__Verrucomicrobiaceae; g__; s__	0.9
63628952300acbff83dc3f765fbe8da6	k__Bacteria; p__Firmicutes; c__Clostridia; o__Clostridiales; f__Ruminococcaceae; g__; s__	1.0
b5405ed2f5a105218636a24853815cee	k__Bacteria; p__Proteobacteria; c__TA18; o__CV90; f__; g__; s__	1.0
b2893118544ae0f9c7832f076be65975	k__Bacteria; p__Firmicutes; c__Clostridia; o__Clostridiales; f__; g__; s__	1.0
e331f99cd4c480c9bdb3f338d99431d1	k__Bacteria; p__Firmicutes; c__Clostridia; o__Clostridiales; f__Clostridiaceae; g__; s__	0.9
2804df75f94149d8431b2a25839f6dc6	Unassigned	0.0
c071a32387a7a4fa0ce3a750d689f938	k__Bacteria; p__Proteobacteria; c__Betaproteobacteria; o__Burkholderiales; f__Comamonadaceae; g__Hydrogenophaga; s__	0.7
14dc02d0694b6cdd8e75b5b398843064	k__Bacteria; p__Proteobacteria; c__Betaproteobacteria; o__Burkholderiales; f__Comamonadaceae; g__Rubrivivax; s__	0.7
b4acf4e91c83a32a9f62e6847388ab7b	k__Bacteria; p__Proteobacteria; c__Alphaproteobacteria; o__Rickettsiales; f__mitochondria; g__Phytophthora	0.75
62256c5f1a285137fb0cb623f122ff16	k__Bacteria; p__Bacteroidetes; c__[Saprospirae]; o__[Saprospirales]; f__Chitinophagaceae; g__; s__	0.9
1cb53f654f97113632bad10346714c31	k__Bacteria; p__TM6; c__SJA-4; o__; f__; g__; s__	1.0
9c1688691ec1605216eedd9dffafebfe	k__Bacteria; p__Proteobacteria; c__Deltaproteobacteria; o__Bdellovibrionales; f__Bacteriovoracaceae; g__; s__	1.0
d49ec6cbebccc78c69e4f6b085f10d60	k__Bacteria; p__Bacteroidetes; c__Cytophagia; o__Cytophagales; f__Cytophagaceae; g__Leadbetterella; s__	1.0
416873be3656a64802df980c8d9e0033	k__Bacteria; p__Bacteroidetes; c__[Saprospirae]; o__[Saprospirales]; f__Chitinophagaceae; g__; s__	0.9
7c078ff94f53c9138e165bad3de9db3f	k__Bacteria; p__Bacteroidetes; c__Cytophagia; o__Cytophagales; f__Cytophagaceae	0.8
3cf508a6da32e5092dc14d4d034e6393	k__Bacteria; p__Proteobacteria; c__Alphaproteobacteria; o__Rhizobiales; f__Hyphomicrobiaceae; g__Devosia; s__	1.0
a2ccdbccbe0e0b247a41869fabb78647	k__Bacteria; p__Proteobacteria; c__Alphaproteobacteria; o__Rhizobiales; f__; g__; s__	0.7
e94921576023328e2ff596a9975cdbf4	k__Bacteria; p__Actinobacteria; c__Actinobacteria; o__Actinomycetales; f__; g__; s__	1.0
f3751bba089b3a20e90e4b26ac8af3e5	Unassigned	0.0
07daf74a9bbab3f226e4d34bec4c0a01	k__Bacteria; p__Proteobacteria; c__Alphaproteobacteria; o__Rhizobiales; f__Hyphomicrobiaceae; g__; s__	0.7
ef8422d78466496849e0f2c8b3df9f27	k__Bacteria; p__Proteobacteria; c__Alphaproteobacteria; o__Rhodobacterales; f__Hyphomonadaceae; g__; s__	0.7
b94cde310a12f33f13d4e66da6f165a0	Unassigned	0.0
bf8d93e770de642af0479ca17c47dbd4	k__Bacteria; p__Chloroflexi; c__Chloroflexi; o__[Roseiflexales]; f__; g__; s__	0.7
01bd1af6055eda9cf6682f5b3e409756	Unassigned	0.0
79e2aa382dff4457da43bcb57e6c70ed	k__Bacteria; p__Proteobacteria; c__Betaproteobacteria; o__Rhodocyclales; f__Rhodocyclaceae; g__C39; s__	0.7
68a54b7b9cfa0099eb240ad51e0b13d5	k__Bacteria; p__Proteobacteria; c__Alphaproteobacteria; o__Rickettsiales; f__Rickettsiaceae; g__; s__	1.0
110a8d9f1fd50ae8afaa6d5a4b5a352e	k__Bacteria; p__Proteobacteria; c__Alphaproteobacteria; o__Sphingomonadales; f__Sphingomonadaceae; g__Novosphingobium; s__	0.8
43fb48e469d6507225b451c6ec78a1ac	k__Bacteria; p__Proteobacteria; c__Deltaproteobacteria; o__Spirobacillales; f__; g__; s__	1.0
0dc9150d12b8c83e205136ec41429b0e	k__Bacteria; p__Proteobacteria; c__Alphaproteobacteria; o__Rickettsiales; f__; g__; s__	1.0
34c29edc46fccb0fa6f2de5a85f6020d	k__Bacteria; p__Proteobacteria; c__Betaproteobacteria; o__Neisseriales; f__Neisseriaceae; g__Vogesella; s__	0.9
23f3bd017c6b8fb64a90ab6df45855fe	k__Bacteria; p__Proteobacteria; c__Alphaproteobacteria; o__; f__; g__; s__	1.0
0c8c3e4cd353250ff1f195f8e68c306f	k__Bacteria; p__Proteobacteria; c__Gammaproteobacteria; o__Alteromonadales; f__211ds20; g__; s__	0.9
33bc9f14c862618c43ff3cbdb85bfa2e	k__Bacteria; p__Acidobacteria; c__Solibacteres; o__Solibacterales	1.0
b406596e0d9c7336af0eb133fbe801a4	k__Bacteria; p__Firmicutes; c__Erysipelotrichi; o__Erysipelotrichales; f__Erysipelotrichaceae	0.6666666666666666
5a33cfcb1a78c9d61f487582ba01c58b	k__Bacteria; p__Chloroflexi; c__Ellin6529; o__; f__; g__; s__	1.0
79c3e5677a6b2f0f5831e9f30f3e3642	k__Bacteria; p__Proteobacteria; c__Deltaproteobacteria; o__Desulfobacterales; f__Desulfobacteraceae; g__; s__	1.0
7c32882686dcd0ed3b31638b06ad545c	k__Bacteria; p__Proteobacteria; c__Gammaproteobacteria; o__Enterobacteriales; f__Enterobacteriaceae; g__; s__	0.8181818181818182
dd17a0fbecbc61505019453e737aa438	k__Bacteria; p__Proteobacteria; c__Gammaproteobacteria; o__Xanthomonadales; f__Sinobacteraceae; g__Nevskia; s__ramosa	0.8
cc4f59e511b3ca5a39e12bf1758ae131	k__Bacteria; p__Proteobacteria; c__Gammaproteobacteria; o__Legionellales; f__Coxiellaceae; g__Aquicella; s__	1.0
4ea11fef4e64d14430b5f934a9a09262	k__Bacteria; p__OD1; c__ZB2; o__; f__; g__; s__	1.0
7fa504ae9151a81ead79b150fd6a8429	k__Bacteria; p__Proteobacteria; c__Alphaproteobacteria; o__Sphingomonadales; f__Sphingomonadaceae; g__Zymomonas; s__	0.6
77b75c556212af2fe377e0f87cb496be	k__Bacteria; p__TM7; c__SC3; o__; f__; g__; s__	1.0
77e3f83ca4f74177b35bb18537604512	k__Bacteria; p__Verrucomicrobia; c__[Pedosphaerae]; o__Arctic97B-4; f__; g__; s__	0.6
f5668946fbda96284ced12f538bf454e	k__Bacteria; p__Bacteroidetes; c__Flavobacteriia; o__Flavobacteriales; f__[Weeksellaceae]; g__Chryseobacterium; s__	1.0
3585952a2668191053a6d58ac25f3c31	k__Bacteria; p__Proteobacteria; c__Deltaproteobacteria; o__Myxococcales; f__OM27; g__; s__	1.0
44e1c3c99d23fdf7f9540b0a0a2dc6f1	k__Bacteria; p__Planctomycetes; c__Planctomycetia; o__Pirellulales; f__Pirellulaceae; g__; s__	1.0
8a8c09d96897e1ca3270e05285a52554	k__Bacteria; p__Bacteroidetes; c__Cytophagia; o__Cytophagales; f__Cytophagaceae; g__Cytophaga; s__	0.8
e8453b7212360d33c0cdef9e668b0a45	k__Bacteria; p__Firmicutes; c__Clostridia; o__Clostridiales; f__Lachnospiraceae; g__Coprococcus; s__	0.9
8ebf9d822028ff23faf720e72b3aa840	k__Bacteria; p__Bacteroidetes; c__[Saprospirae]; o__[Saprospirales]; f__Chitinophagaceae; g__; s__	1.0
e4dbde698aefccc44582d57ca04889dc	k__Bacteria; p__OD1; c__ZB2; o__; f__; g__; s__	1.0
e30e9bd5a290ba489671119699f75918	k__Bacteria; p__Proteobacteria; c__Deltaproteobacteria; o__NKB15; f__; g__; s__	1.0
620f91051c6df9f26239ba449d416e4e	k__Bacteria; p__Proteobacteria; c__Alphaproteobacteria; o__Rickettsiales; f__; g__; s__	0.8
412d1bb64a1b84dc6ada71e237323a34	k__Bacteria; p__Cyanobacteria; c__Chloroplast; o__Chlorophyta; f__Chlamydomonadaceae; g__; s__	0.6
ecb7ea15fde1ea73909108967a0ef46b	k__Bacteria; p__Verrucomicrobia; c__[Spartobacteria]; o__[Chthoniobacterales]; f__[Chthoniobacteraceae]; g__Candidatus Xiphinematobacter; s__	0.9
23e36378adcd85a772faa582b4a3757a	k__Bacteria; p__Proteobacteria; c__Deltaproteobacteria; o__Bdellovibrionales; f__Bdellovibrionaceae; g__Bdellovibrio; s__bacteriovorus	0.6
f4c0e0666be30e39c93427691ff0a330	k__Bacteria; p__Bacteroidetes; c__[Saprospirae]; o__[Saprospirales]; f__; g__; s__	1.0
c375a91396f03b61445c6207b7f7fecd	k__Bacteria; p__Chloroflexi; c__Anaerolineae; o__Caldilineales; f__Caldilineaceae; g__; s__	1.0
c3bf3d9b12e44396688b2b225e76657e	k__Bacteria; p__Actinobacteria; c__Acidimicrobiia; o__Acidimicrobiales; f__C111; g__; s__	1.0
61e8da7c2d2e496ea3ddfe1384069321	k__Bacteria; p__Proteobacteria; c__Alphaproteobacteria; o__Sphingomonadales; f__Sphingomonadaceae; g__Sphingomonas; s__wittichii	0.8
7c4366dfabe836097a9d607e152a6072	k__Bacteria; p__Proteobacteria; c__Deltaproteobacteria; o__Desulfarculales; f__Desulfarculaceae; g__; s__	0.7
af196509b0cd0f28c5ea4da683a12c11	k__Bacteria; p__Bacteroidetes; c__Sphingobacteriia; o__Sphingobacteriales; f__; g__; s__	1.0
8533fd112e1ca96d01f42b373fd4852c	k__Bacteria; p__Proteobacteria; c__Gammaproteobacteria; o__Methylococcales; f__Methylococcaceae; g__Methylocaldum; s__	0.7
9aeac06c10ed41341d93dd0b649e996b	k__Bacteria; p__Firmicutes; c__Clostridia; o__Clostridiales; f__Lachnospiraceae; g__Epulopiscium; s__	1.0
f57768f587c501feb2f595c3ad7c9bbc	k__Bacteria; p__Proteobacteria	0.6
963ec9c904922e01481d59e2a3bfc336	k__Bacteria; p__Proteobacteria; c__Alphaproteobacteria	1.0
fb3976c3ecefb560bde7d50134af9637	k__Bacteria; p__Bacteroidetes; c__Sphingobacteriia; o__Sphingobacteriales; f__; g__; s__	1.0
35e30826c75798f0774ced1e2c73495b	k__Bacteria; p__Bacteroidetes; c__Cytophagia; o__Cytophagales; f__Cytophagaceae; g__Flectobacillus; s__	1.0
ad0154abca9c6032819cb23aa32b8bd7	k__Bacteria; p__Bacteroidetes; c__Flavobacteriia; o__Flavobacteriales; f__Cryomorphaceae; g__; s__	0.9
9a3f3bf485e61970a790b5905e42ceb7	k__Bacteria; p__Planctomycetes; c__OM190; o__CL500-15; f__; g__; s__	1.0
573a94c29d64d300ab950aa10bf1953e	k__Bacteria; p__Bacteroidetes; c__Sphingobacteriia; o__Sphingobacteriales; f__; g__; s__	0.9
49ae1b0b197b24cf544bb79478a9ef17	k__Bacteria; p__Verrucomicrobia; c__[Methylacidiphilae]; o__Methylacidiphilales; f__LD19; g__; s__	0.7
c50c852bb6a5b26892b1ae16f3b97533	k__Bacteria; p__Proteobacteria; c__Gammaproteobacteria; o__Pseudomonadales; f__Moraxellaceae; g__; s__	0.7
517862c4c32b0c6e2279943d280dd57e	k__Bacteria; p__Bacteroidetes; c__Cytophagia; o__Cytophagales; f__Cytophagaceae; g__; s__	1.0
de5d3a963ed11da7861b230bc93113e5	k__Bacteria; p__Proteobacteria; c__Deltaproteobacteria; o__Bdellovibrionales; f__Bdellovibrionaceae; g__Bdellovibrio; s__	1.0
cac4e570e48042d3eb8cad209eb1c8d3	k__Bacteria; p__Proteobacteria; c__TA18; o__PHOS-HD29; f__; g__; s__	1.0
695f68d3785b9509c650b62d96adbeac	k__Bacteria; p__Gemmatimonadetes; c__Gemmatimonadetes; o__KD8-87; f__; g__; s__	1.0
27824eeb3968c50320c7e275d56e1cc7	k__Bacteria; p__Firmicutes; c__Clostridia; o__Clostridiales; f__Ruminococcaceae; g__; s__	1.0
611e2cc3f4f5cbf73fd816dc7bdfb28a	k__Bacteria; p__Cyanobacteria; c__Chloroplast	1.0
a7644d2a75f7cec2ae9246ff5c995e47	k__Bacteria; p__Bacteroidetes; c__Bacteroidia; o__Bacteroidales; f__; g__; s__	1.0
97ad9219c9564da32a5baa688441363a	k__Bacteria; p__Bacteroidetes; c__Flavobacteriia; o__Flavobacteriales; f__Cryomorphaceae; g__Fluviicola; s__	0.6
b3d808b6032ff88cf17204fe2463b024	k__Bacteria; p__Proteobacteria; c__TA18; o__PHOS-HD29; f__; g__; s__	1.0
094b349e5d099de2751ea8d652a20621	Unassigned	0.0
01b19cbafaed8a5029b66e167fe8d9f7	k__Archaea; p__[Parvarchaeota]; c__[Parvarchaea]; o__WCHD3-30; f__; g__; s__	1.0
d994b195fc41a972c7026f252dd1f35a	k__Bacteria; p__Proteobacteria; c__Alphaproteobacteria; o__Caulobacterales; f__Caulobacteraceae; g__Phenylobacterium; s__	0.7
9d0f8bfd24675f64f21128c53a291673	Unassigned	0.0
367f38099443f0159cf860a0b0816ed9	k__Bacteria; p__Bacteroidetes; c__[Saprospirae]; o__[Saprospirales]; f__Chitinophagaceae; g__Sediminibacterium; s__	0.9
6896376c35495ecb7689a07c93fc1a07	k__Bacteria; p__Bacteroidetes; c__Cytophagia; o__Cytophagales; f__Cytophagaceae; g__; s__	1.0
702d5b7a209fb9157bd236884a6c6743	k__Bacteria; p__OD1; c__ZB2; o__; f__; g__; s__	0.9
8d5ddce2e485044f8c39223687bef220	Unassigned	0.0
74551b83490d4fb9f369570af17c15fe	k__Bacteria; p__Cyanobacteria; c__Chloroplast; o__Cryptophyta; f__; g__; s__	1.0
db74646f355ac8f6d4ff8f453d81c2d6	k__Bacteria; p__Actinobacteria; c__Actinobacteria; o__Actinomycetales; f__; g__; s__	1.0
19e8be6a8e37a5cf7919e0a799cc70ff	k__Bacteria; p__Bacteroidetes; c__Cytophagia; o__Cytophagales; f__Cyclobacteriaceae; g__; s__	1.0
2db3dbd2f37bd91976a48f5a388b1ca9	k__Bacteria; p__Proteobacteria; c__Alphaproteobacteria; o__Rhodobacterales; f__Hyphomonadaceae; g__; s__	0.8
b9138b879ec3d3fa0f0a63dbf07d9eea	k__Bacteria; p__Acidobacteria; c__Solibacteres; o__Solibacterales; f__; g__; s__	1.0
e4f435fcbb9fd5e0c83632a1c3fc4d81	k__Bacteria; p__Proteobacteria; c__Betaproteobacteria; o__Burkholderiales; f__Comamonadaceae; g__Limnobacter	0.6
1e0a06e3d9f39b961eec11ce31fca46d	k__Bacteria; p__Proteobacteria; c__Deltaproteobacteria; o__Bdellovibrionales; f__Bacteriovoracaceae; g__; s__	0.9
cb522aab8459d86708e2e6ecaa89b163	k__Bacteria; p__Proteobacteria; c__Alphaproteobacteria; o__Rhodospirillales; f__Acetobacteraceae; g__; s__	0.9
faca23ceed14bbf98d47f0b4db96f73a	k__Bacteria; p__Proteobacteria; c__Betaproteobacteria; o__Rhodocyclales; f__Rhodocyclaceae; g__; s__	0.9
ed06f0d0659c9efc9c34a06ea10e08e3	k__Bacteria; p__Planctomycetes; c__Planctomycetia; o__Pirellulales; f__Pirellulaceae; g__; s__	1.0
74c6b961ede65638b533afdcbe0b8749	k__Bacteria; p__Proteobacteria; c__Deltaproteobacteria; o__Desulfobacterales; f__Desulfobacteraceae	0.7
eeb5f6c7931f45cdd00c6c8bdffae757	k__Bacteria; p__Acidobacteria; c__Solibacteres; o__Solibacterales	1.0
62a5f632777acd897c6b5b64efd1ed4f	k__Bacteria; p__Bacteroidetes; c__Sphingobacteriia; o__Sphingobacteriales; f__; g__; s__	1.0
59209b7dbb82fe4826a67827fcc27a41	k__Bacteria; p__Proteobacteria; c__Betaproteobacteria; o__Burkholderiales; f__Comamonadaceae; g__Hydrogenophaga; s__	0.8
0337205a64ed3c3eeed62aa14fc234ad	k__Bacteria; p__Verrucomicrobia; c__Opitutae; o__Puniceicoccales; f__Puniceicoccaceae; g__MB11C04; s__	0.8
10708c022c5c8a8f54f07f25e87b1f64	k__Bacteria; p__Proteobacteria; c__Alphaproteobacteria; o__Rhizobiales; f__Methylobacteriaceae; g__Methylobacterium; s__	0.9
4e1a122a2c8c03e790172592b58d5f56	k__Bacteria; p__Bacteroidetes; c__Sphingobacteriia; o__Sphingobacteriales; f__; g__; s__	1.0
0e25e0d5ebe84627249c1748fc08503a	Unassigned	0.0
de7654b990a2bc82fe4098850637e6fa	k__Bacteria; p__Firmicutes; c__Clostridia; o__Clostridiales	1.0
0f334abcf0860016b246fcc1352f8977	k__Bacteria; p__Proteobacteria; c__Deltaproteobacteria; o__Myxococcales; f__Nannocystaceae; g__Plesiocystis; s__	1.0
c377655ee8cc3ffcac6fc241a46d1926	k__Bacteria; p__Actinobacteria; c__Actinobacteria; o__Actinomycetales	1.0
5d4b20bee0bbe3f92c8786e399d8b58c	Unassigned	0.0
0957b6fd55d96aa234a856cb0c11d594	k__Bacteria; p__Proteobacteria; c__Deltaproteobacteria; o__Spirobacillales; f__; g__; s__	1.0
70e63bb0bab0a9c83fc8ab7b93fc5b81	k__Bacteria; p__OP3; c__BD4-9; o__; f__; g__; s__	1.0
d5d9c6d8f4039eae6f6702462b334de0	k__Bacteria; p__Proteobacteria; c__Gammaproteobacteria; o__Methylococcales; f__Crenotrichaceae; g__Crenothrix; s__	0.7
ef17bee71e14228600da46fccb6165b0	k__Bacteria; p__Bacteroidetes; c__Cytophagia; o__Cytophagales; f__Cytophagaceae; g__Emticicia; s__	1.0
479f0f332fdcb087cc768cd98d8700b1	k__Bacteria; p__Cyanobacteria; c__Chloroplast; o__Chlorophyta; f__; g__; s__	1.0
298d19f4d92e7c9d0415928136016937	k__Bacteria; p__Bacteroidetes; c__[Saprospirae]; o__[Saprospirales]; f__Saprospiraceae; g__; s__	0.9
47934d0b90d3c7b625c826a31887ee3f	k__Bacteria; p__Actinobacteria; c__Actinobacteria; o__Actinomycetales; f__Microbacteriaceae; g__; s__	0.6
1629bfe0b8434271baab2c4806824890	k__Bacteria; p__Spirochaetes; c__[Leptospirae]; o__[Leptospirales]; f__Leptospiraceae; g__Leptospira; s__	1.0
fc7f7c95238fea824d8e2690c90c1598	k__Bacteria; p__Proteobacteria; c__Deltaproteobacteria; o__Syntrophobacterales; f__Syntrophobacteraceae; g__; s__	0.8
11f131dc36f4f17c52de6e9727df96b9	Unassigned	0.0
269cdcdb10eccae1f1548c904fa34ecb	k__Bacteria; p__Actinobacteria; c__Actinobacteria; o__Actinomycetales; f__Microbacteriaceae; g__Candidatus Aquiluna; s__rubra	0.8
d6dcda25da8dbacab90319fb49f1f60c	k__Bacteria; p__Proteobacteria; c__Betaproteobacteria; o__Burkholderiales; f__Comamonadaceae; g__Hydrogenophaga; s__	0.9
ceb87670c078f1d0366e0a9bb9b0f38c	k__Bacteria; p__Chlamydiae; c__Chlamydiia; o__Chlamydiales	0.6
81ae4e923e631c847eb7dfd8bd6d321e	k__Bacteria; p__Planctomycetes; c__Planctomycetia; o__Gemmatales; f__Gemmataceae; g__Gemmata; s__	1.0
c97d561da6b2c8edabcf1b8a7dc41db0	k__Bacteria; p__TM6	1.0
672ad4bf632f42d17a63919a80f75769	k__Bacteria; p__Bacteroidetes; c__[Saprospirae]; o__[Saprospirales]; f__Saprospiraceae; g__; s__	0.6
a4746bcb382a56f541a9af9c8679a261	k__Bacteria; p__Proteobacteria; c__Deltaproteobacteria; o__Myxococcales; f__OM27; g__; s__	1.0
d8b0aed9b4d3e9d3acca98bd7833b95c	Unassigned	0.0
654e23b708276e1ddba58f118f83628a	k__Bacteria; p__Verrucomicrobia; c__[Pedosphaerae]; o__[Pedosphaerales]; f__; g__; s__	0.7
9af17f6a9f809433c931ea62c45571f0	k__Bacteria; p__Bacteroidetes	1.0
e5224200f5e66db15ee38332d192a2fc	Unassigned	0.0
0f280dca1f1b56e8aab81f12afce8b59	k__Bacteria; p__Actinobacteria; c__Actinobacteria; o__Actinomycetales; f__Mycobacteriaceae; g__Mycobacterium; s__	1.0
f2d0bce7e520ec938edd6348c03ced28	k__Bacteria; p__Proteobacteria; c__Deltaproteobacteria; o__Myxococcales; f__; g__; s__	1.0
825ff31b04e553036fd7f3624f7fb2c5	k__Bacteria; p__Cyanobacteria	1.0
e0bdff02da083f36b9fb5602acfdab5c	k__Bacteria; p__Proteobacteria; c__Gammaproteobacteria; o__Legionellales; f__Coxiellaceae; g__Aquicella; s__	1.0
df5294abdf772bd5fddbba4be6cbd083	k__Bacteria; p__Proteobacteria; c__TA18; o__PHOS-HD29; f__; g__; s__	1.0
f620284df3dbcbd9b518254969c53089	k__Bacteria; p__Proteobacteria; c__TA18; o__PHOS-HD29; f__; g__; s__	1.0
a5b107b9a78eed20825f2b707ba39cd2	k__Bacteria; p__Proteobacteria; c__Alphaproteobacteria; o__Caulobacterales; f__Caulobacteraceae; g__Caulobacter	0.7
d94408e6603d5aa1983debc471f63b80	k__Bacteria	1.0
ea5a0a487a2a550fa891d7e607a81ab5	k__Bacteria; p__Bacteroidetes; c__Bacteroidia; o__Bacteroidales; f__Porphyromonadaceae	0.8
920acc8ed019f47e656d051284b314a8	k__Bacteria; p__Proteobacteria; c__Deltaproteobacteria; o__Bdellovibrionales; f__Bdellovibrionaceae; g__Bdellovibrio; s__	1.0
9b8f7ca316286219f08a53ed28bf0184	k__Bacteria; p__Proteobacteria; c__Alphaproteobacteria; o__Rhizobiales; f__; g__; s__	1.0
2b8506dbd401618abcf75df259a329cb	k__Bacteria; p__Verrucomicrobia; c__Verrucomicrobiae; o__Verrucomicrobiales; f__Verrucomicrobiaceae; g__; s__	1.0
3546146d76fe02143d3c712595e4edb1	k__Bacteria; p__Planctomycetes; c__Planctomycetia; o__Planctomycetales; f__Planctomycetaceae; g__Planctomyces; s__	1.0
9c4e8268597fff6d9b74c3d13d2252f2	k__Bacteria; p__Proteobacteria; c__TA18; o__PHOS-HD29; f__; g__; s__	1.0
46a32a4707d26f311bf5b964b3e27a22	k__Bacteria; p__Proteobacteria; c__Deltaproteobacteria; o__Syntrophobacterales; f__Syntrophobacteraceae; g__; s__	0.5714285714285714
2aa201dbcc409f400227b55db113d51e	k__Bacteria; p__Proteobacteria; c__Deltaproteobacteria; o__Spirobacillales; f__; g__; s__	1.0
87add601f7b5bcbd3a90c8c0638225b9	k__Bacteria; p__Cyanobacteria; c__Chloroplast; o__Stramenopiles; f__; g__; s__	1.0
9b44f9bd51353aca04b8cdd5220541e4	k__Bacteria; p__Verrucomicrobia; c__Opitutae; o__[Cerasicoccales]; f__[Cerasicoccaceae]; g__; s__	1.0
54bdcd6c7eedd51f689300f15f23f1a5	k__Bacteria; p__Proteobacteria; c__Alphaproteobacteria; o__Sphingomonadales; f__Sphingomonadaceae; g__Kaistobacter; s__	0.6
b17086cd81a552a0bfa6e8dcdf5861f9	k__Bacteria; p__Proteobacteria; c__Deltaproteobacteria; o__Bdellovibrionales; f__Bdellovibrionaceae; g__Bdellovibrio; s__	1.0
b46f56c23e21de46a4d01fca0b10f30a	k__Bacteria; p__Bacteroidetes; c__[Saprospirae]; o__[Saprospirales]; f__Chitinophagaceae; g__; s__	0.8
3cefbae20782bd5edb0685edbaad499f	k__Bacteria; p__OD1; c__ZB2; o__; f__; g__; s__	1.0
a9d81250b1cf3d5605610b93cb47abba	k__Bacteria; p__Firmicutes; c__Clostridia; o__Clostridiales; f__; g__; s__	0.6
a8a1551ebe1fd6210b61b598b54f3760	k__Bacteria; p__Planctomycetes; c__Planctomycetia; o__Pirellulales; f__Pirellulaceae; g__; s__	1.0
d21d1cfd0d209e0843eb3e5e9ce999db	k__Bacteria; p__Proteobacteria; c__Gammaproteobacteria; o__Legionellales; f__; g__; s__	0.7
3f876290ee7fa670462bbe5c5a2e8bf9	k__Bacteria; p__Cyanobacteria; c__Chloroplast; o__Streptophyta; f__; g__; s__	1.0
5e23b7353bb39c4f0fc6d67bcf462cd0	k__Bacteria; p__OP3; c__BD4-9; o__; f__; g__; s__	1.0
890f72c93c8fca0fd8926994ae9c39eb	Unassigned	0.0
e79c9ead820e6298074ff6397a87d4fd	k__Bacteria; p__GN02; c__BD1-5; o__; f__; g__; s__	0.7
e910566b28b587536842cdd941187e3b	k__Bacteria; p__Verrucomicrobia	1.0
a51dc503963b45471713c09b4f65c4bc	k__Bacteria; p__Cyanobacteria; c__Chloroplast; o__Chlorophyta; f__; g__; s__	0.7
a77b0366d9056468d344b8e5b6a753c5	k__Bacteria; p__Proteobacteria; c__Alphaproteobacteria; o__Rickettsiales; f__Rickettsiaceae; g__; s__	1.0
1d08ed3ce33d0185356c18b4e9a1d73b	k__Bacteria; p__Firmicutes	0.7
ef0efd8b5e004aac14e1c28b11b918fb	k__Archaea; p__Euryarchaeota; c__DSEG	0.75
e545f604186bb93728fcb9bc9812d6a5	k__Bacteria; p__Actinobacteria; c__Acidimicrobiia; o__Acidimicrobiales; f__; g__; s__	1.0
239a24a96fe7c5a01d2aa636bcf9505d	Unassigned	0.0
6c2cc16abe0df554c8f5a7f294db1c75	k__Bacteria; p__Firmicutes; c__Clostridia; o__Clostridiales; f__Peptostreptococcaceae; g__; s__	0.8
dfadabe26000b0dc732fb9a79a38afdc	Unassigned	0.0
2fe189c37623f75af872e7d5498e31b0	k__Bacteria; p__Proteobacteria; c__Betaproteobacteria; o__Burkholderiales; f__Oxalobacteraceae; g__; s__	0.8
4370c36a90ea0ffed438c26314a49b02	k__Bacteria; p__Proteobacteria; c__Gammaproteobacteria; o__Pseudomonadales; f__Pseudomonadaceae; g__Pseudomonas; s__	0.8
2e753e79cd44bcd4a97416bc59c9157e	k__Bacteria; p__Acidobacteria; c__Acidobacteria-6; o__iii1-15; f__mb2424; g__; s__	1.0
08412a3bc03594f315b17bcc5904b801	k__Bacteria; p__Proteobacteria; c__Alphaproteobacteria; o__Sphingomonadales; f__Sphingomonadaceae; g__; s__	0.9
95b33fefd830d5acf3da77ed76a2b848	k__Bacteria; p__Chlorobi; c__OPB56; o__; f__; g__; s__	1.0
fd8a0f9213f16f1362d8af357804d4dc	k__Bacteria; p__Proteobacteria; c__Gammaproteobacteria; o__Alteromonadales; f__[Chromatiaceae]; g__Rheinheimera; s__	1.0
3e8319f60693f2700d1cebdca8ecfb56	k__Bacteria; p__Bacteroidetes; c__Cytophagia; o__Cytophagales; f__Cytophagaceae; g__Runella; s__	1.0
8faf313207867ececde2266aeff4c4ca	Unassigned	0.0
510d351689d09815ac91662b2a4e6237	k__Archaea; p__Euryarchaeota; c__DSEG; o__ArcA07; f__; g__; s__	1.0
8b5764fd6e37d70fee9bf7db3baf5ddd	k__Bacteria; p__Chlorobi; c__BSV26	1.0
c4c83d0d1b8dcb9b1e7f41b53e1387c1	k__Bacteria; p__Proteobacteria; c__Alphaproteobacteria; o__Rhizobiales; f__; g__; s__	0.7
07e14085fc9a220c3d4f4ee7b835f198	k__Bacteria; p__Proteobacteria; c__Gammaproteobacteria; o__Chromatiales; f__Halothiobacillaceae; g__Thiovirga; s__	1.0
df928759d8716a5c4069058c6724a78a	k__Bacteria; p__Proteobacteria; c__Betaproteobacteria; o__Burkholderiales; f__Comamonadaceae; g__Hydrogenophaga; s__	0.7
84b92c96dd4dad2b3c48525e3ea5cbb0	k__Bacteria; p__TM6; c__SBRH58; o__; f__; g__; s__	0.8
ef5467e64bd364e65fa3a6f0fc622746	k__Bacteria; p__Proteobacteria; c__Gammaproteobacteria; o__Methylococcales; f__Crenotrichaceae; g__Crenothrix; s__	0.8
824b54a0f05ec3a92725d49cb0f34bd7	k__Bacteria; p__Actinobacteria; c__Acidimicrobiia; o__Acidimicrobiales; f__; g__; s__	0.7
20f587ff8c019758bfe29ffada425add	k__Bacteria; p__Bacteroidetes; c__Sphingobacteriia; o__Sphingobacteriales; f__; g__; s__	0.9
7f4c1b633f076847ae8137d0d2cdc716	k__Bacteria; p__Cyanobacteria; c__ML635J-21; o__; f__; g__; s__	1.0
33d3402bb99f5a3c7f6ca2073acf242f	k__Bacteria; p__Proteobacteria; c__Gammaproteobacteria; o__Xanthomonadales; f__Xanthomonadaceae; g__Lysobacter; s__	0.6
a3d1b467b2cc91098149401ce5f30519	k__Bacteria; p__Proteobacteria; c__Gammaproteobacteria; o__Xanthomonadales; f__Sinobacteraceae; g__; s__	0.8
db8b1f5516a0ddf2c13a7e8a5456683f	k__Bacteria; p__Actinobacteria; c__Actinobacteria; o__Actinomycetales; f__Corynebacteriaceae; g__Corynebacterium; s__	0.6
0b4de3029fdf6950244122d37d297df5	k__Bacteria; p__Planctomycetes; c__Planctomycetia; o__Pirellulales; f__Pirellulaceae; g__; s__	1.0
08ef405515b9fedce7514b82081dfa02	k__Bacteria; p__Bacteroidetes; c__[Saprospirae]; o__[Saprospirales]; f__Chitinophagaceae; g__; s__	1.0
a5827313aeb7a45650a50857b5cb345e	k__Bacteria; p__Bacteroidetes	1.0
f3bd146f821108075029195329764014	Unassigned	0.0
012c25d9a92cccc02165ff43560ab389	k__Bacteria; p__Proteobacteria; c__Epsilonproteobacteria; o__Campylobacterales; f__Helicobacteraceae; g__Sulfurimonas; s__	1.0
f98f42ed158f84cf122ed8a097483888	k__Bacteria; p__Actinobacteria; c__Acidimicrobiia; o__Acidimicrobiales; f__; g__; s__	1.0
2beb1edee2984cca0ccee21078a28386	k__Bacteria; p__Cyanobacteria; c__Chloroplast; o__Stramenopiles; f__; g__; s__	1.0
7bb628c5d2321adff95e5a6e853b8e52	k__Bacteria; p__Firmicutes; c__Clostridia; o__Clostridiales; f__; g__; s__	0.6
7c0ee4012e7c646cc28851b6eca6510d	k__Bacteria; p__Firmicutes; c__Clostridia; o__Clostridiales; f__Peptostreptococcaceae; g__; s__	0.9
cc194e7ba28146edd9535f1e4a1f9094	k__Bacteria; p__SR1; c__; o__; f__; g__; s__	1.0
3b50074aa2354ff6b21db5a1c245df3a	k__Archaea; p__[Parvarchaeota]; c__[Parvarchaea]; o__WCHD3-30; f__; g__; s__	1.0
803acac73d4a8987aae069c44ac17045	k__Bacteria; p__Proteobacteria; c__Alphaproteobacteria; o__Rickettsiales; f__; g__; s__	1.0
48dbcbe972d22b5baeb5e0697140f754	k__Bacteria; p__Bacteroidetes; c__Flavobacteriia; o__Flavobacteriales; f__Flavobacteriaceae; g__Flavobacterium; s__	0.9
433d458901749e8cc09130e9e0489914	k__Bacteria; p__Bacteroidetes; c__Cytophagia; o__Cytophagales; f__Cyclobacteriaceae; g__; s__	1.0
242f6bbef117bad49bdde0c5a1c65f44	k__Bacteria; p__Cyanobacteria; c__Chloroplast; o__Chlorophyta; f__; g__; s__	1.0
c2b95ed2592c92b47f6b8d6182863133	k__Bacteria; p__Verrucomicrobia; c__Opitutae; o__Opitutales; f__Opitutaceae; g__Opitutus; s__	0.6
abf1e3d9a2d85e876e38cdb248c2dd22	k__Bacteria; p__OD1; c__ZB2; o__; f__; g__; s__	1.0
afc70f2ad7aa7b46c7d68b56c0497e06	k__Bacteria; p__Proteobacteria; c__Alphaproteobacteria; o__Rhodospirillales; f__Acetobacteraceae; g__; s__	0.9
fd485494c4b5d841ba5644c17cfea16f	k__Bacteria; p__Proteobacteria; c__Betaproteobacteria; o__Rhodocyclales; f__Rhodocyclaceae; g__Dechloromonas; s__	0.9
9055935365c565ee00024029b60553b5	k__Bacteria; p__Armatimonadetes; c__[Fimbriimonadia]; o__[Fimbriimonadales]; f__[Fimbriimonadaceae]; g__; s__	0.6
fe7f0c8034c742c206165dabb8f5d242	k__Bacteria; p__Bacteroidetes; c__Sphingobacteriia; o__Sphingobacteriales; f__Sphingobacteriaceae; g__Pedobacter; s__	0.6
ea7aaca19c132083b021767d0b097ad9	k__Bacteria; p__Cyanobacteria; c__Chloroplast; o__Streptophyta; f__; g__; s__	1.0
a0261145cb373bf3475e5ab69131b579	k__Bacteria; p__Verrucomicrobia; c__Verrucomicrobiae; o__Verrucomicrobiales; f__Verrucomicrobiaceae; g__; s__	0.6
08130cd5277497f9ccc4a35f067fcf29	k__Bacteria; p__Proteobacteria; c__Gammaproteobacteria; o__Legionellales; f__Legionellaceae	0.8
2bb5e7f1fd1820189d4f97d85418a906	k__Bacteria; p__Bacteroidetes; c__Flavobacteriia; o__Flavobacteriales; f__Cryomorphaceae; g__Fluviicola; s__	1.0
7a2d325e6ffccecba7bf996ba5a16290	k__Bacteria; p__Planctomycetes; c__Planctomycetia; o__Planctomycetales; f__Planctomycetaceae; g__Planctomyces; s__	1.0
16ff236257127f3ae73d36bec1315393	k__Bacteria; p__Gemmatimonadetes; c__Gemmatimonadetes; o__KD8-87; f__; g__; s__	1.0
0a60201e17401f1e3258d2ae994cb90e	k__Bacteria; p__Firmicutes; c__Clostridia; o__Clostridiales; f__; g__; s__	0.9
f4402a7751845b3d4b790bb4defa2506	k__Bacteria; p__Planctomycetes; c__Planctomycetia; o__Pirellulales; f__Pirellulaceae; g__; s__	1.0
5585402648fdc74fd1b70f1ee541845d	k__Bacteria; p__Cyanobacteria; c__Chloroplast; o__Streptophyta; f__; g__; s__	1.0
4568c4f280fbcb73f0b49d4f19667c36	k__Bacteria; p__Cyanobacteria; c__Chloroplast; o__Stramenopiles; f__; g__; s__	1.0
e64ba19b620110318cd8b9b40554d13f	k__Bacteria; p__Proteobacteria; c__Alphaproteobacteria; o__Caulobacterales; f__Caulobacteraceae; g__; s__	0.7
713c081a377103d97e70c05ad4e64294	k__Bacteria; p__Proteobacteria; c__Alphaproteobacteria; o__Rhizobiales; f__; g__; s__	1.0
fe4ae55c4e72f9e0327f8915784d9f11	k__Bacteria; p__Planctomycetes; c__OM190; o__CL500-15; f__; g__; s__	1.0
03c2aed8b5ab69b2b15eaea6d284e7ff	k__Bacteria; p__Proteobacteria; c__Alphaproteobacteria; o__Rhodospirillales; f__Acetobacteraceae; g__; s__	1.0
5bb88efd2ba302c652a94c17da686319	k__Bacteria; p__Chlorobi; c__OPB56; o__; f__; g__; s__	1.0
efbfbce7445609d8c14d47c35e96dcdb	k__Bacteria; p__Bacteroidetes; c__Sphingobacteriia; o__Sphingobacteriales; f__; g__; s__	1.0
7b63273469ea3a20885bc720dbaf84f7	k__Bacteria; p__Fibrobacteres; c__TG3; o__TG3-1	0.7
626d43fe8f0d9d5b9344e70efafd14ec	k__Bacteria; p__Proteobacteria; c__Deltaproteobacteria; o__Spirobacillales; f__; g__; s__	1.0
e80ee12b5cdee4afd08453abb4d10e9e	k__Bacteria; p__Planctomycetes; c__Planctomycetia; o__Gemmatales; f__Gemmataceae; g__Gemmata; s__	1.0
d262f3aa73b26c4afcfb69777c792567	k__Bacteria; p__Proteobacteria; c__Deltaproteobacteria; o__NB1-j	0.6
f1676d320e777479ae2094a8f36ecd84	k__Bacteria; p__Proteobacteria; c__Deltaproteobacteria; o__Myxococcales; f__; g__; s__	1.0
54ce593984a3e812be21e6fe07b06352	k__Bacteria; p__Proteobacteria; c__Gammaproteobacteria; o__Thiotrichales; f__Thiotrichaceae; g__Thiothrix; s__	1.0
389f5de62db72206b98a164b3e8305c3	k__Bacteria; p__OP3; c__BD4-9; o__; f__; g__; s__	1.0
6b5628032ecafb4912fc2fc7158d47ba	k__Bacteria; p__Firmicutes; c__Clostridia; o__Clostridiales; f__Clostridiaceae; g__; s__	0.7
edd02526aa1452c0c2cfa16f669a28f1	k__Bacteria; p__Acidobacteria; c__[Chloracidobacteria]; o__RB41; f__Ellin6075; g__; s__	1.0
c14335bd4d548fb5f0438b700d277c10	k__Bacteria; p__Firmicutes; c__Clostridia; o__Clostridiales; f__Lachnospiraceae; g__Dorea; s__	0.6
bf9fa5fd650981461fa2d506ecb71f19	k__Bacteria; p__Proteobacteria; c__Deltaproteobacteria; o__Myxococcales; f__; g__; s__	1.0
295f488127c741e680570a12191ff949	k__Bacteria; p__Proteobacteria; c__Betaproteobacteria; o__MND1; f__; g__; s__	0.8
9182eb68c95f2dd1b49fc45f780af5c6	k__Bacteria; p__Chloroflexi	1.0
03482d8abd4569d54a3f35157d0db6dd	k__Bacteria; p__Proteobacteria; c__Alphaproteobacteria; o__BD7-3; f__; g__; s__	1.0
dc2ec5d5d0139c513a44c3323cbcd64a	k__Bacteria; p__Acidobacteria; c__DA052; o__Ellin6513; f__; g__; s__	0.6
ff0678bc432bc85ad41994eacb77739a	k__Bacteria; p__Firmicutes; c__Bacilli; o__Bacillales; f__Bacillaceae; g__Bacillus; s__	0.9
7049c3b3d39080ae6fe99801ee8eef34	k__Bacteria; p__Proteobacteria; c__Deltaproteobacteria; o__Bdellovibrionales; f__Bdellovibrionaceae; g__Bdellovibrio; s__	1.0
3f1746fd8c5cc68a4ff8c75af6be588e	k__Bacteria; p__Cyanobacteria; c__Chloroplast; o__Chlorophyta; f__Chlamydomonadaceae	0.6
f73ccff379ffbd4884ac33e78998be02	k__Bacteria; p__Bacteroidetes; c__Sphingobacteriia; o__Sphingobacteriales; f__; g__; s__	1.0
2ba496ae75a27832634ea0511e665f00	Unassigned	0.0
e8499977f8a24267b5e9213a362c1bb8	k__Bacteria; p__TM6; c__SJA-4; o__; f__; g__; s__	1.0
e3773b2e5a5bcc98254ee3e07330652c	k__Bacteria; p__Proteobacteria; c__Alphaproteobacteria; o__Rickettsiales; f__; g__; s__	1.0
1103eb836e08559e032bb761a17476e3	k__Bacteria; p__Proteobacteria; c__Betaproteobacteria; o__Methylophilales; f__Methylophilaceae; g__; s__	0.9
a93deb28d326041fda3bb68b0be930e6	k__Bacteria; p__Planctomycetes; c__Planctomycetia; o__Pirellulales; f__Pirellulaceae; g__; s__	1.0
b90930f51d0c46cf7540052d7d5ab08b	k__Bacteria; p__Proteobacteria; c__Gammaproteobacteria; o__Xanthomonadales; f__Xanthomonadaceae; g__; s__	0.6
9dbe2ac13eb56722fb31f47469d05b8e	k__Bacteria; p__Planctomycetes; c__Planctomycetia; o__Pirellulales; f__Pirellulaceae; g__; s__	1.0
c08f5e1f6d370481d60e058c28701ca3	k__Bacteria; p__Proteobacteria; c__Betaproteobacteria; o__Burkholderiales; f__; g__; s__	0.6
139f84ceba7132fcaeef17a02a3f3ddb	k__Bacteria; p__Bacteroidetes; c__Cytophagia; o__Cytophagales; f__Cytophagaceae; g__; s__	1.0
92d891f662d2dad568c61d2b20058e77	k__Bacteria; p__Proteobacteria; c__Alphaproteobacteria; o__Rickettsiales; f__; g__; s__	0.7
b80bed353b30e2a13632f6fc29f39572	k__Bacteria; p__Bacteroidetes; c__Flavobacteriia; o__Flavobacteriales; f__Flavobacteriaceae; g__Flavobacterium; s__	1.0
11d5cab8fad66bd072ace3b57603d539	k__Bacteria; p__Proteobacteria; c__Alphaproteobacteria; o__Rickettsiales; f__Rickettsiaceae; g__; s__	0.6
f5045900857f0c5f47d3601ddd07da8b	k__Bacteria; p__Proteobacteria; c__Betaproteobacteria; o__Burkholderiales; f__Comamonadaceae; g__; s__	0.9
c69ed666a669d4d71200f99afcd22ac1	k__Bacteria; p__Bacteroidetes; c__Flavobacteriia; o__Flavobacteriales; f__Flavobacteriaceae; g__Flavobacterium; s__succinicans	0.6
78f37d5c51ae11b91474a4798ed35c39	k__Bacteria; p__Acidobacteria; c__Sva0725; o__Sva0725; f__; g__; s__	1.0
2071b3f576365d8309ba0d3983b5f926	Unassigned	0.0
5a02d64aad4fe362601cb5d027db5b59	k__Bacteria; p__Cyanobacteria; c__Nostocophycideae; o__Nostocales; f__Nostocaceae; g__Dolichospermum; s__	0.6
bada798e88d8081254940c29b50b01de	k__Bacteria; p__Proteobacteria; c__Gammaproteobacteria; o__Methylococcales; f__Crenotrichaceae; g__Crenothrix; s__	1.0
4afabd19cefe2d0c946c461b44230a2d	k__Bacteria; p__Proteobacteria; c__Alphaproteobacteria; o__Rickettsiales; f__Rickettsiaceae; g__; s__	0.9
0f49486762789ab51b3e28880219be56	k__Bacteria; p__Proteobacteria; c__Deltaproteobacteria; o__GMD14H09; f__; g__; s__	0.9
efbddb6fedb326f524603655c5c965a5	k__Bacteria; p__Bacteroidetes; c__Flavobacteriia; o__Flavobacteriales; f__Cryomorphaceae; g__Fluviicola; s__	1.0
1752162050ffdb836670d0197fa3cc1f	k__Bacteria; p__Proteobacteria; c__Alphaproteobacteria; o__Rhizobiales	1.0
87a4eb47a9bebf10fb277974d02ad77d	k__Bacteria; p__Firmicutes; c__Clostridia; o__Clostridiales; f__Clostridiaceae; g__; s__	1.0
5af2b29d62d9b6974a9f852ef7ad4ad8	k__Bacteria; p__Planctomycetes; c__Planctomycetia; o__Planctomycetales; f__Planctomycetaceae; g__Planctomyces; s__	1.0
e8d7d895bed83163c316f9c7d86f043f	k__Bacteria; p__Bacteroidetes; c__Bacteroidia; o__Bacteroidales; f__; g__; s__	0.7
83940d24a5dcef6fcf5fb2d2ca8e78a7	k__Bacteria; p__Planctomycetes; c__OM190; o__CL500-15; f__; g__; s__	1.0
1f15e69fa3df248359d73b6873cb984f	k__Bacteria; p__Actinobacteria; c__Thermoleophilia; o__; f__; g__; s__	1.0
ec34cf0cce40ea9c704d00b06b5dee7d	k__Bacteria; p__Fusobacteria; c__Fusobacteriia; o__Fusobacteriales; f__Fusobacteriaceae; g__Fusobacterium; s__	0.8
91eae608aef3dd6e5df0620446dae731	k__Bacteria; p__Proteobacteria; c__Deltaproteobacteria; o__Myxococcales; f__0319-6G20; g__; s__	1.0
259fb58d73c960615b56433d7f40cc0e	k__Bacteria; p__Bacteroidetes; c__Sphingobacteriia; o__Sphingobacteriales; f__Sphingobacteriaceae; g__; s__	0.8
bdb2655e75759087ae0049ff9be28081	k__Bacteria	1.0
b55b301482e3853c5955da1f97af3bd4	k__Bacteria; p__Proteobacteria; c__Alphaproteobacteria; o__Rhodobacterales; f__Rhodobacteraceae	1.0
15972dd07cd26b8563bf52802631121d	k__Bacteria; p__Bacteroidetes; c__[Saprospirae]; o__[Saprospirales]; f__Chitinophagaceae; g__; s__	0.9
a3c4627ed9bc5789c9886ed3f71c49ea	k__Bacteria; p__Proteobacteria; c__Gammaproteobacteria; o__Legionellales; f__Legionellaceae	1.0
7a6213e9e9fdcd8bc6b7e1dc5cc689e0	k__Bacteria; p__Proteobacteria; c__Gammaproteobacteria; o__Legionellales; f__Coxiellaceae; g__; s__	1.0
d52a75351de811379f16dfa3cf2db8fb	k__Bacteria; p__Chlamydiae; c__Chlamydiia; o__Chlamydiales; f__Parachlamydiaceae	0.9
381703dc1924e16677256349e5f53b44	Unassigned	0.0
0ee4961a831193f88df31d91d6250dc6	k__Bacteria; p__Firmicutes; c__Clostridia; o__Clostridiales; f__[Acidaminobacteraceae]; g__Fusibacter; s__	0.6
d5f3e0acddf91d22e809d45f88da4c70	k__Bacteria; p__Proteobacteria; c__Alphaproteobacteria; o__Rickettsiales; f__; g__; s__	0.8
207d253a2271dc7a7e6168ad4fc90f76	k__Bacteria; p__Bacteroidetes; c__Flavobacteriia; o__Flavobacteriales; f__Flavobacteriaceae; g__Flavobacterium; s__	1.0
1202194754bdb5e8f9c313c043b15b4d	k__Bacteria; p__Proteobacteria; c__Gammaproteobacteria; o__Xanthomonadales; f__Xanthomonadaceae; g__; s__	0.6
68e89b9a15049a1e95e1e50500eb6bba	k__Bacteria; p__Proteobacteria; c__Gammaproteobacteria; o__Xanthomonadales; f__Xanthomonadaceae	1.0
d7a93d756016a7efdc2f2e1e3cebf615	k__Archaea; p__[Parvarchaeota]; c__[Parvarchaea]; o__WCHD3-30; f__; g__; s__	1.0
45c0ab367f759f034d43248703c64450	k__Bacteria; p__Proteobacteria; c__Betaproteobacteria; o__Burkholderiales; f__Comamonadaceae; g__Limnobacter; s__	0.9
1f14bb52dedb87d9db4cb8ee53d37188	k__Bacteria; p__Proteobacteria; c__Alphaproteobacteria	1.0
4ff858fd36802270f1ffa7c1560c9ea1	k__Bacteria; p__Cyanobacteria; c__Chloroplast; o__Chlorophyta; f__; g__; s__	1.0
6e97dca14049945589e788da15d6ae6a	k__Bacteria; p__Proteobacteria; c__Betaproteobacteria; o__Burkholderiales; f__; g__; s__	0.8
1a6ca9ae124f7c1664ac876723c3e00c	k__Bacteria; p__Proteobacteria; c__Gammaproteobacteria; o__Pseudomonadales; f__Pseudomonadaceae; g__Pseudomonas; s__	0.6
c188c043d2e50e6ba6be8ee71aba5dd0	k__Bacteria; p__Actinobacteria; c__Thermoleophilia; o__Gaiellales; f__; g__; s__	1.0
39d2d56c719004a1beff403ba54f74ae	k__Bacteria; p__Planctomycetes; c__vadinHA49; o__DH61; f__; g__; s__	1.0
57a558d0be3e1a04b01a2aeb045607f1	k__Bacteria; p__Planctomycetes; c__Planctomycetia; o__Pirellulales; f__Pirellulaceae; g__; s__	1.0
de12768e3845f760f026df4c9bfcf844	k__Bacteria; p__Firmicutes; c__Bacilli; o__Bacillales; f__Bacillaceae; g__Bacillus	0.8
507a18c0895e6415ce9bcb2368ae9f1a	k__Bacteria; p__Bacteroidetes; c__Bacteroidia; o__Bacteroidales; f__; g__; s__	1.0
2f8722291309fb073ee28135f874834e	k__Bacteria; p__Bacteroidetes; c__Flavobacteriia; o__Flavobacteriales; f__[Weeksellaceae]; g__; s__	0.8
bdccfdf20df811c8c04a9920fdc1ab04	k__Bacteria; p__Cyanobacteria; c__Chloroplast; o__Stramenopiles; f__; g__; s__	1.0
d5960209cdc7187f2984ad2c3b9313fa	k__Bacteria; p__Proteobacteria; c__Alphaproteobacteria; o__Rhodobacterales; f__Rhodobacteraceae; g__Rhodobacter; s__	1.0
59a82941d1357282ef49ca3b7f423035	k__Bacteria; p__Bacteroidetes; c__Bacteroidia; o__Bacteroidales; f__; g__; s__	0.9
683b3c18c4e34b0704b8e4d7738cfcdd	k__Bacteria; p__Proteobacteria; c__Betaproteobacteria; o__; f__; g__; s__	0.7
6afff90a31e0a154acd2be8055ef1c52	k__Bacteria; p__Firmicutes; c__Clostridia; o__Clostridiales; f__Veillonellaceae	1.0
06c6e86432174474004d85cfd318e78b	k__Bacteria; p__Bacteroidetes; c__Cytophagia; o__Cytophagales; f__Cytophagaceae; g__Pontibacter; s__	0.8
c62d0fe3b16a32eab5417076f7066372	k__Bacteria; p__Planctomycetes; c__Planctomycetia; o__Pirellulales; f__Pirellulaceae; g__; s__	1.0
8755f845319ea136a931188275d0ff20	k__Bacteria; p__Proteobacteria; c__Alphaproteobacteria; o__Rickettsiales; f__Rickettsiaceae; g__; s__	1.0
0b2b09ff42a7c66fc566e3de3257f716	k__Bacteria; p__Proteobacteria; c__Deltaproteobacteria; o__; f__; g__; s__	1.0
945d1c913860e2e465079f58d7f7b77e	k__Bacteria; p__Proteobacteria; c__Alphaproteobacteria; o__Rhizobiales; f__Rhizobiaceae; g__Agrobacterium; s__	1.0
461562b8dba82d57c7ede8f560ca9cd4	k__Bacteria; p__Bacteroidetes; c__Sphingobacteriia; o__Sphingobacteriales; f__; g__; s__	0.8
3b66cd76920fad9443ac1c66af91545c	k__Archaea; p__Crenarchaeota	1.0
eb48332b55b30576d98a6174a238a1ed	k__Bacteria; p__Proteobacteria	0.7
815c996a4e5007af5281811dda3e742e	k__Bacteria; p__Proteobacteria; c__Alphaproteobacteria; o__Sphingomonadales; f__Sphingomonadaceae; g__Kaistobacter; s__	0.7
d584b0b3601f235ef138da3c330a036b	k__Bacteria; p__Proteobacteria; c__Deltaproteobacteria; o__Desulfuromonadales; f__Geobacteraceae; g__Geobacter; s__	0.9
d78a8dcc8824205c0f704e41fa2cdbf6	k__Bacteria; p__Proteobacteria; c__Betaproteobacteria; o__; f__; g__; s__	1.0
634852fc4f1ef97c1320dad265c4b5d6	k__Bacteria; p__Acidobacteria; c__[Chloracidobacteria]; o__RB41; f__Ellin6075; g__; s__	0.9
c1e837604ab62119ca5720d39ccad07d	k__Bacteria; p__Bacteroidetes; c__Bacteroidia; o__Bacteroidales	0.9
47113470cdd3215efd7bcc72336780f2	k__Bacteria; p__Bacteroidetes; c__Cytophagia; o__Cytophagales; f__Cytophagaceae; g__; s__	1.0
ee46c0bbcacd119400ff5fba452f0428	k__Bacteria; p__Actinobacteria; c__Actinobacteria; o__Actinomycetales; f__Mycobacteriaceae; g__Mycobacterium; s__	1.0
22cf3ed4bd6ee1d6e69c0e4a354ce8db	k__Bacteria; p__Proteobacteria	0.6
861ea7d9299a03a419ad9ee7600adb4c	k__Bacteria; p__Bacteroidetes; c__Sphingobacteriia; o__Sphingobacteriales; f__Sphingobacteriaceae; g__; s__	0.9
d5564b0f6a4037e78a449111a0af8cf4	k__Bacteria; p__Proteobacteria; c__Deltaproteobacteria; o__Myxococcales; f__Haliangiaceae; g__; s__	0.8
e1c2df7bdd2cf7551e35380f302c7457	k__Bacteria; p__Proteobacteria; c__Alphaproteobacteria; o__; f__; g__; s__	1.0
e60d7becffed6d4db816a60866b6ad04	k__Bacteria; p__Cyanobacteria; c__Nostocophycideae; o__Nostocales; f__Nostocaceae	1.0
6f00ef871b4b371c1cec2823f639e96d	k__Bacteria; p__Proteobacteria; c__Alphaproteobacteria; o__Rickettsiales; f__; g__; s__	0.7
785664e74f1f1554eb5f3e78b51c1f99	k__Bacteria; p__Spirochaetes; c__MVP-15; o__PL-11B10; f__; g__; s__	1.0
81691a401efc2a03d34079aaa35e9a1d	Unassigned	0.0
181272ba8a4f948c76ff75642386b9b6	k__Bacteria; p__Proteobacteria; c__Alphaproteobacteria; o__Rickettsiales; f__mitochondria; g__Reclinomonas; s__americana	1.0
67b46bcd6982626c9dea667d8a613b8e	k__Bacteria; p__OD1; c__ABY1; o__; f__; g__; s__	1.0
ee4b50fc1fe59d3d150bf298af32d03e	k__Bacteria; p__Actinobacteria; c__Acidimicrobiia; o__Acidimicrobiales; f__C111; g__; s__	1.0
8e43f095a86bf4979d9188d7299796f2	k__Bacteria; p__Bacteroidetes; c__Flavobacteriia; o__Flavobacteriales; f__Cryomorphaceae; g__; s__	1.0
809f2a14ce6f7278fe12eb07eab76c1d	k__Bacteria; p__Proteobacteria; c__Alphaproteobacteria; o__; f__; g__; s__	1.0
3f5f9056b4f0a864efa2850ebcd32f8b	k__Bacteria; p__Proteobacteria; c__Betaproteobacteria; o__Methylophilales; f__Methylophilaceae; g__; s__	0.9
4c1628da11f7f2fe31eeea82e16b4aeb	k__Bacteria; p__TM7; c__TM7-1; o__; f__; g__; s__	1.0
a87fff6c811a0b6733b7cf1e2ea7b643	k__Bacteria; p__Fusobacteria; c__Fusobacteriia; o__Fusobacteriales; f__Fusobacteriaceae	0.8
078b11e281a037e27e4a43496fa60037	k__Bacteria; p__Proteobacteria; c__Betaproteobacteria; o__Burkholderiales	1.0
dabae20093eac2e87ea2c33d6af5bc0f	k__Bacteria; p__Firmicutes	0.9
c58afb1e46a348105af7beebc1d1f582	k__Bacteria; p__Cyanobacteria; c__Oscillatoriophycideae; o__Chroococcales; f__Xenococcaceae; g__; s__	1.0
781a1d02de2fc4d8b482f70869a7fd98	k__Bacteria; p__Bacteroidetes	1.0
99b44765a087a1094e26830ea365d782	k__Bacteria; p__Proteobacteria; c__Deltaproteobacteria; o__Myxococcales; f__OM27; g__; s__	1.0
42844ebc2d9f7ac7d616bb803d9bdac8	k__Bacteria; p__Proteobacteria; c__Alphaproteobacteria; o__Rhizobiales; f__Bradyrhizobiaceae; g__Bosea; s__genosp.	1.0
85ad000d799a9609c7f01e41ea14407c	k__Bacteria; p__Proteobacteria; c__Betaproteobacteria; o__Rhodocyclales; f__Rhodocyclaceae	1.0
8b098ed2567fcad632e234a031eab79a	k__Bacteria; p__Bacteroidetes; c__Flavobacteriia; o__Flavobacteriales; f__Cryomorphaceae; g__; s__	1.0
4f625b84e8a8f3818f9fc1d4a1e16f5c	k__Bacteria; p__Proteobacteria; c__Alphaproteobacteria; o__Rickettsiales; f__; g__; s__	1.0
30543251192e0f143975ff9833aeb84d	k__Bacteria; p__Bacteroidetes; c__[Saprospirae]; o__[Saprospirales]; f__Saprospiraceae; g__; s__	1.0
cc3abcdcd56ad7db281127076891697c	k__Bacteria; p__Proteobacteria; c__Alphaproteobacteria; o__BD7-3; f__; g__; s__	1.0
d3a252e6e2da186a62077e46df892bd9	k__Bacteria; p__Cyanobacteria; c__Nostocophycideae; o__Nostocales; f__Nostocaceae; g__; s__	0.8
df9c249039a2a92a03022b56387d12d0	k__Bacteria; p__Proteobacteria; c__Alphaproteobacteria; o__Rhizobiales; f__; g__; s__	0.7
94c017b278e7a4c04455e37393a8231c	k__Bacteria; p__Gemmatimonadetes; c__Gemmatimonadetes; o__Gemmatimonadales; f__A1-B1; g__; s__	0.8
53e11cfa63bd51c4cf5d33871cce0f10	k__Bacteria; p__Actinobacteria; c__Actinobacteria; o__Actinomycetales; f__ACK-M1; g__; s__	1.0
172d3686fb08cd51a6289290a3b4b1c1	k__Bacteria; p__Proteobacteria; c__Gammaproteobacteria; o__Methylococcales; f__Crenotrichaceae; g__Crenothrix; s__	1.0
95c97a92bf317dcbb7cf8ba630bf87b0	k__Bacteria; p__GN02; c__BD1-5; o__; f__; g__; s__	1.0
ab9c943a1d0ca3855f278c9b117811fc	k__Bacteria; p__Bacteroidetes; c__Cytophagia; o__Cytophagales; f__Cytophagaceae; g__Rhodocytophaga; s__	0.6
5062c99936818eabb8d6365b92a857fe	k__Bacteria; p__Gemmatimonadetes; c__Gemmatimonadetes; o__Gemmatimonadales; f__Gemmatimonadaceae; g__Gemmatimonas; s__	1.0
2b8010f4f05b9f482f2786f575d86163	k__Bacteria; p__Proteobacteria; c__Betaproteobacteria; o__Burkholderiales; f__Oxalobacteraceae; g__Polynucleobacter; s__	0.7
cd3122818a2aeb7afae3e55462e4cbda	k__Bacteria; p__Proteobacteria; c__Gammaproteobacteria; o__Legionellales	0.7
d2a0c6b6f60390a776203741cb53cf9a	k__Bacteria; p__Bacteroidetes; c__Cytophagia; o__Cytophagales; f__Cyclobacteriaceae; g__; s__	0.9
b88ebaaef5fff092d001eca9b64ac7e3	k__Bacteria; p__Bacteroidetes; c__Sphingobacteriia; o__Sphingobacteriales; f__; g__; s__	0.8
be1303643e31b13661ed10aa416c5454	k__Bacteria; p__Acidobacteria; c__Solibacteres; o__Solibacterales; f__; g__; s__	1.0
76fb59aaf57ace2407216d9ad6446da6	k__Bacteria; p__Bacteroidetes; c__Cytophagia; o__Cytophagales; f__Cytophagaceae	0.7
28099520108fbdeb624226cd88ade58e	k__Bacteria; p__Proteobacteria; c__Alphaproteobacteria; o__BD7-3; f__; g__; s__	1.0
78988b5815dbbb32c013d3947cc182a5	k__Bacteria; p__Proteobacteria; c__Alphaproteobacteria; o__Rhodospirillales; f__Rhodospirillaceae; g__; s__	0.8
4ef1d4aa7a9e7e64a7049216e6c16413	k__Bacteria; p__Verrucomicrobia; c__Verrucomicrobiae; o__Verrucomicrobiales; f__Verrucomicrobiaceae	1.0
6715b2557f35112d29d82c3971db013f	k__Bacteria; p__Proteobacteria; c__Alphaproteobacteria; o__Sphingomonadales; f__Sphingomonadaceae; g__; s__	0.6
981ebe5a5c0f3bd71c857cee664244e5	k__Bacteria; p__Planctomycetes; c__Planctomycetia; o__Pirellulales; f__Pirellulaceae; g__; s__	0.9
e25026854011da4ae5305475397be57a	k__Bacteria; p__Proteobacteria	0.8
1d175eb2d0ffb783b1fc21ec490697ed	k__Bacteria; p__Actinobacteria; c__Acidimicrobiia; o__Acidimicrobiales; f__Microthrixaceae; g__; s__	1.0
d1372082d160d1bc97bbb5379b25c035	Unassigned	0.0
799b4e133f4be0b7655410b9a39bd7dc	k__Bacteria; p__Bacteroidetes; c__Bacteroidia; o__Bacteroidales; f__; g__; s__	0.8
a53a2a55cca96faeab01821df02fa879	k__Bacteria; p__Proteobacteria; c__Gammaproteobacteria; o__Methylococcales; f__Crenotrichaceae; g__Crenothrix; s__	1.0
f55d74e587fb754464e074ecdaac6225	k__Bacteria; p__Verrucomicrobia; c__Opitutae; o__[Cerasicoccales]; f__[Cerasicoccaceae]; g__; s__	1.0
164df6738e6aca25f792046e7b69aea5	k__Bacteria; p__Proteobacteria; c__Gammaproteobacteria	1.0
efdf88194ca033e4bf2b0fe39b281e6b	k__Bacteria; p__TM6; c__SJA-4; o__; f__; g__; s__	1.0
08718794913cad2d0feee8cb932ba76e	k__Bacteria; p__Actinobacteria; c__Actinobacteria; o__Actinomycetales; f__ACK-M1; g__; s__	0.9
c727cc2a694de3562440c09cfa1f09ae	k__Bacteria; p__Proteobacteria; c__Alphaproteobacteria; o__Rickettsiales; f__; g__; s__	1.0
81ebb05f5d2002cfb9f382208e58fba2	k__Bacteria; p__Verrucomicrobia; c__[Pedosphaerae]; o__[Pedosphaerales]; f__; g__; s__	0.6
58e987342fb69a272e05c3acf64a8e7e	k__Bacteria; p__Firmicutes; c__Erysipelotrichi; o__Erysipelotrichales; f__Erysipelotrichaceae	0.8
d034c278c338b9f42be545476c6702cf	k__Bacteria; p__Proteobacteria; c__Gammaproteobacteria	0.9
8ecb2d0cd4cef8fe2b562b21db0de6fd	k__Bacteria; p__Proteobacteria; c__Deltaproteobacteria	0.6666666666666666
f2144607eab5267a0996d597cfc45f7f	Unassigned	0.0
0ba0faa1c5911ee031c449a55b3e3d71	k__Bacteria; p__Firmicutes; c__Clostridia; o__Clostridiales; f__Clostridiaceae; g__Clostridium; s__	1.0
5b3a410775275267ca0ab51b2793cd3e	k__Bacteria; p__Proteobacteria; c__Alphaproteobacteria; o__Rhodobacterales; f__Rhodobacteraceae; g__; s__	0.9
3f52f66eb1f347dac069b58e53b15929	k__Bacteria; p__Bacteroidetes; c__[Saprospirae]; o__[Saprospirales]; f__Chitinophagaceae; g__; s__	1.0
fb71cd58f6920b5c36f79bd50c4fbe4e	k__Bacteria; p__Proteobacteria; c__Alphaproteobacteria; o__Rickettsiales; f__mitochondria; g__; s__	0.7
9da5d1cf5df3054c08eaadf8cf8f171f	k__Bacteria; p__Proteobacteria; c__Alphaproteobacteria; o__Sphingomonadales; f__Sphingomonadaceae; g__Sphingomonas; s__	1.0
97d1784f70e2b10f511e16a73ba86a56	k__Bacteria; p__Proteobacteria; c__Alphaproteobacteria; o__Rhizobiales; f__; g__; s__	0.6
f683a992971c5b0abe4f45a22ba2b785	k__Bacteria; p__Verrucomicrobia; c__Verrucomicrobiae; o__Verrucomicrobiales; f__Verrucomicrobiaceae; g__Rubritalea; s__	0.6
48a5998fe1d1c45cf8ac684e35711afe	k__Bacteria; p__Planctomycetes; c__Planctomycetia; o__Planctomycetales; f__Planctomycetaceae; g__Planctomyces; s__	1.0
a949ec7ceb25fdabd03e943a65c67f98	k__Bacteria; p__Proteobacteria; c__TA18; o__CV90; f__; g__; s__	1.0
5409e57c186ca57383d2ed0272a7eb75	k__Bacteria; p__Verrucomicrobia; c__[Spartobacteria]; o__[Chthoniobacterales]; f__[Chthoniobacteraceae]; g__DA101; s__	1.0
d56a5ad33b1786b2ea8424007d4ee194	k__Bacteria; p__Proteobacteria; c__Deltaproteobacteria; o__Bdellovibrionales; f__Bdellovibrionaceae; g__Bdellovibrio; s__	0.7
cbee26575af41c5ee206aeff9e908d8c	k__Bacteria; p__Cyanobacteria; c__Chloroplast; o__Streptophyta; f__; g__; s__	1.0
4c370becd8160132633ee65dab1d0c91	k__Bacteria; p__Proteobacteria; c__Gammaproteobacteria; o__Methylococcales; f__Methylococcaceae; g__Methylocaldum; s__	0.8
bde244a74411509bd3f97382e1a1c53a	k__Bacteria; p__Bacteroidetes; c__Bacteroidia; o__Bacteroidales; f__Bacteroidaceae; g__; s__	0.8
398e57cdf671a76b1a86a21ae9cb6375	k__Bacteria; p__Proteobacteria; c__Betaproteobacteria; o__Rhodocyclales; f__Rhodocyclaceae; g__Dechloromonas; s__	0.9
2dd88209e3cb2084025f1904699f5657	k__Bacteria; p__Proteobacteria; c__Gammaproteobacteria; o__Pseudomonadales; f__Moraxellaceae; g__Acinetobacter; s__rhizosphaerae	1.0
9e6c79cfc293076fd04f330a5d53ad72	k__Bacteria; p__Proteobacteria; c__Gammaproteobacteria; o__Pseudomonadales; f__Moraxellaceae; g__Acinetobacter; s__	0.6666666666666666
f8c145f3319314ec59f53cba1fc58e56	k__Bacteria; p__Proteobacteria; c__Deltaproteobacteria; o__Spirobacillales; f__; g__; s__	0.7
054b77d77cd96272c674ca5b97b603a7	k__Bacteria; p__Proteobacteria; c__Deltaproteobacteria; o__Myxococcales; f__OM27; g__; s__	1.0
ebd90b01d58ef9842d25193fbee15770	k__Bacteria; p__Verrucomicrobia; c__Verruco-5; o__LD1-PB3; f__; g__; s__	0.6
b6d729238ecfe546c344c4ae57e4544b	k__Bacteria; p__Proteobacteria; c__Alphaproteobacteria; o__Sphingomonadales; f__Sphingomonadaceae	0.8
60c18aaa84c33c758aac18fa36805a1e	k__Bacteria; p__Proteobacteria; c__Deltaproteobacteria; o__Syntrophobacterales; f__Syntrophobacteraceae; g__; s__	1.0
9616008d2d09f830f00adb741b3fd3ab	k__Bacteria; p__Proteobacteria; c__Alphaproteobacteria; o__Rhodospirillales; f__Acetobacteraceae; g__; s__	0.8
a8bc86191514b51c637a861c8608b760	k__Bacteria; p__Proteobacteria; c__Epsilonproteobacteria; o__Campylobacterales; f__Helicobacteraceae; g__; s__	0.7
980f186f8cb94a6555a78bb46d599fff	k__Bacteria; p__Bacteroidetes; c__Sphingobacteriia; o__Sphingobacteriales; f__; g__; s__	0.8
2470b027ee1e0216e18042055a8de25b	k__Bacteria; p__Proteobacteria; c__Deltaproteobacteria; o__Myxococcales; f__OM27; g__; s__	1.0
7afa3e3b09cdb1c651c4ad9cf00d0207	k__Bacteria; p__Proteobacteria; c__Deltaproteobacteria; o__Bdellovibrionales; f__Bacteriovoracaceae; g__; s__	1.0
1d1844b354869d303bf3f0f306689621	k__Bacteria; p__Acidobacteria; c__Acidobacteriia; o__Acidobacteriales; f__Koribacteraceae; g__Candidatus Koribacter; s__	0.6666666666666666
cfe9645c572403ca776d9058f055f74b	k__Bacteria; p__Verrucomicrobia; c__Verrucomicrobiae; o__Verrucomicrobiales; f__Verrucomicrobiaceae; g__Prosthecobacter; s__	0.8
31bd071c29dd30df8ff385979db7f9b5	k__Bacteria; p__Proteobacteria; c__Gammaproteobacteria; o__Xanthomonadales; f__Sinobacteraceae; g__Steroidobacter; s__	0.6
148fbfddc01c8962b26ff3c8dc373561	k__Bacteria; p__Verrucomicrobia; c__[Spartobacteria]; o__[Chthoniobacterales]; f__[Chthoniobacteraceae]; g__; s__	1.0
13f512050275a717c8fc5f78335a6233	k__Bacteria; p__Proteobacteria; c__Betaproteobacteria; o__Burkholderiales; f__Comamonadaceae; g__; s__	0.9
5e8d88d1a70ad6cf510670edcd1b687b	k__Bacteria; p__Cyanobacteria; c__Chloroplast; o__Stramenopiles; f__; g__; s__	1.0
ec68b21c0bb8ee4c80ca769323bd73e4	k__Bacteria; p__Planctomycetes; c__Phycisphaerae; o__Phycisphaerales; f__; g__; s__	1.0
fbbd7c3f6ea5ba402e40b0b6a0cd9557	k__Bacteria; p__Proteobacteria; c__Deltaproteobacteria; o__MIZ46; f__; g__; s__	1.0
47e37e43b105ef17ca7328764584bcb4	k__Bacteria; p__Bacteroidetes; c__Flavobacteriia; o__Flavobacteriales; f__Cryomorphaceae; g__; s__	1.0
f6db2e662042cd58076bf0b9d8cfea67	k__Bacteria; p__Firmicutes; c__Clostridia; o__Clostridiales; f__[Acidaminobacteraceae]; g__Fusibacter; s__	0.6
4bb62eccad4fa9dda5cd428c7c92e306	k__Bacteria; p__Planctomycetes; c__Planctomycetia; o__Pirellulales; f__Pirellulaceae	1.0
14fbc486538931cb95a72c6912670956	k__Bacteria; p__Bacteroidetes; c__Bacteroidia; o__Bacteroidales; f__; g__; s__	1.0
f2f2761f60f21ea9d0a4ee65ffcc839a	k__Bacteria; p__Proteobacteria; c__Betaproteobacteria; o__Burkholderiales; f__Comamonadaceae	1.0
36f2508f156d8a3d479493cf351ad0fa	k__Bacteria; p__Proteobacteria; c__TA18; o__CV90; f__; g__; s__	0.9
87c02808797d84c3a9d5ceaa787d6fde	k__Bacteria; p__Proteobacteria; c__Alphaproteobacteria; o__Rhizobiales; f__Methylocystaceae; g__Methylosinus; s__	1.0
2acf291bf58f2584a9e71023d50dee7c	k__Bacteria; p__Actinobacteria; c__Acidimicrobiia; o__Acidimicrobiales; f__C111; g__; s__	1.0
480ab25fdbed9b10147ce687fb632180	k__Bacteria; p__Verrucomicrobia; c__Verrucomicrobiae; o__Verrucomicrobiales; f__Verrucomicrobiaceae	1.0
d942af913fc844ad931ad2d7da18e300	k__Bacteria; p__Cyanobacteria; c__Chloroplast; o__Cryptophyta; f__; g__; s__	1.0
6621643ba6c1723724d3fcace6f22fe6	k__Bacteria; p__Proteobacteria; c__Gammaproteobacteria; o__Methylococcales; f__Crenotrichaceae; g__Crenothrix; s__	0.7
a1973fa33774bef365b2690522a2c44c	k__Bacteria; p__Cyanobacteria; c__Synechococcophycideae; o__Synechococcales; f__Synechococcaceae; g__Synechococcus; s__	1.0
785bbd05b8b7cfab4029901817bb8374	k__Bacteria	1.0
2eafeea5747dd661b72e3bb33bdc642c	k__Bacteria; p__OD1; c__ZB2; o__; f__; g__; s__	1.0
80084b9026a3658b214a336d4bdf9f2d	k__Bacteria; p__Proteobacteria; c__Deltaproteobacteria; o__Myxococcales; f__Myxococcaceae	0.8
da2b86edbc357f11cc30f6b5507a6c02	k__Bacteria; p__Planctomycetes; c__Planctomycetia; o__Pirellulales; f__Pirellulaceae; g__; s__	0.6
9bd4e5151ae6abe16c5bb0708e768ca9	k__Bacteria; p__Cyanobacteria; c__Oscillatoriophycideae; o__Chroococcales; f__Cyanobacteriaceae; g__; s__	0.6
a37c337dca524ac13b821990686bad55	k__Bacteria; p__Bacteroidetes; c__Cytophagia; o__Cytophagales; f__[Amoebophilaceae]; g__SC3-56; s__	0.6
19544e425e7313323d4c39159410937e	k__Bacteria; p__Actinobacteria; c__Actinobacteria; o__Actinomycetales; f__Microbacteriaceae	0.6
59eedbf4c6b14d57fb968df29b6b0e86	k__Bacteria; p__Chloroflexi; c__Chloroflexi; o__[Roseiflexales]; f__; g__; s__	0.8
1e1d3d202b148b35a2055694b4c6a914	k__Bacteria; p__Proteobacteria; c__Alphaproteobacteria; o__Sphingomonadales; f__; g__; s__	1.0
28eb0404830421d00b7da862d37439e3	k__Bacteria; p__Proteobacteria; c__TA18; o__PHOS-HD29; f__; g__; s__	0.7
3e40e20f15519e6c3b5c8bdec2a52396	k__Bacteria; p__Proteobacteria; c__Epsilonproteobacteria; o__Campylobacterales; f__Helicobacteraceae; g__; s__	1.0
7a419a0ad9c546f13e7baf1184815b38	k__Bacteria; p__Cyanobacteria; c__Chloroplast; o__Chlorophyta; f__Chlamydomonadaceae	0.6
93e1c896e95b8fd95cdc1e504e6d1320	k__Bacteria; p__Proteobacteria; c__Betaproteobacteria; o__Burkholderiales; f__Comamonadaceae; g__; s__	0.6
8ad73ffd226d4c28f1da1d2a85c8b434	k__Bacteria; p__Firmicutes; c__Clostridia; o__Clostridiales; f__Lachnospiraceae; g__Blautia; s__	0.8
ddc8b9a357b05d81f4b678c9ccf89d30	k__Bacteria; p__OP3; c__BD4-9; o__; f__; g__; s__	1.0
acebe2d5fcf130ead054c462c36f5c82	k__Bacteria; p__Bacteroidetes; c__Sphingobacteriia; o__Sphingobacteriales; f__Sphingobacteriaceae; g__Sphingobacterium; s__	0.6
46825d12c1099f13c11be2fe26aeb8db	k__Bacteria; p__OD1; c__ABY1; o__; f__; g__; s__	1.0
ca7f349be3027f99c0695dfc5f089dd1	k__Bacteria; p__Proteobacteria; c__Alphaproteobacteria; o__Rhizobiales; f__Beijerinckiaceae; g__; s__	0.6
e71b675431a6f949c925642d4e2d0fdd	k__Bacteria; p__Proteobacteria; c__Alphaproteobacteria	1.0
7fa23e081d97ea149a3b911d7c5eddf3	k__Bacteria; p__Proteobacteria; c__Deltaproteobacteria; o__Myxococcales; f__; g__; s__	1.0
937257c8e5b752de6656c51faf2deef6	k__Bacteria; p__Firmicutes; c__Clostridia; o__Clostridiales; f__Clostridiaceae; g__Clostridium; s__	1.0
3a60b884f04582abd26464ec8ab97392	k__Bacteria; p__OP3	0.9
33562ebc499a43346431a40e1ef603ab	k__Bacteria; p__Proteobacteria; c__Betaproteobacteria; o__Burkholderiales; f__Oxalobacteraceae; g__; s__	0.7
83368b25d0db2a6f6334931e4f7d3c81	k__Bacteria; p__OD1; c__ZB2; o__; f__; g__; s__	0.7
cfc3351cde0def3d05876919d792feec	k__Bacteria; p__Bacteroidetes; c__[Saprospirae]; o__[Saprospirales]; f__Chitinophagaceae; g__; s__	0.8
ba1296d610bc8b3a269b6f51286fa48b	k__Bacteria; p__Proteobacteria; c__Deltaproteobacteria; o__Desulfobacterales; f__Desulfobulbaceae; g__; s__	0.8
b072ec6e0ff1673a80235530fa3c85e6	k__Bacteria; p__Proteobacteria; c__Alphaproteobacteria; o__Rickettsiales; f__Rickettsiaceae; g__; s__	1.0
718859cea9ce126bd9454408336a22e4	k__Bacteria; p__Proteobacteria; c__Alphaproteobacteria; o__Rhodospirillales; f__Acetobacteraceae; g__; s__	0.6
d763d2060f49c20b4675650f1573ce63	k__Bacteria; p__Planctomycetes; c__Planctomycetia; o__Gemmatales; f__Isosphaeraceae; g__; s__	0.9
042ca06b8c8b9e3701bbdd71ea182350	k__Bacteria; p__Firmicutes; c__Clostridia; o__Clostridiales	0.8
db330c1647d822cd13e66ea2fada44dd	k__Bacteria; p__Proteobacteria; c__TA18; o__CV90; f__; g__; s__	1.0
0701b32415a7447293dd2613a60f72ff	k__Bacteria; p__Proteobacteria; c__Deltaproteobacteria; o__Desulfobacterales; f__Desulfobacteraceae; g__; s__	0.6
2da935c740edea087f5c336bfd21bbd6	k__Bacteria; p__Bacteroidetes; c__[Saprospirae]; o__[Saprospirales]; f__Saprospiraceae; g__; s__	0.6
abb49b7033bad78bc4b919c95de2a529	k__Bacteria; p__Proteobacteria; c__Deltaproteobacteria; o__Myxococcales; f__; g__; s__	1.0
d655179f90b6c17bf626167e018db04b	k__Bacteria; p__Firmicutes; c__Clostridia; o__Clostridiales; f__Lachnospiraceae; g__; s__	0.7
9063848fa709e1284250bb477dc07b80	k__Bacteria; p__OD1; c__; o__; f__; g__; s__	0.8
4ed0d632840178046f085fbf0d487bcc	k__Bacteria; p__Proteobacteria; c__Alphaproteobacteria; o__Rhodospirillales; f__Rhodospirillaceae; g__; s__	1.0
0594ff7c894769d4ff9f30c9718b0e16	Unassigned	0.0
2b72ec7136b5a285163003280d3fd186	k__Bacteria; p__Bacteroidetes; c__[Saprospirae]; o__[Saprospirales]; f__Saprospiraceae; g__; s__	1.0
805c8457e89cc8f8ba8b4a3ceeedf816	k__Bacteria; p__OD1; c__ABY1; o__; f__; g__; s__	0.8888888888888888
62e116937f396fc9d09c41c583051e92	k__Bacteria; p__Chloroflexi; c__Anaerolineae; o__Anaerolineales; f__Anaerolinaceae; g__; s__	0.9
3cbf0f2660072b35b8ed69b03497d9f6	k__Bacteria; p__Proteobacteria; c__Alphaproteobacteria; o__Rhodobacterales; f__Hyphomonadaceae; g__; s__	0.9
1ee852bab4eb55333c44c649183a4054	k__Bacteria; p__Cyanobacteria; c__Chloroplast; o__Stramenopiles; f__; g__; s__	1.0
4ec3319656acdea26d0d1eff459fc5ac	k__Bacteria; p__Proteobacteria; c__Betaproteobacteria; o__Burkholderiales; f__Comamonadaceae	1.0
ddf63259af39ef86f4603b8a03180bfe	k__Bacteria; p__Proteobacteria; c__Gammaproteobacteria; o__Oceanospirillales; f__Halomonadaceae; g__Halomonas; s__	1.0
5f088ad05a6458c4b71472d742c33258	k__Bacteria; p__Actinobacteria; c__Acidimicrobiia; o__Acidimicrobiales; f__C111; g__; s__	1.0
dba49ae58555e6477e7a070f0cbdf8b3	k__Bacteria; p__Proteobacteria; c__Betaproteobacteria; o__; f__; g__; s__	1.0
bbc9d4ce9f48369e6b2c3d3ce957ec70	k__Bacteria; p__Bacteroidetes	1.0
029a41cceb35b3f77cc813ae8d40b2c0	k__Bacteria; p__Proteobacteria; c__Deltaproteobacteria; o__Myxococcales; f__; g__; s__	0.8
7649f2e6e88fb03f04b41208be853cd9	k__Bacteria; p__Chloroflexi; c__Anaerolineae; o__SBR1031; f__A4b; g__; s__	1.0
1cff34ecdcf66a0b650bb44a142fa7e0	k__Bacteria; p__Proteobacteria; c__Alphaproteobacteria; o__Rhodobacterales; f__Rhodobacteraceae	0.9
b49627e6c5abebcb913f828237f48b15	k__Bacteria; p__Cyanobacteria; c__Chloroplast; o__Chlorophyta; f__; g__; s__	0.8
609e92ea6e08ac39a02ae7c80adfd66c	k__Bacteria; p__Verrucomicrobia; c__Opitutae; o__Opitutales; f__Opitutaceae; g__; s__	1.0
35a3117d3f5542cca45462c381adb7e5	k__Bacteria; p__Proteobacteria; c__Deltaproteobacteria; o__Desulfobacterales; f__Desulfobulbaceae; g__; s__	0.8
4a61cd0c68515f523c7336c630d72730	k__Bacteria; p__Spirochaetes; c__Spirochaetes; o__Spirochaetales; f__Spirochaetaceae; g__Spirochaeta; s__aurantia	1.0
f5024de2411a2eddd0d6e2c955d4a4ca	k__Bacteria; p__Proteobacteria	0.8
375cb1a68869a209bcaae958c50c9211	k__Bacteria; p__Proteobacteria; c__Betaproteobacteria; o__Methylophilales; f__Methylophilaceae; g__; s__	0.8
3953d7996d712a478a5dcd5446326975	k__Bacteria; p__Bacteroidetes; c__Flavobacteriia; o__Flavobacteriales; f__Flavobacteriaceae; g__Flavobacterium; s__	1.0
90ad5d07333551ae9d690902bb1c1ab2	k__Bacteria; p__Proteobacteria; c__Alphaproteobacteria; o__Rhizobiales; f__; g__; s__	0.6
a9822dd4ffa729b850cc022c6dd419d6	k__Bacteria; p__Proteobacteria; c__Deltaproteobacteria; o__; f__; g__; s__	0.7
988432ac3317ed533d707e407550f725	k__Bacteria; p__OD1; c__; o__; f__; g__; s__	0.8
76f8939dceb11707dac8b22204abc615	k__Bacteria; p__Cyanobacteria; c__Oscillatoriophycideae	0.6
7fad7cbd9bc76fd507dcdf0ae218936e	k__Bacteria; p__Proteobacteria; c__Gammaproteobacteria; o__Pseudomonadales; f__Pseudomonadaceae; g__Pseudomonas; s__	0.8
dc6bc469afc309429b912dfd56be3df6	k__Bacteria; p__Proteobacteria	1.0
5a62cdbd3f98b952d1594eb91592fe2d	k__Bacteria; p__Proteobacteria; c__Alphaproteobacteria; o__Rhizobiales; f__Hyphomicrobiaceae; g__Hyphomicrobium; s__	0.9
e10a10d6c9ec100bf4d18104232ec585	k__Bacteria; p__Proteobacteria; c__Alphaproteobacteria; o__Rhizobiales	1.0
73ed209a98b6c7fbedd362179025dcd0	k__Bacteria; p__Proteobacteria; c__Alphaproteobacteria; o__Rickettsiales; f__; g__; s__	0.6
821428b73ac745ae04e116c760566b7d	k__Bacteria; p__Actinobacteria; c__Actinobacteria; o__Actinomycetales; f__; g__; s__	1.0
e9455334ff68e90c88ddf179ec100daa	Unassigned	0.0
af048548c644e6417fba1930800f32f1	k__Bacteria; p__Proteobacteria; c__Betaproteobacteria; o__Burkholderiales; f__Comamonadaceae; g__Polaromonas; s__	0.8
eb37c1b859cce7f8aab74e3857f98453	k__Bacteria; p__Proteobacteria; c__Alphaproteobacteria; o__Rickettsiales; f__mitochondria; g__Phytophthora	0.6
8667da61871c2751e3075244731e5790	k__Bacteria; p__TM7; c__SC3; o__; f__; g__; s__	1.0
b53a3b40208fe251005d4c3c892d0845	k__Bacteria; p__Planctomycetes; c__vadinHA49; o__DH61; f__; g__; s__	1.0
1aa9d35276a0b7f47e767ac3d0111cb1	k__Bacteria; p__Spirochaetes; c__Spirochaetes; o__Spirochaetales; f__Spirochaetaceae; g__; s__	1.0
0e49155969b6760c753fdfc0d386417f	k__Bacteria; p__Proteobacteria; c__Alphaproteobacteria; o__Rhodospirillales; f__Acetobacteraceae; g__; s__	0.8
9d3ed6bb0e27530b12b1ac776474a08f	k__Bacteria; p__Proteobacteria; c__Alphaproteobacteria; o__BD7-3; f__; g__; s__	1.0
97b3c7a6d11be3acba92770fc2bf21cd	k__Bacteria; p__Firmicutes; c__Clostridia; o__Clostridiales; f__Clostridiaceae; g__Clostridium	0.7
a8b6ec4ba40064aad32392f2a12af954	k__Bacteria; p__Proteobacteria; c__Alphaproteobacteria; o__Rickettsiales; f__; g__; s__	1.0
6882cba5ef4802a3e4355265fa56e494	k__Bacteria; p__Proteobacteria; c__Alphaproteobacteria	0.9
7be81df611b3d670c014f9aaf1ea8f35	k__Bacteria; p__Proteobacteria; c__Deltaproteobacteria; o__Spirobacillales; f__; g__; s__	0.8
eb091d4adc9fb52cb08898437642ee82	k__Bacteria; p__Proteobacteria; c__Gammaproteobacteria	0.9
27b94f752f8bca964ed997133717cbbd	k__Bacteria; p__Actinobacteria; c__Acidimicrobiia; o__Acidimicrobiales; f__C111; g__; s__	1.0
5cfa358d86a5d968fff51a83481362f1	k__Bacteria; p__Proteobacteria; c__Alphaproteobacteria	0.7
b56e0e4c294d78a3e5d1e00bee3ec162	k__Bacteria; p__Verrucomicrobia; c__[Spartobacteria]; o__[Chthoniobacterales]; f__[Chthoniobacteraceae]	1.0
8d3fe5a1b4672bed01ce25e2b51ff279	k__Bacteria; p__Cyanobacteria; c__Chloroplast; o__Stramenopiles; f__; g__; s__	1.0
6a2d003d891323fd4d8a832fb0b85580	k__Bacteria; p__Cyanobacteria; c__Synechococcophycideae; o__Synechococcales; f__Synechococcaceae; g__Synechococcus; s__	1.0
faedc2d4cdefb1eba930ca605b553939	k__Bacteria; p__Proteobacteria; c__Gammaproteobacteria; o__Legionellales; f__Coxiellaceae	0.6
740c2e2c137e9a02f82ef95a2c57236f	k__Bacteria; p__Cyanobacteria; c__Chloroplast; o__Stramenopiles; f__; g__; s__	1.0
1eaceb35adf14b905a5f8eaddd58d771	k__Bacteria; p__Actinobacteria; c__Thermoleophilia; o__Gaiellales	1.0
89611f4758ef56ae02d14a273f3930f7	k__Bacteria; p__Proteobacteria; c__Alphaproteobacteria; o__Sphingomonadales; f__Sphingomonadaceae; g__Sphingomonas; s__wittichii	0.7
b70d4495c17daa12899f1fb33e9e0b03	k__Bacteria; p__Verrucomicrobia; c__Verrucomicrobiae; o__Verrucomicrobiales; f__Verrucomicrobiaceae; g__; s__	1.0
1a42497ae9d2bee8862b14c83d6e01f6	k__Bacteria; p__Verrucomicrobia; c__Verrucomicrobiae; o__Verrucomicrobiales; f__Verrucomicrobiaceae	1.0
8c77d67dedc89538d739f60323618aa6	k__Bacteria; p__Proteobacteria; c__Alphaproteobacteria; o__Rhizobiales; f__; g__; s__	0.6
ed20aa6d303ba7f7da0f8c91797ebe61	Unassigned	0.0
6dadad20789b04694547742241921aba	k__Bacteria; p__Actinobacteria; c__Actinobacteria; o__Actinomycetales; f__Pseudonocardiaceae; g__Actinomycetospora; s__	0.9
a0ad1784b943f84851bac857f473a969	k__Bacteria; p__Proteobacteria; c__Betaproteobacteria; o__Procabacteriales; f__Procabacteriaceae; g__; s__	1.0
7151027f700027f53d601ae9d54090fa	k__Bacteria; p__Firmicutes; c__Erysipelotrichi; o__Erysipelotrichales; f__Erysipelotrichaceae	0.8
d4e40b88f33078c7133c2e407ce1bb81	k__Bacteria; p__Cyanobacteria; c__Chloroplast; o__Chlorophyta; f__; g__; s__	1.0
580b61d1a0df7fa972f39d8f2f83996c	k__Bacteria; p__Actinobacteria; c__Actinobacteria; o__Actinomycetales; f__Microbacteriaceae; g__Candidatus Aquiluna; s__rubra	0.9
f4bbe7fafc241c138d2c6f21de2d79b2	k__Bacteria; p__Spirochaetes; c__[Leptospirae]; o__[Leptospirales]; f__Leptospiraceae; g__Leptospira; s__	1.0
e511c793edf2239244af7714a428b7f8	k__Bacteria; p__Proteobacteria; c__Deltaproteobacteria; o__Spirobacillales; f__; g__; s__	1.0
ff5e0f81826779f619e1d2479dba5f1f	k__Bacteria; p__Proteobacteria; c__Deltaproteobacteria; o__Syntrophobacterales; f__Syntrophorhabdaceae; g__; s__	1.0
7c47ca3bd593e75f0a378c9fbf33c881	Unassigned	0.0
9ee0d47a4a3ee4715e47718d9a0b6143	k__Bacteria; p__Bacteroidetes; c__[Saprospirae]; o__[Saprospirales]; f__Chitinophagaceae; g__; s__	1.0
ae8bff5fa7d71038bf95b78a94408c38	k__Bacteria; p__Proteobacteria; c__TA18; o__CV90; f__; g__; s__	1.0
10a3957272d1f647cdc61aa3320133f7	k__Bacteria; p__Proteobacteria; c__Alphaproteobacteria; o__Caulobacterales; f__Caulobacteraceae; g__; s__	1.0
a8182b8da134d0a53ccee48bfdf2c8e5	k__Bacteria; p__Proteobacteria; c__Alphaproteobacteria; o__Rickettsiales; f__mitochondria	1.0
7b55d0066ae78ccaf58358e8858e637d	k__Bacteria; p__Cyanobacteria; c__Nostocophycideae; o__Nostocales; f__Nostocaceae	1.0
4cb0dd316d4fb26fd613f57f82d6ba2d	k__Bacteria; p__Proteobacteria; c__Gammaproteobacteria	1.0
4e4c12c0265b59ce8c8617c9f6e83a2d	k__Bacteria; p__Planctomycetes; c__Planctomycetia; o__Pirellulales; f__Pirellulaceae; g__; s__	1.0
8cedfe7e54341df041818dcea0385cd9	k__Bacteria; p__Firmicutes; c__Clostridia; o__Clostridiales; f__Ruminococcaceae; g__; s__	1.0
e100223ed45fcddcfde992c87676542c	k__Bacteria; p__Planctomycetes; c__Planctomycetia; o__Pirellulales; f__Pirellulaceae; g__; s__	1.0
99adce70c37b597867a45ffac0dc75e3	k__Bacteria; p__Proteobacteria; c__Betaproteobacteria; o__Burkholderiales; f__Comamonadaceae; g__; s__	0.7
1c5f31e2d7b72dbda104ff09189efa29	k__Bacteria; p__Cyanobacteria; c__Nostocophycideae; o__Nostocales; f__Nostocaceae; g__; s__	0.8
e322f9e4a96404c247633f67ff98ce1e	k__Bacteria; p__Tenericutes; c__Mollicutes; o__Entomoplasmatales; f__; g__; s__	0.7
1906649ddf58371e85717aff3edcb0f0	k__Bacteria; p__Proteobacteria; c__Alphaproteobacteria; o__Rhizobiales; f__Rhizobiaceae; g__Agrobacterium	0.6
d9399e9a71de587ac1e8662af109846f	k__Bacteria; p__[Thermi]; c__Deinococci; o__Deinococcales; f__Trueperaceae	1.0
b54da64153a84bbeabe93334cfae0dd1	k__Bacteria	1.0
7cc2b9ed65eba312e97eec70060b24de	k__Bacteria; p__Proteobacteria; c__Alphaproteobacteria; o__Rickettsiales; f__Rickettsiaceae; g__; s__	0.8
839a29b8c2ca644e121b97d72d9485b3	k__Bacteria; p__Verrucomicrobia; c__Verrucomicrobiae; o__Verrucomicrobiales; f__Verrucomicrobiaceae	1.0
1fc29b4c6548fec69d6233d0e0c6fa1f	k__Bacteria; p__Verrucomicrobia; c__[Methylacidiphilae]; o__Methylacidiphilales; f__LD19; g__; s__	1.0
56e1c78edb34efbbdea12682a0b62f7a	k__Bacteria; p__Bacteroidetes; c__BME43; o__; f__; g__; s__	0.6
2f839a640c19b6aaff7d183f0c37b8dc	k__Bacteria; p__Proteobacteria; c__Alphaproteobacteria; o__Rhodospirillales; f__Acetobacteraceae; g__; s__	0.9
ca99eef044e992529b4ecbcffa456070	k__Bacteria; p__Cyanobacteria; c__Chloroplast; o__Euglenozoa; f__; g__; s__	1.0
c0dfc4f9100f7b08d74184cf0a032fc4	k__Bacteria; p__Actinobacteria; c__Actinobacteria; o__Actinomycetales; f__Corynebacteriaceae; g__Corynebacterium; s__	1.0
ac05fb0cebd3f0833b6ed41af7c72aa3	k__Bacteria; p__Proteobacteria; c__Alphaproteobacteria; o__Rickettsiales; f__; g__; s__	1.0
e4934519aac9a5a436f92a2316345d72	k__Bacteria; p__Proteobacteria; c__Alphaproteobacteria; o__Sphingomonadales; f__Sphingomonadaceae; g__; s__	0.7
d61dbdcd08d491c74b8fb4348b60eeea	k__Bacteria; p__Spirochaetes; c__[Leptospirae]; o__[Leptospirales]; f__Leptospiraceae; g__Leptospira; s__	1.0
2ff206b125a6f1967543ff4309f9c32b	k__Bacteria; p__Cyanobacteria; c__Chloroplast; o__Streptophyta; f__; g__; s__	1.0
c39640ee6c741263fbfb032eb8d9b7fe	k__Bacteria; p__OD1	0.9
cba5aec194329310b6da4791cbedbb3c	k__Bacteria; p__Planctomycetes; c__Planctomycetia; o__Planctomycetales; f__Planctomycetaceae; g__Planctomyces; s__	1.0
2304116968bf6d8563aa50c19a92f742	k__Bacteria; p__Firmicutes; c__Clostridia; o__Clostridiales; f__; g__; s__	0.9
2deb882db2bd932a6d190a13588639ca	k__Bacteria; p__Actinobacteria; c__Acidimicrobiia; o__Acidimicrobiales; f__EB1017; g__; s__	1.0
6231cf38b5c3461c0a526145e3773fb8	k__Bacteria; p__Cyanobacteria	1.0
56e4201ea9b3924e9ac8ffec63e74400	k__Bacteria; p__Bacteroidetes; c__[Saprospirae]; o__[Saprospirales]; f__Saprospiraceae; g__; s__	0.7
6b327896d95666a818ad4f009e3f8396	k__Bacteria; p__TM6	1.0
1286adbf6d09a96a05c4dc0e63321c9f	k__Bacteria; p__Spirochaetes; c__[Leptospirae]; o__[Leptospirales]; f__Leptospiraceae; g__Leptospira; s__	1.0
e28244482dc2699a9c2870349b90fb0b	k__Bacteria; p__Proteobacteria; c__Deltaproteobacteria; o__NKB15; f__; g__; s__	0.8
c920cdb19d6670acf267b1dcf25999ec	k__Archaea; p__[Parvarchaeota]; c__[Parvarchaea]; o__WCHD3-30; f__; g__; s__	1.0
1ccaa0790f3495125cebf685e4de71e4	k__Bacteria; p__Proteobacteria; c__Gammaproteobacteria; o__Xanthomonadales; f__Xanthomonadaceae; g__Aquimonas; s__	0.6
2398712ab60901d5671ae531d30b368d	k__Bacteria; p__Proteobacteria; c__Alphaproteobacteria; o__Rhodospirillales; f__Rhodospirillaceae; g__; s__	0.8
e56dba2472e8224595032f9888a1b7b1	k__Bacteria; p__Chlamydiae; c__Chlamydiia; o__Chlamydiales; f__Chlamydiaceae	0.9
3b8500b2f323514dae02d60da0c53294	k__Bacteria; p__Proteobacteria; c__Gammaproteobacteria; o__Legionellales	0.6
671eccbf401e9866539ab393e9f8d9d4	k__Bacteria; p__Chloroflexi; c__Chloroflexi; o__[Roseiflexales]; f__; g__; s__	0.9
e6a97c67b6f59b8655b531eb46a99806	Unassigned	0.0
2f7277f00f097de06508b99ae95d3fbb	k__Bacteria; p__Proteobacteria; c__Deltaproteobacteria; o__Myxococcales; f__Nannocystaceae; g__Plesiocystis; s__	1.0
5e6405675a73b2513a57b8878aabceb3	k__Bacteria; p__Proteobacteria; c__Gammaproteobacteria; o__Chromatiales; f__Chromatiaceae	0.8
49f69f6ad45d402665a5a35c2cc2fffc	k__Bacteria; p__SR1; c__; o__; f__; g__; s__	1.0
d79bdcfe657d2790f071e8a576c90c55	k__Bacteria; p__Proteobacteria; c__Alphaproteobacteria; o__Rickettsiales	0.8
d5007da5c0989216278b56ace1e43b2b	k__Bacteria; p__Proteobacteria; c__Alphaproteobacteria; o__Sphingomonadales; f__Sphingomonadaceae	0.6
b512fa7911865e280dbf765144449a96	k__Bacteria; p__Cyanobacteria; c__Chloroplast; o__Chlorophyta; f__Chlamydomonadaceae; g__; s__	0.7142857142857143
f068561d73dba740e9f1a7a2a154ad3a	k__Bacteria; p__Bacteroidetes; c__Flavobacteriia; o__Flavobacteriales; f__Cryomorphaceae; g__; s__	1.0
1b5f3833c3ef5e96281cadd9f481d3f1	k__Bacteria; p__Proteobacteria; c__Deltaproteobacteria; o__Spirobacillales; f__; g__; s__	1.0
b426663396907426a839a0d42e067ee7	k__Bacteria; p__Cyanobacteria; c__Chloroplast; o__Stramenopiles; f__; g__; s__	1.0
7cb21e554eb717e23162c30a725f0ba6	k__Bacteria; p__Proteobacteria; c__TA18; o__PHOS-HD29; f__; g__; s__	1.0
a6bd7ca90facb53bef75075b81cc9cf6	k__Bacteria; p__Chloroflexi; c__Anaerolineae; o__GCA004; f__; g__; s__	1.0
f3e8461344e5e24edc0ee68adf7d2dae	k__Bacteria; p__Proteobacteria; c__Alphaproteobacteria; o__Rhodospirillales; f__Rhodospirillaceae; g__; s__	0.9
f2085826180dabb5cc28a9ea06808296	k__Bacteria; p__Proteobacteria; c__Deltaproteobacteria; o__Myxococcales; f__Nannocystaceae; g__Plesiocystis; s__	1.0
d155cb7628469a67896fc1ed098a51d2	k__Bacteria; p__Bacteroidetes; c__Sphingobacteriia; o__Sphingobacteriales; f__; g__; s__	1.0
0b98cc0be1cc6d93cf2fa76b276f2470	k__Bacteria; p__Cyanobacteria; c__Chloroplast	1.0
44d06187331f3ed258c182ba8d67f259	k__Bacteria; p__Proteobacteria; c__Alphaproteobacteria; o__Rickettsiales; f__Rickettsiaceae; g__Rickettsia; s__	0.9
039535232a2383c027e0522b7ace6695	k__Bacteria; p__Planctomycetes; c__Planctomycetia; o__Pirellulales; f__Pirellulaceae; g__; s__	1.0
bf4220e85215c8f6d1441784dfc6c134	Unassigned	0.0
51effa8ef40fb6c5fb94b0c861e8c430	k__Bacteria; p__Firmicutes; c__Clostridia; o__Clostridiales; f__Peptostreptococcaceae; g__; s__	0.9
d073e575449a85f8f775b4ad523067ed	k__Bacteria; p__OP3; c__BD4-9; o__; f__; g__; s__	1.0
218848e4729f4e4fd7beeec7078a89db	k__Bacteria; p__Verrucomicrobia; c__Opitutae; o__Opitutales; f__Opitutaceae; g__; s__	0.9
c9e2693b552068838733309756ad1b3c	k__Bacteria; p__Cyanobacteria; c__Chloroplast; o__Streptophyta; f__; g__; s__	1.0
857799d5ca58dba150c2e2cca15d48ea	k__Bacteria; p__Bacteroidetes; c__Cytophagia; o__Cytophagales; f__Cytophagaceae; g__; s__	1.0
562a88667b95b396871d3ccd07b3eea3	Unassigned	0.0
ab52186bdfb12a4a01c7d48b6500406c	k__Bacteria; p__Planctomycetes; c__OM190; o__agg27; f__; g__; s__	1.0
9f39fa5a9edf38da7869bf4d4667fe44	k__Bacteria; p__Acidobacteria; c__DA052; o__Ellin6513; f__; g__; s__	0.6
4206076034ebfa55e931d1a5411f3ee0	k__Bacteria; p__Proteobacteria; c__Betaproteobacteria; o__Rhodocyclales; f__Rhodocyclaceae; g__Dechloromonas; s__	0.9
952bfc25aa106c2f858072acc4346fbd	k__Bacteria; p__Bacteroidetes; c__Bacteroidia; o__Bacteroidales; f__Porphyromonadaceae; g__Paludibacter; s__	1.0
cf031568b5de8ffd811a144d52c88d26	k__Bacteria; p__Bacteroidetes; c__Flavobacteriia; o__Flavobacteriales; f__[Weeksellaceae]; g__Chryseobacterium; s__	1.0
d39cbd1604f2c7624e1690845afe8d3e	k__Bacteria; p__Proteobacteria; c__TA18; o__PHOS-HD29; f__; g__; s__	1.0
73c64a29d03d224065d675cf4731659a	k__Bacteria; p__Verrucomicrobia; c__[Spartobacteria]; o__[Chthoniobacterales]; f__[Chthoniobacteraceae]; g__Candidatus Xiphinematobacter; s__	1.0
169a7a799e9e604a218d3fe57484566d	k__Bacteria; p__Cyanobacteria; c__Chloroplast; o__Stramenopiles; f__; g__; s__	1.0
5a7d21745298eb226cd36d5d60438678	k__Bacteria; p__Firmicutes; c__Clostridia; o__Clostridiales; f__Ruminococcaceae; g__; s__	1.0
47b6c931ebe590d604a24edabb6b2624	k__Bacteria	1.0
be0d78874e66a9af4621379dd7d25c33	k__Bacteria; p__Actinobacteria; c__Actinobacteria; o__Actinomycetales; f__Microbacteriaceae; g__; s__	0.6
4dcd990f3e5fad8aed5b7e65cf597391	k__Bacteria; p__Bacteroidetes; c__[Saprospirae]; o__[Saprospirales]; f__Saprospiraceae; g__; s__	1.0
875430073a958f7acd3f1016253b6b0e	k__Bacteria; p__Proteobacteria; c__Betaproteobacteria; o__Burkholderiales; f__Alcaligenaceae; g__; s__	1.0
31eefbb3d6353516b3eef5de5b10744a	k__Bacteria; p__Cyanobacteria; c__ML635J-21; o__; f__; g__; s__	1.0
046cfbe5502c404ff39b3d70ede99324	k__Bacteria; p__Bacteroidetes; c__[Saprospirae]; o__[Saprospirales]; f__Chitinophagaceae; g__Sediminibacterium; s__	1.0
19b1104f3de13a0787c8a39123d9adcb	k__Bacteria; p__Proteobacteria; c__Alphaproteobacteria; o__Rhizobiales; f__Rhizobiaceae; g__Agrobacterium; s__	0.7
ab89ba2bd6d65d4388b4e815aed62606	k__Bacteria; p__Proteobacteria; c__Deltaproteobacteria; o__Myxococcales	1.0
138b9bac6ce8af4760b57f8900615453	k__Bacteria; p__Cyanobacteria	0.9
9d1b3a9d5663358e33feac836b4ad60b	k__Bacteria; p__Proteobacteria; c__Deltaproteobacteria; o__Spirobacillales; f__; g__; s__	0.9
ac033eb03db1133777cf58464c146ed3	k__Bacteria; p__Firmicutes; c__Clostridia; o__Clostridiales; f__Lachnospiraceae; g__; s__	0.8
37ee4eb44abdd682d974d3904f35a818	k__Bacteria; p__Proteobacteria; c__Alphaproteobacteria; o__Rhodospirillales; f__Rhodospirillaceae; g__Novispirillum; s__	1.0
721a0bc818ce90c3c0d9c486b265a23f	k__Bacteria; p__Armatimonadetes; c__[Fimbriimonadia]; o__[Fimbriimonadales]; f__[Fimbriimonadaceae]	1.0
9275919bbc7ecf47faf53d4798ad320b	Unassigned	0.0
f3686a714556157c50e213274f1c7449	k__Bacteria	1.0
bfff470696bbad3c180ace75c93c7799	k__Bacteria; p__Actinobacteria; c__Actinobacteria; o__Actinomycetales; f__; g__; s__	0.7
6d366139be906e8631554b5d2ee329c4	k__Archaea	1.0
92cb7e1f194a8763381d38c879935113	k__Bacteria; p__Proteobacteria; c__Betaproteobacteria	1.0
b5f3057e65a3f076678238728c6b01f6	k__Bacteria; p__Proteobacteria; c__Deltaproteobacteria; o__Bdellovibrionales; f__Bacteriovoracaceae; g__; s__	0.9
d3e7e2117f92d67f21e8c91a92bf771e	k__Bacteria; p__Proteobacteria; c__Alphaproteobacteria; o__Rhizobiales; f__; g__; s__	1.0
cb2364a03386578de28b9dc561295d8e	k__Bacteria; p__Proteobacteria; c__Betaproteobacteria; o__Methylophilales; f__Methylophilaceae; g__Methylotenera; s__mobilis	0.9
8cc3cfd5da18c593d0f922887ff987b8	k__Bacteria; p__Proteobacteria; c__Alphaproteobacteria; o__BD7-3; f__; g__; s__	1.0
dc344c18cbe3eac5a861e51f10737cce	k__Bacteria; p__Bacteroidetes; c__[Saprospirae]; o__[Saprospirales]; f__Chitinophagaceae; g__; s__	1.0
6d08dafc09d73fdedabafb60362f0500	k__Bacteria; p__Firmicutes; c__Clostridia; o__Clostridiales; f__Clostridiaceae; g__Clostridium; s__	0.6
7f45dffb596c7cc0a64cdb5446c6da08	k__Bacteria; p__Proteobacteria; c__Gammaproteobacteria; o__Pseudomonadales; f__Pseudomonadaceae; g__Pseudomonas; s__	1.0
39e97b1b0956037ce0cd34eeac64ef7a	k__Bacteria; p__Planctomycetes; c__Planctomycetia; o__Pirellulales; f__Pirellulaceae; g__; s__	1.0
c5890d2a82b44b78956d6263c886a3fd	k__Bacteria; p__Proteobacteria; c__Betaproteobacteria; o__Burkholderiales; f__Comamonadaceae; g__Rubrivivax; s__gelatinosus	0.8
1976b094db93bfc0880e5b41eb334a50	k__Bacteria; p__GN02; c__BD1-5; o__; f__; g__; s__	1.0
cc54f3857a08e758a69146a9b9c70fed	k__Bacteria; p__Bacteroidetes; c__[Saprospirae]; o__[Saprospirales]; f__Chitinophagaceae; g__; s__	1.0
bd38b2abeb3fccd9ac555f2a8cbea4bf	k__Bacteria; p__Firmicutes; c__Bacilli; o__Bacillales; f__[Exiguobacteraceae]; g__Exiguobacterium; s__	1.0
08c67376a4881e47e05e5faeef65e00c	k__Bacteria; p__Proteobacteria; c__Deltaproteobacteria; o__Bdellovibrionales; f__Bdellovibrionaceae; g__Bdellovibrio; s__	0.8
6342e91294b61f2415f2c5ac31daa620	k__Bacteria; p__Bacteroidetes; c__Flavobacteriia; o__Flavobacteriales; f__Flavobacteriaceae; g__Flavobacterium; s__	1.0
5e494caa3aa67a8579f0fffb49e9c776	k__Bacteria; p__Acidobacteria; c__Sva0725; o__Sva0725; f__; g__; s__	1.0
f34c81912dd56cd435a1dd7967ac24f5	k__Bacteria; p__Proteobacteria; c__Gammaproteobacteria; o__Xanthomonadales; f__Sinobacteraceae; g__; s__	1.0
65dd8fea4cbf35260d9699a50473433f	k__Bacteria; p__OD1; c__Mb-NB09; o__; f__; g__; s__	0.6
bf0938596adaa58a704c0338a867422d	k__Bacteria; p__Proteobacteria; c__Deltaproteobacteria	1.0
cbc214fba65153ea85ab82b4a04bf85c	k__Bacteria; p__Proteobacteria; c__Deltaproteobacteria; o__Myxococcales; f__; g__; s__	0.6
b3c02af92d0e9e2510031f4613b6f6fc	k__Bacteria; p__Bacteroidetes; c__[Saprospirae]; o__[Saprospirales]; f__Saprospiraceae; g__; s__	0.9
a0a614f5d4cbe67e0d4a7495908c3c95	k__Bacteria; p__Bacteroidetes; c__Flavobacteriia; o__Flavobacteriales; f__Cryomorphaceae; g__Fluviicola; s__	1.0
f5a9487cce3d604900908f3384ddaffa	k__Bacteria; p__Cyanobacteria	0.6
39ff33d3bfbeefa2baf9b6154e56be07	k__Bacteria; p__Proteobacteria	1.0
cd81e487654103902de0c943e938524d	Unassigned	0.0
8e336a20ff3c70b4ad8c2e63e95f28a1	k__Bacteria; p__Bacteroidetes; c__Flavobacteriia; o__Flavobacteriales; f__Cryomorphaceae; g__Fluviicola; s__	1.0
bcad391cf00c0c0516a8c39f15170d68	k__Bacteria; p__Proteobacteria; c__Gammaproteobacteria; o__Legionellales; f__Coxiellaceae; g__; s__	0.6
9013d54df94fc8ada3e1e1915533f345	k__Bacteria	1.0
fc464cce11cb6c9a3a3440e59e17ccea	k__Bacteria; p__Proteobacteria; c__Epsilonproteobacteria; o__Campylobacterales; f__Helicobacteraceae; g__; s__	1.0
c7767c8e783eaa6701d1c862a3087560	k__Bacteria; p__Proteobacteria; c__Alphaproteobacteria; o__Rhodospirillales; f__Rhodospirillaceae; g__; s__	0.6
dfae3dfd903f5c09ed3b66ebe6b57669	k__Bacteria; p__Bacteroidetes; c__Flavobacteriia; o__Flavobacteriales; f__Cryomorphaceae; g__; s__	1.0
dfc303536c714a6d44c493bda53d3cf9	k__Bacteria; p__Proteobacteria; c__Alphaproteobacteria; o__Rhodobacterales; f__Rhodobacteraceae; g__Rhodobacter; s__	1.0
3fc081a9bfaf325a49b85af610e6d584	k__Bacteria; p__Proteobacteria; c__Betaproteobacteria	1.0
881b47ba43ed4ac714ca91ec4b11477b	k__Bacteria; p__Proteobacteria; c__Deltaproteobacteria; o__Myxococcales; f__Polyangiaceae; g__; s__	1.0
cf1696773cccba05a87660e84464b303	k__Bacteria; p__Gemmatimonadetes; c__Gemmatimonadetes; o__KD8-87; f__; g__; s__	1.0
54086139d7a6add2982a11100a053163	k__Bacteria; p__Bacteroidetes; c__Bacteroidia; o__Bacteroidales; f__; g__; s__	1.0
f9c74acf35d5d151dbf0ff6e3f6e8e2f	k__Bacteria; p__Actinobacteria; c__Actinobacteria; o__Actinomycetales; f__; g__; s__	0.7
0194da8b29aa4d15e869a6e931e8b5f9	k__Bacteria; p__Bacteroidetes; c__Bacteroidia; o__Bacteroidales; f__; g__; s__	1.0
9e244413c72161a7435f146f2f9771a8	k__Bacteria; p__Proteobacteria; c__Alphaproteobacteria	0.75
416c7cf7f6007657d1335170811f73ba	k__Bacteria; p__Proteobacteria; c__Gammaproteobacteria; o__Chromatiales; f__Chromatiaceae; g__Allochromatium; s__	0.8
b52342abf077576601ff56d6b68b0af5	k__Bacteria; p__SR1; c__; o__; f__; g__; s__	0.7
0a14d971922a025c82be6cded8fef684	k__Bacteria; p__Proteobacteria; c__Gammaproteobacteria; o__Xanthomonadales; f__Xanthomonadaceae	1.0
bd4aab04d64bd4f2b58ed2517cd656a6	k__Bacteria; p__Proteobacteria; c__TA18; o__PHOS-HD29; f__; g__; s__	1.0
7c0fcb6b3cc83ab3d8644f58d4320b38	k__Bacteria; p__Gemmatimonadetes; c__Gemmatimonadetes; o__Gemmatimonadales; f__Gemmatimonadaceae; g__Gemmatimonas; s__	0.6
ee4755c8e91ecfda5192be1169090f53	k__Bacteria; p__Proteobacteria; c__Deltaproteobacteria; o__Bdellovibrionales; f__Bacteriovoracaceae; g__; s__	1.0
3e5dfb22f64c2a482d451c610b1f7536	k__Bacteria; p__Firmicutes; c__Clostridia; o__Clostridiales; f__Ruminococcaceae; g__; s__	1.0
f61f598b9acf73fd512f80f789e45b42	k__Bacteria; p__Proteobacteria; c__Alphaproteobacteria; o__Rhodospirillales; f__Rhodospirillaceae; g__; s__	0.6
67435b34454d7aa87c252aef0203b101	k__Bacteria; p__Planctomycetes; c__Planctomycetia; o__Pirellulales; f__Pirellulaceae; g__; s__	1.0
0bba177fab8c3c72b309f80ae214527a	k__Bacteria; p__Cyanobacteria; c__Chloroplast; o__Streptophyta; f__; g__; s__	1.0
bc4cb9642578844446c8ad468ba49ab3	k__Bacteria; p__Proteobacteria; c__TA18; o__CV90; f__; g__; s__	0.7
deb563db8bf7fc88baf85c8d2f8ce845	k__Bacteria; p__Actinobacteria; c__Thermoleophilia; o__Solirubrobacterales; f__; g__; s__	1.0
d16383bc9329223aaecde46ba4d0896f	k__Bacteria; p__Cyanobacteria; c__Chloroplast; o__Chlorophyta; f__; g__; s__	1.0
f61686ea307e19f1f6c8931310b3da1b	k__Bacteria; p__Actinobacteria; c__Actinobacteria; o__Actinomycetales; f__ACK-M1; g__; s__	1.0
6a12f272cd6de201e6fdcb5ab2ebad54	k__Bacteria; p__Proteobacteria; c__Alphaproteobacteria; o__Rhodobacterales; f__Hyphomonadaceae; g__; s__	0.9
a6fafe754d52bea7ac417ba32884db43	k__Bacteria; p__Proteobacteria; c__Alphaproteobacteria; o__Rickettsiales; f__mitochondria; g__; s__	1.0
c1c382ac38fd5be8c9a31918facc81e9	k__Bacteria; p__Proteobacteria; c__Deltaproteobacteria; o__Desulfuromonadales; f__Geobacteraceae; g__Geobacter; s__lovleyi	0.8
abe60eaa2d9b0647bbf84379c18dfe70	k__Bacteria; p__Firmicutes; c__Clostridia; o__Clostridiales; f__Clostridiaceae; g__; s__	1.0
d344e3a88c413112d5914321ba78c2eb	k__Bacteria; p__Bacteroidetes; c__[Saprospirae]; o__[Saprospirales]; f__Saprospiraceae; g__; s__	1.0
faf9c467e6da56726febd62d7cca3a69	k__Bacteria; p__Proteobacteria; c__Gammaproteobacteria; o__Xanthomonadales; f__Xanthomonadaceae	1.0
57e621d37cd15c1847955fc5102ae199	k__Bacteria; p__Proteobacteria; c__Gammaproteobacteria; o__Methylococcales; f__Crenotrichaceae; g__Crenothrix	0.6363636363636364
39ba71f6a17faceac758ca1e27d8634b	k__Bacteria; p__Armatimonadetes; c__Armatimonadia	0.7
56595b16d250119e05f64ca3ad2c55d8	k__Bacteria; p__Proteobacteria; c__Gammaproteobacteria; o__Xanthomonadales; f__Sinobacteraceae; g__; s__	1.0
ab28405bd618f92d320a0e66692f774a	k__Bacteria; p__Verrucomicrobia; c__[Pedosphaerae]; o__[Pedosphaerales]; f__; g__; s__	0.6
5478c04bb004ef2dc954c9132ae31e53	k__Bacteria; p__Bacteroidetes; c__[Saprospirae]; o__[Saprospirales]; f__; g__; s__	1.0
28bef9b1da59c3f6208b1a13dab3fba0	k__Bacteria; p__Proteobacteria; c__Gammaproteobacteria; o__Xanthomonadales; f__Xanthomonadaceae; g__; s__	0.9
bd1a39b86de1a188a494b199fa9db0fb	k__Bacteria; p__Bacteroidetes; c__Cytophagia; o__Cytophagales; f__Cytophagaceae; g__; s__	1.0
e000f5dc6848b7d6417bd52920ea29a6	k__Bacteria; p__Proteobacteria; c__Gammaproteobacteria; o__Legionellales; f__Coxiellaceae; g__; s__	1.0
90652cabd997f43c49e85e703e544079	k__Bacteria; p__Proteobacteria; c__TA18; o__CV90; f__; g__; s__	1.0
e693d6b36fb703c3d458c917e928c16f	k__Bacteria; p__Actinobacteria; c__Acidimicrobiia; o__Acidimicrobiales; f__JdFBGBact; g__; s__	1.0
74dc89d8a5a075f7acaac2f97fa14307	k__Bacteria; p__Proteobacteria; c__Betaproteobacteria; o__Burkholderiales; f__Comamonadaceae	1.0
b9d9a72c4f65a3f4b17befd2f1b30148	k__Bacteria; p__Cyanobacteria; c__Chloroplast; o__Streptophyta; f__; g__; s__	1.0
61b5b3ac5bc346cc5c6a4be1a0732f00	k__Bacteria; p__Acidobacteria; c__Acidobacteria-6; o__iii1-15; f__; g__; s__	1.0
f0c5c523e503bdb451996902eb0e31b8	k__Bacteria; p__Proteobacteria; c__Deltaproteobacteria; o__Bdellovibrionales; f__Bdellovibrionaceae; g__Bdellovibrio; s__	0.9
289757ab527a6b233604af1cf3c2a0b1	k__Bacteria; p__Cyanobacteria; c__Nostocophycideae; o__Nostocales; f__Nostocaceae	1.0
11c133c1f4b59f2709aa9aef0c8acf0d	k__Bacteria; p__Cyanobacteria; c__Chloroplast; o__Stramenopiles; f__; g__; s__	1.0
a3f5ecb37628eb5fc75fc190c8116730	k__Bacteria; p__Bacteroidetes; c__[Saprospirae]; o__[Saprospirales]; f__Saprospiraceae; g__; s__	1.0
51820b63a95ca23381058bd64c09c8a1	k__Bacteria; p__Planctomycetes; c__Planctomycetia; o__Pirellulales; f__Pirellulaceae; g__; s__	1.0
516d881186ec1da131c60107c6764f48	k__Bacteria; p__Cyanobacteria; c__Chloroplast; o__Stramenopiles; f__; g__; s__	1.0
544062cdba5fa6e6a748e8b3453c7eb4	k__Bacteria; p__Proteobacteria; c__Deltaproteobacteria; o__Bdellovibrionales; f__Bdellovibrionaceae; g__Bdellovibrio; s__	0.7
33ff1abe9512959af8e316160252ed48	k__Bacteria; p__OD1; c__; o__; f__; g__; s__	0.8888888888888888
6525e08dc780d2d75a5798ab689327c3	k__Bacteria; p__GN02; c__3BR-5F; o__; f__; g__; s__	0.9
92958bc92f67617b464f148418338c83	k__Bacteria; p__Proteobacteria; c__Gammaproteobacteria	0.6666666666666666
9188430a9f276a65e1b174987889c270	k__Bacteria; p__Proteobacteria; c__Gammaproteobacteria; o__Alteromonadales; f__OM60; g__; s__	0.9
5ac95f11de734960bdecd7b09b5e2c9d	k__Bacteria; p__Cyanobacteria; c__Chloroplast; o__Chlorophyta; f__; g__; s__	1.0
b1d583193b0f28d5b1d40b5b97b57c2a	k__Bacteria; p__Acidobacteria; c__DA052; o__Ellin6513; f__; g__; s__	0.6666666666666666
b8cb94e1e62f0ca6020a15d3bf34d006	k__Bacteria; p__Proteobacteria; c__Deltaproteobacteria; o__PB19; f__; g__; s__	0.6
d7553f6195dd641d3090877b5941e1e9	k__Bacteria; p__Proteobacteria; c__Alphaproteobacteria; o__BD7-3; f__; g__; s__	1.0
73f837f9d2099c1f9ae8d47c6910c329	k__Bacteria; p__Proteobacteria	1.0
e5f5265bda0fb1d6aef3324fb11bdda8	k__Bacteria; p__Proteobacteria; c__Alphaproteobacteria; o__Rhodobacterales; f__Rhodobacteraceae	1.0
b7618df89ed719cf9933818ec9f96a3a	k__Bacteria; p__Proteobacteria; c__Gammaproteobacteria; o__Methylococcales; f__Methylococcaceae	0.6
7305d796430f13cd592cf72574e5ebdc	k__Bacteria; p__Firmicutes; c__Bacilli; o__Bacillales	0.6
61b924118ca7e5733a4f3003b2d59105	k__Bacteria; p__Proteobacteria; c__Deltaproteobacteria; o__Myxococcales	0.7
e138faf50ba5ce96a233a635dec64430	k__Bacteria; p__Proteobacteria; c__Alphaproteobacteria	0.6
27ce80a617af9626912a2d94d871328d	k__Bacteria; p__Actinobacteria; c__Actinobacteria; o__Actinomycetales	0.9
d3cba761a4eda1c8aaf58ec861b7c7ea	k__Bacteria; p__Armatimonadetes; c__[Fimbriimonadia]; o__[Fimbriimonadales]; f__[Fimbriimonadaceae]; g__Fimbriimonas; s__	1.0
9f741416243a0d2bccc0bd3ba717af50	k__Bacteria; p__Proteobacteria; c__Gammaproteobacteria	0.7
42558ddf774f5ff072a9d28fa738a7c6	k__Bacteria; p__Proteobacteria; c__Alphaproteobacteria	1.0
a62f1f25200cd83383b9bb155e151894	k__Bacteria; p__Planctomycetes; c__Planctomycetia; o__Pirellulales; f__Pirellulaceae; g__; s__	1.0
d09d0f552f26b481bccfac9b880c365e	k__Bacteria; p__Proteobacteria; c__TA18; o__PHOS-HD29; f__; g__; s__	1.0
73c7d91ce6d63befcd98f3dbdca66c0f	k__Bacteria; p__Chloroflexi; c__Ellin6529; o__; f__; g__; s__	1.0
da0f0c5dcf3e95be06b8a7f2318f625b	k__Bacteria; p__Proteobacteria; c__Alphaproteobacteria; o__Rhizobiales; f__; g__; s__	1.0
ba58e7e7b8bf821675df1ae5815ba758	k__Bacteria	1.0
aadd212ff10f179b1c3761827beaccae	k__Bacteria; p__Proteobacteria; c__Gammaproteobacteria; o__Pseudomonadales; f__Pseudomonadaceae; g__Pseudomonas; s__	1.0
96b1a306f002c30eb655f947e7e0dc65	k__Bacteria; p__Firmicutes; c__Bacilli; o__Bacillales; f__Bacillaceae	0.7
e8fc1306d12f02e59c5b65b7765c1f2c	Unassigned	0.0
d3c164d41e4980d02319eb586f25ebd0	k__Bacteria; p__Proteobacteria; c__Deltaproteobacteria; o__Spirobacillales; f__; g__; s__	1.0
7d2b61250840a0ff12aad57f1b9a4015	k__Bacteria; p__Firmicutes; c__Clostridia; o__Clostridiales; f__Clostridiaceae; g__Clostridium; s__	1.0
899117cabaa9f0177b93cb6a175accce	k__Archaea; p__[Parvarchaeota]; c__[Parvarchaea]; o__YLA114; f__; g__; s__	0.6
a5f8aff956a614b560652f2634b71c5c	k__Bacteria; p__Proteobacteria; c__Betaproteobacteria; o__Burkholderiales; f__Comamonadaceae; g__; s__	0.7
d4b61c4962442e99f25f4ac7a3b9c083	k__Bacteria; p__Proteobacteria; c__Deltaproteobacteria; o__BPC076; f__; g__; s__	1.0
6358fe2bfaa0b1f55a6bbeb59ca795a9	k__Bacteria; p__Proteobacteria; c__Betaproteobacteria; o__Neisseriales; f__Neisseriaceae; g__Vogesella; s__	0.7
102b349321cfa30d30b66c92e5d32e9f	k__Bacteria; p__Proteobacteria; c__Alphaproteobacteria; o__Rhizobiales; f__; g__; s__	0.9
543ae432739ef0d5bf9a007c334d33a5	k__Bacteria; p__Chloroflexi; c__Chloroflexi; o__[Roseiflexales]; f__; g__; s__	0.7
7f57aa20f8e51cc78612d82b06b5f473	k__Bacteria; p__Bacteroidetes; c__[Saprospirae]; o__[Saprospirales]; f__Saprospiraceae; g__; s__	1.0
df293910de7428c20543ded22c656786	Unassigned	0.0
1c8222e5e0f2067eb537cf65e2ac1acd	k__Bacteria; p__Proteobacteria; c__Betaproteobacteria; o__Methylophilales; f__Methylophilaceae; g__; s__	0.9
9dfe29732be4bf1bdfe75cc373b95749	k__Bacteria; p__Proteobacteria; c__Gammaproteobacteria; o__Xanthomonadales; f__Xanthomonadaceae; g__; s__	1.0
20e8a2a24382d3f25d3a67a8a33035f5	k__Bacteria; p__Actinobacteria; c__Acidimicrobiia; o__Acidimicrobiales; f__ntu14; g__; s__	1.0
849836e617bdee88c0d5673f2a66d5da	k__Bacteria; p__Planctomycetes; c__Planctomycetia; o__Planctomycetales; f__Planctomycetaceae; g__Planctomyces; s__	1.0
0fdcaecede18832ccf9e10383b1bb6d3	k__Bacteria; p__Proteobacteria; c__Gammaproteobacteria	0.9
480e1bf6a3cdc3426a314818b005bd0f	k__Bacteria; p__Proteobacteria; c__Deltaproteobacteria; o__Spirobacillales; f__; g__; s__	0.7
84a2645c3e41c55a4eb3ecd45463c6c9	k__Bacteria; p__Chlamydiae; c__Chlamydiia; o__Chlamydiales; f__Rhabdochlamydiaceae; g__Candidatus Rhabdochlamydia; s__	0.6
efaa260ea368751500dea4c7f36319f7	k__Bacteria; p__Proteobacteria; c__Gammaproteobacteria; o__Xanthomonadales; f__Sinobacteraceae; g__; s__	1.0
ecb58f37381417e914b4f11c7d31661c	k__Bacteria; p__Proteobacteria; c__Gammaproteobacteria; o__Alteromonadales; f__Alteromonadaceae; g__; s__	0.7
e021cde2eeb10be3b1f3f523c1a55390	k__Bacteria; p__Proteobacteria; c__TA18; o__PHOS-HD29; f__; g__; s__	1.0
36707f4e9535d2b2a965e65203bff970	k__Bacteria; p__Proteobacteria; c__Gammaproteobacteria; o__Enterobacteriales; f__Enterobacteriaceae; g__Providencia; s__	0.8
26bb3d771059195050aa52fcda50785b	k__Bacteria	1.0
747cac95047bc812655b1c47d1a84351	k__Bacteria; p__Proteobacteria; c__Alphaproteobacteria; o__Rhodospirillales; f__Rhodospirillaceae; g__; s__	0.8
827cb346677703b5f3f0a4204372508b	k__Bacteria; p__Lentisphaerae; c__[Lentisphaeria]; o__Lentisphaerales	0.6
4a86a0b02ff07386d2a3d0beb52cef5c	k__Bacteria; p__Bacteroidetes; c__Cytophagia; o__Cytophagales; f__Cytophagaceae; g__Leadbetterella; s__	1.0
6ce6b54aa3b826d93aa3ec220b740f36	k__Bacteria; p__Proteobacteria; c__Deltaproteobacteria; o__Myxococcales; f__; g__; s__	0.8
5b9e8b0810173b5bf7aac71b91da167d	k__Bacteria; p__Proteobacteria; c__TA18; o__CV90; f__; g__; s__	1.0
51850f9558e0b586f6985912b09dd28c	k__Bacteria; p__Actinobacteria; c__Acidimicrobiia; o__Acidimicrobiales; f__; g__; s__	1.0
ebe550a5dae76524458142eec73d6dc0	k__Bacteria; p__Proteobacteria; c__Alphaproteobacteria; o__Rhizobiales; f__; g__; s__	0.7
aaa65f37b814e34342bb3cda9cdaa47b	k__Bacteria; p__Proteobacteria; c__Deltaproteobacteria; o__Myxococcales; f__Haliangiaceae; g__; s__	1.0
6f6978f58d09c6d98aa441155ce4e466	k__Bacteria; p__Proteobacteria; c__Deltaproteobacteria; o__Myxococcales; f__; g__; s__	1.0
bd650f4a0620980da26efaface78dc36	k__Bacteria; p__Proteobacteria; c__Alphaproteobacteria	0.8
8177d75e6007f2733cf9b9f9822427c0	k__Bacteria; p__Proteobacteria	0.5555555555555556
15c5bfd98ec771a8029419074ddad9d0	k__Bacteria; p__Proteobacteria; c__Alphaproteobacteria; o__Rickettsiales; f__; g__; s__	1.0
187d5e4647665a501111256f4ca0640d	k__Bacteria; p__Firmicutes; c__Clostridia; o__Clostridiales; f__Lachnospiraceae; g__; s__	0.6
f899ea9df79353df45769aa67b3703d7	k__Bacteria; p__Proteobacteria; c__Alphaproteobacteria; o__Rhizobiales; f__Methylocystaceae; g__Methylosinus; s__	1.0
5b06cce9b942653d402cce30420d4150	k__Bacteria; p__Planctomycetes; c__Phycisphaerae; o__AKAU3564; f__; g__; s__	0.9
e99438a5642731369cf10a65854a5a1c	k__Bacteria; p__Planctomycetes; c__OM190; o__CL500-15; f__; g__; s__	1.0
d0a9fe453b1d6429eaf6f5f1c436c011	k__Bacteria; p__Planctomycetes; c__028H05-P-BN-P5; o__; f__; g__; s__	0.9
9c0f106ff87be4c6d34a22ab9318d1bc	k__Bacteria; p__Proteobacteria; c__Alphaproteobacteria; o__; f__; g__; s__	0.9
77c8913d8b7a0111317ab051a782ff0d	k__Bacteria; p__Bacteroidetes; c__Flavobacteriia; o__Flavobacteriales; f__Cryomorphaceae; g__; s__	0.7
e22de090b62fc97da74696680d3f8c1f	k__Bacteria; p__Actinobacteria; c__Actinobacteria; o__Actinomycetales; f__Mycobacteriaceae; g__Mycobacterium; s__	1.0
69789a37cba6e5327363988c597b2ff9	k__Bacteria; p__TM6; c__SJA-4; o__; f__; g__; s__	0.9
a3ef832e29dd53d9f71dec2f29a593bd	k__Bacteria; p__Bacteroidetes; c__Flavobacteriia; o__Flavobacteriales; f__Cryomorphaceae; g__Fluviicola; s__	1.0
9854cd60d3f14e078c968dfec724bc38	k__Bacteria; p__Firmicutes; c__Clostridia; o__Clostridiales	0.6
817d18e97ea99de5eec70feeb703c4a8	k__Bacteria; p__Proteobacteria; c__Alphaproteobacteria; o__Rickettsiales; f__mitochondria; g__; s__	1.0
29c2e74bb425f9cf7324c7cf7561389d	k__Bacteria; p__Proteobacteria; c__Alphaproteobacteria; o__Rhodospirillales; f__Rhodospirillaceae; g__; s__	1.0
56c050a2bb12aa7d5e7bee303e2862d1	k__Bacteria; p__Bacteroidetes; c__Bacteroidia; o__Bacteroidales; f__; g__; s__	1.0
acd3e339a538a6572b18fa47d9f86fa5	k__Bacteria; p__Actinobacteria; c__Actinobacteria; o__Actinomycetales; f__Mycobacteriaceae; g__Mycobacterium; s__	1.0
9c1febb4ec51aaa139e35a42d9442afb	k__Bacteria; p__Verrucomicrobia; c__Opitutae; o__; f__; g__; s__	0.7
fa40983edc8be08870c7e510f3874b03	k__Bacteria; p__Proteobacteria; c__Alphaproteobacteria; o__Rhizobiales; f__Methylocystaceae	0.6
85ea08f1d32886120fcc3c595a920d05	k__Bacteria; p__Planctomycetes; c__Planctomycetia; o__Gemmatales; f__Gemmataceae; g__Gemmata; s__	1.0
355dc6d8ba0b50404a2c22501ae9f44d	k__Bacteria; p__Firmicutes; c__Clostridia; o__Clostridiales; f__; g__; s__	0.9
4f69a909fb93ff115d597103eb7fdbc9	k__Bacteria; p__Actinobacteria; c__OPB41; o__; f__; g__; s__	1.0
54abb074ed06cc34ea68578727cd90cd	k__Bacteria; p__Proteobacteria	0.8
1f20c70715fee3f26d3ba813a31b0a34	k__Bacteria; p__Proteobacteria; c__Deltaproteobacteria; o__Bdellovibrionales; f__Bdellovibrionaceae; g__Bdellovibrio; s__	1.0
c3ab8a92771de29c7a3efc66e5570ade	k__Bacteria; p__Proteobacteria; c__Gammaproteobacteria; o__Alteromonadales; f__[Chromatiaceae]; g__Rheinheimera; s__	1.0
95fc5794f16e6292b1c58ff57f2f046f	k__Bacteria; p__Proteobacteria; c__TA18; o__CV90; f__; g__; s__	1.0
083e0fecd595e4c9e431f6d0eea65f8d	k__Bacteria; p__Cyanobacteria; c__ML635J-21; o__; f__; g__; s__	1.0
e419176742079cf315fd3b4240e103a5	k__Bacteria; p__Proteobacteria; c__Betaproteobacteria; o__Neisseriales; f__Neisseriaceae	0.7
48c168a5b2e8daf3c2563a6722de4009	k__Bacteria; p__Proteobacteria; c__Alphaproteobacteria; o__; f__; g__; s__	1.0
6e387cb268eac975d85a9979d09b600b	k__Bacteria; p__Firmicutes; c__Clostridia; o__Clostridiales; f__Lachnospiraceae; g__; s__	0.6
3f99a1c260569694396c4e381a069617	k__Bacteria; p__Bacteroidetes; c__Sphingobacteriia; o__Sphingobacteriales; f__; g__; s__	0.7
bc3d1ec6df24b0c95dbb5387f2b6c069	k__Bacteria; p__TM6; c__SJA-4; o__; f__; g__; s__	0.9
292e95e6bd91227e263bee17371f762d	k__Bacteria; p__TM6; c__SJA-4; o__S1198; f__; g__; s__	1.0
04c6a46eafcf09b33a4e9eb4eace460d	k__Bacteria; p__Proteobacteria; c__Alphaproteobacteria; o__Rickettsiales; f__; g__; s__	1.0
762be472e0086fc425018bbe1d05f2d4	k__Bacteria; p__Proteobacteria; c__Alphaproteobacteria; o__Rhodospirillales; f__Rhodospirillaceae; g__; s__	0.7
6eb0d44f0282a7803934078b99576258	k__Bacteria; p__Bacteroidetes; c__[Saprospirae]; o__[Saprospirales]; f__Chitinophagaceae; g__; s__	1.0
d55dd0e538d554fa94b690695dbdd491	k__Bacteria; p__Proteobacteria; c__Alphaproteobacteria; o__Rickettsiales; f__; g__; s__	0.9
979f0f7278f16ac6f2c9c3926b08b411	k__Bacteria; p__Actinobacteria; c__Actinobacteria; o__Actinomycetales; f__ACK-M1; g__; s__	1.0
90ed8d6ab09ebc5fca1910c0e891b7f5	k__Bacteria; p__Proteobacteria; c__Betaproteobacteria; o__Burkholderiales; f__Comamonadaceae	1.0
1589df6316ee77c02fc7519628f900ba	Unassigned	0.0
16d8d52062159c60cefe367ef4bd6d1f	k__Bacteria; p__Proteobacteria; c__Gammaproteobacteria; o__Aeromonadales; f__Aeromonadaceae; g__; s__	1.0
016476f489d7ebf92ae29aeff9585541	k__Bacteria; p__Proteobacteria; c__Alphaproteobacteria; o__Rhodospirillales; f__Rhodospirillaceae; g__; s__	1.0
e801cb2b3468f14bb26609b040df38c6	k__Bacteria; p__Verrucomicrobia; c__Opitutae; o__Opitutales; f__Opitutaceae; g__Opitutus; s__	0.9
acf8ad0c3f1f7ffe8e321e64f3b4dc56	k__Bacteria; p__Bacteroidetes; c__Bacteroidia; o__Bacteroidales; f__Bacteroidaceae; g__Bacteroides	0.6
efb3e56ff90cf574ebd44642404199c8	k__Bacteria; p__Proteobacteria; c__Alphaproteobacteria; o__Sphingomonadales; f__Sphingomonadaceae; g__; s__	1.0
27044750732e710fc73e9794025ae377	k__Bacteria; p__Proteobacteria	0.9
ccffae6628b8c11f77885730ed39cbbb	k__Bacteria; p__Proteobacteria; c__Gammaproteobacteria; o__Legionellales; f__Coxiellaceae; g__; s__	1.0
82a08c0c0637d32a666267059436268e	k__Bacteria; p__Bacteroidetes; c__Flavobacteriia; o__Flavobacteriales; f__Cryomorphaceae; g__Fluviicola; s__	1.0
ad89f746520754633a1e3c631f5d7e8a	k__Bacteria; p__Bacteroidetes; c__Sphingobacteriia; o__Sphingobacteriales; f__; g__; s__	1.0
21e36e1e490954f131fbd281b8f4aa5e	k__Archaea; p__[Parvarchaeota]	0.6
dca5c17326c7f13c45c80743fa5af8ae	k__Bacteria; p__GN02; c__BD1-5; o__; f__; g__; s__	0.6
b2e16d128ea2531039d353ec1ee875b4	k__Bacteria; p__Proteobacteria; c__Betaproteobacteria; o__Methylophilales; f__Methylophilaceae; g__; s__	0.9
1455360683aa9a88b4fb8c41ed87ef4d	k__Bacteria; p__Proteobacteria; c__Betaproteobacteria; o__Burkholderiales; f__Comamonadaceae	0.9
1e568c7a1aec381e9fee645bf168354b	k__Bacteria; p__Proteobacteria; c__Deltaproteobacteria; o__Bdellovibrionales; f__Bacteriovoracaceae; g__Bacteriovorax; s__	0.9
424193e5ce220ea756370ef7abe8393f	k__Bacteria; p__Proteobacteria; c__Alphaproteobacteria; o__Rhizobiales; f__; g__; s__	0.9
1fc6ec92ecd4b9147be58e808832543a	k__Bacteria; p__Proteobacteria; c__Alphaproteobacteria; o__Rhodobacterales; f__Rhodobacteraceae	1.0
d73bf6d3009c416f7c0fd34193628a1b	k__Bacteria; p__Proteobacteria; c__Gammaproteobacteria	1.0
5e4c415dbd8a7512e7e0d3f90c874882	k__Bacteria; p__Chlamydiae; c__Chlamydiia; o__Chlamydiales	0.9
52e4c3915498617b514d3ff5ee96724c	k__Bacteria; p__Bacteroidetes; c__Flavobacteriia; o__Flavobacteriales; f__Cryomorphaceae; g__Fluviicola; s__	1.0
fc2f7ea51f5e8454c7ab6f62a172bb95	k__Bacteria; p__OD1; c__ZB2; o__; f__; g__; s__	1.0
d330a76a008d0e207b212f76d4481146	k__Bacteria; p__Proteobacteria; c__Alphaproteobacteria; o__Rhodobacterales; f__Rhodobacteraceae; g__; s__	0.7
d52b468ea632940eab308e5a5790932f	k__Bacteria; p__Proteobacteria; c__Deltaproteobacteria; o__Bdellovibrionales; f__Bdellovibrionaceae; g__Bdellovibrio; s__	0.9
1274aa4ecea0f9507dbac3fd93d15c15	k__Bacteria; p__Proteobacteria; c__Deltaproteobacteria; o__Myxococcales; f__; g__; s__	1.0
a8fecb245cef895eab439ecd5491fb45	k__Bacteria; p__Bacteroidetes; c__Flavobacteriia; o__Flavobacteriales; f__[Weeksellaceae]	0.8
55fc767ce7c765f62a72c69f0518b624	k__Bacteria; p__Firmicutes; c__Clostridia; o__Clostridiales; f__Lachnospiraceae; g__; s__	1.0
eb03419d561ec5ff6cbd27073d7baa9c	k__Bacteria; p__Proteobacteria; c__Alphaproteobacteria; o__Rhizobiales; f__; g__; s__	0.9
a71ae307c5649522f52bd1e05778c3fa	k__Bacteria; p__Proteobacteria; c__Alphaproteobacteria; o__Caulobacterales; f__Caulobacteraceae; g__; s__	1.0
5143b9f4b285f449e459609d07036d76	k__Bacteria; p__Proteobacteria; c__Gammaproteobacteria; o__Methylococcales; f__Crenotrichaceae; g__Crenothrix; s__	0.7
983db1f7015d958a14c5128fbb56594e	k__Bacteria; p__Proteobacteria; c__Betaproteobacteria; o__Burkholderiales; f__Comamonadaceae; g__Rubrivivax; s__gelatinosus	0.7
8aad94c2ea0ba2b3dd734b12301091d5	k__Bacteria; p__Proteobacteria; c__Gammaproteobacteria; o__Xanthomonadales; f__Xanthomonadaceae; g__; s__	0.9
1c39035859b7197368a5a6570211ab43	k__Bacteria; p__Bacteroidetes; c__Sphingobacteriia; o__Sphingobacteriales; f__Sphingobacteriaceae; g__Pedobacter; s__	0.6
19fb68f013c65619b894f1cfcc60ff6d	k__Bacteria; p__Proteobacteria; c__Gammaproteobacteria; o__Pseudomonadales; f__Moraxellaceae; g__Acinetobacter; s__lwoffii	0.9
cab02f2d429404963eaf36c5a153b8eb	k__Bacteria; p__Bacteroidetes; c__[Saprospirae]; o__[Saprospirales]; f__Saprospiraceae; g__; s__	1.0
3be617285b0a0957b08a9d2e65a8069c	k__Bacteria; p__Planctomycetes; c__Planctomycetia; o__Gemmatales; f__Gemmataceae; g__; s__	1.0
05728fbde4e58fbbab5136e33d474004	k__Bacteria; p__Cyanobacteria; c__Chloroplast; o__Stramenopiles; f__; g__; s__	1.0
18b2c77fc22dd02087e5bdd8721c4d8b	k__Bacteria; p__Proteobacteria; c__Deltaproteobacteria; o__NB1-j; f__JTB38; g__; s__	1.0
9cbcbe826494a9195d325e0ce15dcc2c	k__Bacteria; p__Bacteroidetes; c__Bacteroidia; o__Bacteroidales; f__Bacteroidaceae; g__Bacteroides; s__	0.7
3b186c9640ef1e9571e423664efddac5	k__Bacteria; p__Chlamydiae; c__Chlamydiia; o__Chlamydiales; f__Parachlamydiaceae	1.0
9dd55b320b3e160c9de50ac1fffe38ee	k__Bacteria; p__Proteobacteria; c__Alphaproteobacteria; o__Rhizobiales; f__Hyphomicrobiaceae; g__Hyphomicrobium; s__	1.0
25f34278b1e0146b5525b846bd69afbe	k__Bacteria; p__Bacteroidetes; c__Cytophagia; o__Cytophagales; f__Cytophagaceae; g__; s__	1.0
af43c9b67c5c4c490a457d7a578ce23e	k__Bacteria; p__Proteobacteria; c__Deltaproteobacteria; o__; f__; g__; s__	1.0
9e0696328ac819ed9d5d39c1d7cbb224	k__Bacteria; p__Bacteroidetes; c__[Saprospirae]; o__[Saprospirales]; f__Chitinophagaceae; g__; s__	0.6
11136cb54c8489e4ccae585a6cc0705e	k__Bacteria; p__Proteobacteria; c__Gammaproteobacteria; o__Legionellales; f__Coxiellaceae; g__; s__	1.0
ed8c432950a3610b4b196c871b696f52	k__Bacteria; p__Proteobacteria; c__Betaproteobacteria; o__Rhodocyclales; f__Rhodocyclaceae; g__Sulfuritalea; s__	0.6
d293b1f1443e5668694d240b2f5b6156	k__Bacteria; p__Firmicutes; c__Clostridia; o__SHA-98; f__; g__; s__	1.0
adc21a7bf2ca47de8c2ab05bf7d3a1fb	k__Bacteria; p__Firmicutes; c__Clostridia; o__Clostridiales; f__Ruminococcaceae; g__; s__	0.9
bc80b8ede366a4f68bd89b91adbf77f1	k__Bacteria; p__Actinobacteria; c__Actinobacteria; o__Actinomycetales; f__Nocardioidaceae; g__Aeromicrobium; s__	1.0
e0e54e405fdf44f45d438153b1816ef1	k__Bacteria; p__Cyanobacteria; c__Synechococcophycideae; o__Pseudanabaenales; f__Pseudanabaenaceae; g__Leptolyngbya; s__	1.0
58ecd6d40784ac3b0129fc923274086f	k__Bacteria; p__Cyanobacteria	1.0
c5df1dbae15047aca722fb69073b9a0f	k__Bacteria; p__Firmicutes; c__Clostridia; o__Clostridiales; f__[Tissierellaceae]	0.8
2153b91a792767bc9ef35d6b130edc0f	k__Bacteria; p__Proteobacteria; c__Alphaproteobacteria; o__Sphingomonadales; f__Sphingomonadaceae; g__Sphingobium; s__	1.0
c06aa7118d7a36d3a9d248f8102dee51	k__Bacteria; p__Proteobacteria; c__Betaproteobacteria	1.0
e63749442a35549fa42d57bd66b8fe11	k__Bacteria; p__Proteobacteria; c__Alphaproteobacteria; o__Rickettsiales; f__mitochondria; g__Phytophthora	0.75
55c4eb48df7a068545d9663f0b5ea235	k__Bacteria; p__Planctomycetes; c__Planctomycetia; o__Pirellulales; f__Pirellulaceae; g__; s__	1.0
cbdd9380eef8583cec32b5d528369c91	k__Bacteria; p__Proteobacteria; c__Betaproteobacteria; o__Burkholderiales; f__Comamonadaceae; g__; s__	1.0
43ccbdb0319df955ba84186392406246	k__Bacteria; p__OD1; c__ZB2; o__; f__; g__; s__	1.0
76e4539027c481fa38e7867c3c5b1cae	k__Bacteria; p__Proteobacteria	0.9
233fc9d4c6666af2025e4393238a1632	k__Bacteria; p__Cyanobacteria; c__Synechococcophycideae; o__Synechococcales; f__Synechococcaceae; g__Synechococcus; s__	1.0
9c3c643c0177e74fd9f7290ba4e3208c	k__Bacteria; p__Proteobacteria	1.0
16da56bd1a8cd6d5c38a128a7efcc853	k__Bacteria; p__Bacteroidetes; c__[Saprospirae]; o__[Saprospirales]; f__Chitinophagaceae; g__; s__	1.0
ca30f3a459b5af876312eaba66c62b2d	k__Bacteria; p__Proteobacteria; c__Alphaproteobacteria; o__Rickettsiales; f__Rickettsiaceae; g__; s__	0.8
99b6b8e1c41f8a0dbd8fa884fe2f4928	k__Bacteria; p__Proteobacteria; c__Alphaproteobacteria; o__Rickettsiales; f__Rickettsiaceae; g__; s__	1.0
3d19e013c683c7685584a4b28d8e40a2	k__Bacteria; p__Proteobacteria; c__Betaproteobacteria; o__Burkholderiales; f__Comamonadaceae; g__; s__	0.6
488ba3f13e1dc6398de0cfd276843955	k__Bacteria; p__Proteobacteria; c__Alphaproteobacteria; o__Rhodobacterales; f__Rhodobacteraceae; g__Rhodobacter; s__	0.9
2eb163e0bbf059f281f33d07da7c31a2	k__Bacteria; p__Bacteroidetes; c__Flavobacteriia; o__Flavobacteriales; f__Flavobacteriaceae; g__Flavobacterium; s__	1.0
4c428d31ed7d5d6aa7bbdab092c10102	k__Bacteria; p__Verrucomicrobia; c__[Pedosphaerae]; o__[Pedosphaerales]; f__[Pedosphaeraceae]	0.6
ed31b383c946401e8fc47974c7e6cc8e	k__Bacteria; p__Verrucomicrobia; c__[Spartobacteria]; o__[Chthoniobacterales]; f__[Chthoniobacteraceae]; g__; s__	0.9
86bc8794ecab07789b1baf8c3daafec4	k__Bacteria; p__Proteobacteria; c__Alphaproteobacteria; o__Rhodobacterales; f__Hyphomonadaceae; g__; s__	0.6
ef59f4008980e24f206205bc4ec2695f	k__Bacteria; p__Proteobacteria; c__Alphaproteobacteria; o__; f__; g__; s__	1.0
76eac51259048133efc9a76d1f6209ad	k__Bacteria; p__Firmicutes; c__Clostridia; o__Clostridiales; f__; g__; s__	1.0
9d2502e3a5da5fa8bed33ba5c6c7877b	k__Bacteria; p__Proteobacteria; c__Alphaproteobacteria; o__Rhodospirillales	0.9
58688850c0678c835f69243d9668ea10	k__Bacteria; p__Proteobacteria; c__Betaproteobacteria; o__Burkholderiales; f__; g__; s__	0.7
3a5b37a11d719830ce2f61b170aebd33	k__Bacteria; p__Proteobacteria	0.8
52b2ee5ee8eda53b389e17aed533ad7b	k__Bacteria; p__Proteobacteria; c__Betaproteobacteria; o__Burkholderiales; f__Comamonadaceae; g__; s__	0.7
633d3296c92490a556f8ef5c91a0b99c	k__Bacteria; p__Proteobacteria; c__Betaproteobacteria; o__MND1; f__; g__; s__	0.7
1e3d72167431653e4fed60bd923a4a55	k__Bacteria	1.0
0649a187b38a4d6ca2b60324bfd62c20	k__Bacteria; p__Proteobacteria; c__TA18; o__PHOS-HD29; f__; g__; s__	0.6
308e2114a6330a08324d3574633682aa	k__Bacteria; p__Spirochaetes; c__[Leptospirae]; o__[Leptospirales]; f__Leptospiraceae; g__Leptospira; s__	1.0
8ce3e9688ee9cf0f8707d58bfa1db673	k__Bacteria; p__TM6; c__SJA-4; o__; f__; g__; s__	1.0
3aa89691a4d5935153c1718532eca7e1	k__Bacteria; p__Bacteroidetes; c__Flavobacteriia; o__Flavobacteriales; f__Cryomorphaceae; g__; s__	1.0
66c8d8735aa34c20a827094e62946d49	k__Bacteria; p__Actinobacteria; c__Acidimicrobiia; o__Acidimicrobiales; f__C111; g__; s__	1.0
d5a2808ba6c269b511e76afa5dab22d2	k__Bacteria; p__Proteobacteria; c__Alphaproteobacteria; o__Rickettsiales; f__; g__; s__	1.0
4a89994a0e0cef6e6250a646363b1195	Unassigned	0.0
4d7c27965b16d0adcb44473a2d21e51a	Unassigned	0.0
b8ab3a5a8885bb4789affa13a3c4cbe8	k__Bacteria	1.0
56749139fd78af69db92425dd66676fa	k__Bacteria; p__Proteobacteria; c__Deltaproteobacteria; o__Myxococcales; f__Haliangiaceae; g__; s__	1.0
fc6a5d88bfcffd8a127a624d0c3dcd77	k__Bacteria; p__OP11; c__WCHB1-64; o__K2-4-19; f__; g__; s__	0.7
476a44cb9f4ba3787a730b37b54dfff5	k__Bacteria; p__Fibrobacteres; c__TG3; o__TG3-1; f__; g__; s__	0.6
8cfc45c17deeb0ff56789bb7dcffb228	Unassigned	0.0
ce513bfe5f9dd10e1e6d9267f70e0780	k__Bacteria; p__Proteobacteria; c__Gammaproteobacteria; o__Legionellales; f__Coxiellaceae; g__; s__	1.0
3b2af2ec1715edfb9f51306fd6ce8347	k__Bacteria; p__Proteobacteria; c__Alphaproteobacteria; o__Rhizobiales	0.9
698fc062c8285e557b0667e1175a2d5f	k__Bacteria; p__Bacteroidetes; c__Flavobacteriia; o__Flavobacteriales; f__Flavobacteriaceae; g__Flavobacterium; s__columnare	1.0
b467ebd3faf77954ae1ee26fab44e9d8	k__Bacteria; p__Cyanobacteria; c__Chloroplast; o__Chlorophyta; f__Chlamydomonadaceae	0.6
01a0028ade82f97b14a02d30b2fffae4	k__Bacteria; p__Bacteroidetes; c__[Saprospirae]; o__[Saprospirales]; f__Saprospiraceae; g__; s__	1.0
e9aa4f61bdc7318b836dab86beff07cb	k__Bacteria; p__Bacteroidetes; c__Flavobacteriia; o__Flavobacteriales; f__Flavobacteriaceae; g__Flavobacterium; s__	1.0
66a7ca5497621d10c222b859feaf4575	k__Bacteria; p__SR1; c__; o__; f__; g__; s__	1.0
ee70a952ef9189576ad08af53759fdca	k__Bacteria; p__Proteobacteria; c__Alphaproteobacteria; o__Rhodobacterales; f__Hyphomonadaceae; g__; s__	0.9
a92d641297c787ed6b0afbd9263c42a6	k__Archaea; p__[Parvarchaeota]; c__[Parvarchaea]; o__WCHD3-30; f__; g__; s__	1.0
7cbbc08ae904cfb05abb43b6926fb5ff	k__Bacteria; p__OD1; c__; o__; f__; g__; s__	1.0
94abba114cdb65d2ce4841bc5bcab06e	k__Bacteria; p__Proteobacteria; c__Betaproteobacteria	0.7
17db038655816c2be0904ff3afc65351	k__Bacteria; p__Gemmatimonadetes; c__Gemm-1; o__; f__; g__; s__	1.0
f64658e2e7326f81f7b50e0cdb31ebd0	k__Bacteria; p__Cyanobacteria; c__Chloroplast; o__Stramenopiles; f__; g__; s__	1.0
5721b504409581cb57a67db05b789093	k__Bacteria; p__Bacteroidetes; c__Sphingobacteriia; o__Sphingobacteriales; f__; g__; s__	1.0
e62e40de686a5d2a3b044d881907250d	k__Bacteria; p__Proteobacteria; c__Alphaproteobacteria; o__RF32; f__; g__; s__	1.0
388a4eee99fea3261df483a9df155bd5	k__Bacteria; p__Proteobacteria; c__Alphaproteobacteria	1.0
5aece2acb83beb53faa16e04a5d50a7a	k__Bacteria; p__Proteobacteria; c__Alphaproteobacteria; o__Rhizobiales; f__Rhizobiaceae	1.0
582aa6c334cc4a7ca853fc2408f1b673	k__Bacteria; p__Firmicutes; c__Clostridia; o__Clostridiales; f__Ruminococcaceae; g__; s__	0.9
2f82816240bc939fefa9bf1e651ed1f8	k__Bacteria; p__Proteobacteria; c__Deltaproteobacteria; o__Myxococcales; f__; g__; s__	0.9
a0864a3654ad7a3d3caa9d916ab05c59	k__Bacteria; p__Proteobacteria; c__Alphaproteobacteria; o__Rickettsiales; f__mitochondria; g__; s__	1.0
cae9560fa7cf9dbf71a32bf35db49449	k__Bacteria; p__Planctomycetes; c__Planctomycetia; o__Gemmatales; f__Isosphaeraceae; g__; s__	1.0
60a3db203860ac9e08a29d740214ba1e	k__Bacteria; p__Proteobacteria; c__Alphaproteobacteria; o__Rhizobiales; f__; g__; s__	0.6
b20a1bb4181dbebf4391f8c832ef295c	k__Bacteria; p__Proteobacteria; c__Gammaproteobacteria; o__Xanthomonadales; f__Xanthomonadaceae; g__; s__	0.9
65f09842beb1919120145d7ccb4f7174	k__Bacteria; p__Proteobacteria; c__Deltaproteobacteria; o__Spirobacillales; f__; g__; s__	0.9
671df6d80551a3c286071acee98ce31e	k__Bacteria; p__Firmicutes; c__Clostridia; o__Clostridiales; f__[Tissierellaceae]	0.7
6508736ddb605c543fc3608a483677f4	k__Bacteria; p__Proteobacteria; c__Alphaproteobacteria; o__Caulobacterales; f__Caulobacteraceae; g__; s__	0.7
69f0e5d7b97515249f9c760d365560df	Unassigned	0.0
526158dea312bcd42042ff8ae4177516	k__Bacteria; p__Proteobacteria; c__Deltaproteobacteria; o__Spirobacillales; f__; g__; s__	1.0
44dbaa6a9ada2817aa02ede3780391ed	k__Bacteria; p__TM6; c__SJA-4; o__; f__; g__; s__	1.0
b1c783208c412ddb4abca1e98ddaa701	k__Bacteria; p__Proteobacteria; c__Alphaproteobacteria; o__; f__; g__; s__	0.7
9a8e4977fa553fbcb074e90f6acfc757	k__Bacteria; p__Firmicutes; c__Clostridia; o__Clostridiales; f__Peptostreptococcaceae; g__; s__	0.9
94e8322313e5544997443bce1fe922d7	k__Bacteria; p__Proteobacteria; c__Gammaproteobacteria; o__Legionellales; f__; g__; s__	0.9
deba1c604cf23dabe750516788a55391	k__Bacteria; p__Verrucomicrobia; c__Opitutae; o__Opitutales; f__Opitutaceae; g__Opitutus; s__	0.9
aae9b09d1c64daf6959356c682e8af33	k__Bacteria; p__Proteobacteria; c__Gammaproteobacteria; o__Legionellales; f__Coxiellaceae; g__; s__	0.8
591a35c31b025300a0142a315c3789f0	k__Bacteria; p__Firmicutes; c__Bacilli; o__Bacillales; f__Planococcaceae	0.6
61d91c11070495efe4b19aeedd8d628a	k__Bacteria; p__OD1; c__ZB2; o__; f__; g__; s__	1.0
11e72acdd7af886d7c1bf32c1fc3fdcf	k__Bacteria; p__Chlorobi; c__OPB56; o__; f__; g__; s__	1.0
72052550619bac09835d2a6de0fdf975	k__Bacteria; p__Cyanobacteria; c__Synechococcophycideae; o__Synechococcales; f__Chamaesiphonaceae; g__; s__	0.6
54c217f91d7e9f64d624d6647f314f0b	k__Bacteria; p__Cyanobacteria; c__ML635J-21; o__; f__; g__; s__	0.9
887f149be00ef3c7390e6a0c015aa4eb	k__Bacteria; p__Proteobacteria; c__Gammaproteobacteria; o__Xanthomonadales; f__Xanthomonadaceae	1.0
f4498bb75cec7e2c2c5a46e6b111add9	k__Bacteria; p__Bacteroidetes; c__Cytophagia; o__Cytophagales; f__Cytophagaceae; g__; s__	1.0
73b7f28db33443c4c4ddc24c12009759	k__Bacteria; p__Proteobacteria; c__Betaproteobacteria; o__Methylophilales; f__Methylophilaceae; g__; s__	0.9
255607f74369bed79679cbca51e74348	k__Bacteria; p__Bacteroidetes; c__VC2_1_Bac22; o__; f__; g__; s__	0.6
2a9fbb5a0f56539f2d743656b1b60b95	k__Bacteria; p__Gemmatimonadetes; c__Gemmatimonadetes; o__Gemmatimonadales; f__Gemmatimonadaceae; g__Gemmatimonas; s__	1.0
f16173d7bb6587542d9ae2bd2de127c9	k__Bacteria; p__Planctomycetes; c__Planctomycetia; o__Pirellulales; f__Pirellulaceae; g__; s__	1.0
4c13d27600b83ed12b00de3f244b44df	Unassigned	0.0
6295f4a1f3600af7f1cde0e5eb9ce761	k__Bacteria; p__Proteobacteria; c__Deltaproteobacteria; o__Myxococcales; f__OM27; g__; s__	1.0
58d95b44d89923e8d8863f8fca99f4a0	k__Bacteria; p__Proteobacteria; c__Alphaproteobacteria	1.0
331b85f5a45e3cf36c9e8fa5c0f2ef3f	k__Bacteria; p__Verrucomicrobia; c__Opitutae; o__Opitutales; f__Opitutaceae; g__Opitutus; s__	1.0
abdd1e1e339ff45226ca9abef3f5284a	k__Bacteria; p__Proteobacteria; c__Alphaproteobacteria; o__Sphingomonadales; f__Sphingomonadaceae; g__Blastomonas	0.7
22e1c335ea5139345437afb020a11d0b	k__Bacteria; p__Bacteroidetes; c__Sphingobacteriia; o__Sphingobacteriales; f__; g__; s__	0.8
87c0cf0475c03ae20dde1f08b082678d	k__Bacteria; p__Proteobacteria; c__Deltaproteobacteria; o__Bdellovibrionales; f__Bdellovibrionaceae; g__Bdellovibrio; s__	0.9
9e3919f2001ecae2b47f398362a318ae	k__Bacteria; p__Cyanobacteria; c__Chloroplast; o__Cryptophyta; f__; g__; s__	1.0
6a35a5fa875bba4ff3a911a977dec8fc	k__Bacteria; p__Proteobacteria; c__Gammaproteobacteria; o__Xanthomonadales; f__Xanthomonadaceae; g__; s__	1.0
a5a7f1aa54ae5c5f8147f28e4150efa8	k__Bacteria; p__Proteobacteria; c__Alphaproteobacteria; o__Rhodobacterales; f__Hyphomonadaceae; g__; s__	0.9
175cdbce21a14fab8cfa820bc6f5df7e	k__Bacteria; p__Cyanobacteria; c__Chloroplast; o__Euglenozoa; f__; g__; s__	1.0
35796b14cf034e61e47963b413784088	k__Bacteria; p__OD1; c__ABY1; o__; f__; g__; s__	1.0
d64462c76723bc9002d0b571ee43f43f	k__Bacteria; p__Cyanobacteria; c__Chloroplast; o__Chlorophyta; f__Trebouxiophyceae	0.7
7b4dcf8b30caf42bed2854cec3ef1a45	k__Bacteria; p__Cyanobacteria; c__Chloroplast; o__Cryptophyta; f__; g__; s__	1.0
aa2383160062de8f9bdcd89ed0390b9c	k__Bacteria; p__Actinobacteria; c__Actinobacteria; o__Actinomycetales; f__; g__; s__	0.9
85d35e28c368fa51c53373625f6c2af9	k__Bacteria; p__OD1; c__; o__; f__; g__; s__	0.9
992937b82c761094a62a177b9c7782f5	k__Bacteria; p__Bacteroidetes; c__Flavobacteriia; o__Flavobacteriales; f__[Weeksellaceae]; g__Cloacibacterium; s__	1.0
3d8be8da725a7def42e5895c3e02a2a3	k__Bacteria; p__Proteobacteria; c__Alphaproteobacteria; o__Rhizobiales; f__; g__; s__	0.6
cee4c19cb9dcce888bad2c9e6be9c19b	k__Bacteria; p__Proteobacteria; c__Alphaproteobacteria; o__Rhizobiales; f__Hyphomicrobiaceae; g__Rhodoplanes; s__	1.0
cfb26530a1ed736ec8fa7f1c15cbc137	k__Bacteria; p__Chloroflexi; c__Chloroflexi; o__[Roseiflexales]; f__[Kouleothrixaceae]; g__; s__	0.8
103486599f8748192250d868422642fe	k__Bacteria; p__Proteobacteria; c__Gammaproteobacteria; o__Alteromonadales; f__[Chromatiaceae]; g__Rheinheimera; s__	1.0
c365a5c03fe7f7a604b705e61a65bf0a	k__Bacteria; p__Firmicutes; c__Clostridia; o__Clostridiales; f__Clostridiaceae; g__; s__	0.6666666666666666
958103e39f6dd715a7c3976d6e26100b	k__Bacteria; p__Proteobacteria; c__Alphaproteobacteria; o__Rhizobiales; f__; g__; s__	0.9
63e898d01af95f24c2e1890997bc1293	k__Bacteria; p__Firmicutes; c__Erysipelotrichi; o__Erysipelotrichales; f__Erysipelotrichaceae; g__PSB-M-3; s__	0.6
79102f7aa5df6e87949abef3995af6e3	k__Bacteria; p__Planctomycetes; c__Planctomycetia; o__Gemmatales; f__Isosphaeraceae; g__; s__	1.0
4f423315d970e1bee77feaf2607be7c6	Unassigned	0.0
f0efc4b017851ca76728bf62f027d3ef	k__Bacteria; p__Proteobacteria; c__Betaproteobacteria; o__Burkholderiales; f__Comamonadaceae; g__; s__	0.6
943ea023176ea0b6c34325720d41421a	Unassigned	0.0
f5c434ae4ea88afc41223c43bb639965	k__Bacteria; p__Proteobacteria; c__Gammaproteobacteria; o__Legionellales; f__Legionellaceae; g__Legionella	0.6
a96f0684d199778d403b9036af7af7e7	k__Bacteria; p__Planctomycetes; c__OM190; o__agg27; f__; g__; s__	1.0
2b1124c883cf5a60f1b799dc80ce49b8	k__Bacteria; p__Proteobacteria; c__Alphaproteobacteria; o__Rhodospirillales; f__Acetobacteraceae; g__; s__	0.9
21711a28fddb39add39fb5e758693265	k__Bacteria; p__Proteobacteria; c__Gammaproteobacteria; o__Legionellales; f__Legionellaceae; g__; s__	0.6
72dbfee5abbc22df81347bf432ef481c	k__Bacteria; p__Proteobacteria; c__Alphaproteobacteria; o__Rickettsiales; f__; g__; s__	0.7
e3427cd5ad5e5be50bd0caf757b6fc36	k__Bacteria; p__Proteobacteria; c__Betaproteobacteria; o__Burkholderiales; f__Comamonadaceae	0.9
c1862f065eba95e405ad024b7e329aa7	k__Bacteria; p__Bacteroidetes; c__[Saprospirae]; o__[Saprospirales]; f__Chitinophagaceae; g__; s__	0.8
b2f0b5ff1d84f0a82880b30000b1151c	k__Bacteria; p__Bacteroidetes; c__Flavobacteriia; o__Flavobacteriales; f__Flavobacteriaceae; g__Flavobacterium; s__	1.0
4563f10ce703e341e92f90605d17d575	k__Bacteria; p__Firmicutes; c__Clostridia; o__Clostridiales; f__Clostridiaceae; g__; s__	0.9
5bbadd86951507e3c9554f7074a518dc	k__Bacteria; p__Bacteroidetes; c__[Saprospirae]; o__[Saprospirales]; f__Chitinophagaceae; g__; s__	1.0
5d9f03b73e4a508510d106957f694074	k__Bacteria; p__Proteobacteria; c__Gammaproteobacteria; o__Methylococcales; f__Crenotrichaceae; g__Crenothrix; s__	0.7
ec85d5e13123256687c1125a53e3bb5d	k__Bacteria; p__Proteobacteria; c__Gammaproteobacteria; o__Methylococcales; f__Methylococcaceae; g__Methylocaldum; s__	0.7
b1dec6db9f8fdfaeef7c9cf1225cd419	k__Bacteria; p__Proteobacteria; c__Alphaproteobacteria; o__Rhizobiales; f__Rhizobiaceae	1.0
65f15f8d04feb1f305fbec35554eecf7	k__Bacteria; p__Actinobacteria; c__; o__; f__; g__; s__	0.6
c57c05a7376ed8d54cd371ceea23b4aa	k__Bacteria; p__Proteobacteria; c__Alphaproteobacteria; o__Sphingomonadales; f__Sphingomonadaceae; g__Blastomonas; s__	0.6
5724862f84f5b1ff639da3a9cdec3fdc	k__Bacteria; p__Actinobacteria; c__Acidimicrobiia; o__Acidimicrobiales; f__C111; g__; s__	0.9
a8261acaafd852078a65b102a1788bc1	k__Bacteria; p__Cyanobacteria; c__Oscillatoriophycideae; o__Chroococcales	0.6
210957bc20681d943b4b5e703b85bc72	k__Bacteria; p__Proteobacteria; c__Gammaproteobacteria; o__Chromatiales; f__Chromatiaceae; g__; s__	0.8
0090a405e8b7592bd5f07cc6814cd60f	k__Bacteria; p__Planctomycetes; c__Planctomycetia; o__Pirellulales; f__Pirellulaceae; g__; s__	1.0
9d37c96c86cbf3bc6f7f73ea951c440a	k__Bacteria; p__Proteobacteria; c__Gammaproteobacteria; o__Legionellales; f__Coxiellaceae; g__; s__	0.7
6b209d55df7198ffef5e04bad4ec1a1b	k__Bacteria; p__Planctomycetes; c__Planctomycetia; o__Planctomycetales; f__Planctomycetaceae; g__Planctomyces; s__	1.0
9cf6d9880a933bdb1204f9e2bb9d5538	k__Bacteria	1.0
bc754e6caf6107a4adc2b92faedb5b9f	k__Bacteria; p__Proteobacteria; c__Alphaproteobacteria; o__Rickettsiales; f__; g__; s__	1.0
430bc8564f9b0fcc2a0e79bf5012f028	k__Bacteria; p__Proteobacteria; c__Betaproteobacteria; o__Rhodocyclales; f__Rhodocyclaceae	0.7
5ce69974dad2635b2aa69af76a75858f	k__Bacteria; p__Actinobacteria; c__Actinobacteria; o__Actinomycetales; f__; g__; s__	0.9
660db7041719750f9cdcfe9dcb3f55df	k__Bacteria; p__Cyanobacteria; c__Chloroplast; o__Stramenopiles; f__; g__; s__	1.0
ad84fbfcd7c1ff70200117f1de9a7916	k__Bacteria; p__Proteobacteria; c__Gammaproteobacteria; o__Pseudomonadales; f__Moraxellaceae; g__Perlucidibaca; s__	1.0
f658aebacd5ca5044dca76bb9058931e	k__Bacteria; p__Proteobacteria; c__Alphaproteobacteria; o__Rickettsiales; f__; g__; s__	1.0
1121b8c78f22b623df1b882b00e2e564	k__Bacteria; p__Proteobacteria; c__Gammaproteobacteria; o__[Marinicellales]; f__[Marinicellaceae]; g__; s__	1.0
954b0ad6ac2c4b59aca182481658bc19	k__Bacteria; p__Proteobacteria; c__Betaproteobacteria; o__Neisseriales; f__Neisseriaceae; g__Vogesella; s__	0.9
d2498ef0d44afdd42d7d80455810b609	k__Bacteria; p__Proteobacteria; c__Alphaproteobacteria; o__Sphingomonadales; f__Sphingomonadaceae; g__Sphingomonas; s__wittichii	0.8
7416656ec9ae620c46c2332ac3b93a42	k__Bacteria; p__Cyanobacteria; c__Chloroplast; o__Chlorophyta; f__Chlamydomonadaceae	0.6
9315a3a28026211facc9d7c64d1a9cc7	k__Bacteria; p__Proteobacteria; c__Alphaproteobacteria	1.0
6d1c8b373d9eade3e7c64a386e57eece	k__Bacteria; p__Proteobacteria; c__Alphaproteobacteria; o__Rhodospirillales; f__Rhodospirillaceae; g__; s__	0.9
2f4c2c402d7717a1a4e9a7253712fdeb	k__Bacteria; p__TM6; c__SJA-4; o__; f__; g__; s__	0.8
cd04e9d862d579e377820df762908445	k__Bacteria; p__Firmicutes; c__Clostridia; o__Clostridiales	0.9
0a511240eb4dc5254143e1b7c9178e5f	k__Bacteria; p__Actinobacteria; c__Actinobacteria; o__Actinomycetales; f__Microbacteriaceae; g__; s__	0.6
fc0d128aa44cdfdb35fc4001696cb160	k__Bacteria; p__Verrucomicrobia; c__Verrucomicrobiae; o__Verrucomicrobiales; f__Verrucomicrobiaceae; g__; s__	0.9
126aadfe430e34b47754c48f2c833da7	k__Bacteria; p__Bacteroidetes; c__Cytophagia; o__Cytophagales; f__Cytophagaceae; g__; s__	1.0
124117fd620310f23b0984b87f8f2639	k__Bacteria; p__Proteobacteria; c__Alphaproteobacteria; o__Rhodobacterales; f__Rhodobacteraceae; g__; s__	0.8
51a7daf606ff42d5921fc8c73f006811	k__Bacteria; p__Proteobacteria; c__Gammaproteobacteria; o__Methylococcales; f__Methylococcaceae; g__Methylomonas; s__	1.0
015160454975b48051ef2186f7264503	k__Bacteria; p__Gemmatimonadetes; c__Gemm-1; o__; f__; g__; s__	1.0
93de09c889466a10c5b71766f42cf95a	k__Bacteria; p__Proteobacteria; c__Deltaproteobacteria; o__Spirobacillales; f__; g__; s__	1.0
20730160e137b74dcca59b4d35dc449c	k__Bacteria; p__Verrucomicrobia; c__Verruco-5; o__SS1-B-03-39; f__; g__; s__	1.0
fd03be08fab390762bd3c3bf1ee49ff8	k__Bacteria; p__Bacteroidetes; c__Sphingobacteriia; o__Sphingobacteriales; f__; g__; s__	1.0
77a7600d784a71930bf3c1c286a1b1e6	k__Bacteria; p__Proteobacteria; c__Alphaproteobacteria; o__Rickettsiales; f__Rickettsiaceae; g__Rickettsia; s__	0.6
11dc6134d149d17cd9c24d6069527ed5	Unassigned	0.0
22c5f57b97e4789952610a23506a90e5	k__Bacteria; p__Proteobacteria; c__Betaproteobacteria; o__Burkholderiales; f__Alcaligenaceae; g__; s__	0.9
4b238ebedfd7549f4d10923a54668e95	k__Bacteria; p__Proteobacteria; c__Betaproteobacteria; o__Burkholderiales; f__; g__; s__	0.6
140fa783f5e245bc3fdca1d12d29cbbe	k__Bacteria; p__Firmicutes; c__Clostridia; o__Clostridiales; f__Ruminococcaceae; g__; s__	0.9
b099626a69d339b2104f5a94971d3d03	k__Bacteria; p__Proteobacteria; c__Alphaproteobacteria; o__Rhizobiales; f__; g__; s__	1.0
ceeddf1d0c8827cdff7e2ab8cb78d0f7	k__Bacteria; p__Proteobacteria; c__Deltaproteobacteria; o__Myxococcales; f__Haliangiaceae; g__; s__	0.9
c0979276fefba743d9b2937202a0f76d	k__Bacteria; p__Bacteroidetes; c__Sphingobacteriia; o__Sphingobacteriales; f__; g__; s__	0.8
4c8b2b88cc7a72d16b07ff8fe21ca402	k__Bacteria; p__Cyanobacteria; c__Synechococcophycideae; o__Pseudanabaenales; f__Pseudanabaenaceae; g__Pseudanabaena; s__	1.0
d6a221a417e054db3e69c9a73219ba9e	k__Bacteria; p__Actinobacteria; c__Actinobacteria; o__Actinomycetales	0.9
9de7753cf480d9d3192fea9f51471fab	k__Bacteria; p__Cyanobacteria; c__Chloroplast; o__Stramenopiles; f__; g__; s__	1.0
1b28fcec13ad855844d0e3ee97a28653	k__Bacteria; p__Acidobacteria; c__[Chloracidobacteria]; o__RB41; f__Ellin6075; g__; s__	1.0
875de309097be859158e113a421cb938	k__Bacteria; p__Proteobacteria; c__Gammaproteobacteria; o__Legionellales; f__; g__; s__	0.8
628f8b2d60e6fb69a692ba155cb320e5	k__Bacteria; p__Proteobacteria; c__Alphaproteobacteria; o__Rhizobiales; f__; g__; s__	0.7
b357103fff9940263ed42317794c02de	k__Bacteria; p__Proteobacteria; c__Gammaproteobacteria; o__Xanthomonadales; f__Sinobacteraceae; g__; s__	0.8
cfafa1180f92470f48e2d147ada037ea	k__Bacteria; p__Gemmatimonadetes; c__Gemmatimonadetes	1.0
c26ac453663cb914c5e0f7c20ed74d9e	k__Archaea; p__[Parvarchaeota]; c__[Parvarchaea]; o__WCHD3-30; f__; g__; s__	1.0
82a62328af106f9a1580c4bd365bb650	k__Bacteria; p__Bacteroidetes; c__[Saprospirae]; o__[Saprospirales]; f__Saprospiraceae; g__; s__	1.0
12179ab596f800d7025270286ea63558	k__Bacteria; p__Proteobacteria	1.0
f4dda1643c240c09c7acc917419c5b7b	k__Bacteria; p__Planctomycetes; c__OM190; o__CL500-15; f__; g__; s__	1.0
1f5d64c7ae192574af09555f414c5826	k__Bacteria; p__Proteobacteria; c__Gammaproteobacteria; o__Enterobacteriales; f__Enterobacteriaceae; g__Plesiomonas	0.6
671ded0a2b2e4acea0f201bed044de61	k__Bacteria; p__Proteobacteria; c__Alphaproteobacteria; o__Rhodobacterales; f__Rhodobacteraceae; g__Rhodobacter; s__	0.7
e771723f341172f317dfe53283097cf7	k__Bacteria; p__Planctomycetes; c__Planctomycetia; o__Pirellulales; f__Pirellulaceae; g__; s__	1.0
4357aaa9556668b717d8f61c33d3681a	k__Bacteria; p__Bacteroidetes; c__[Saprospirae]; o__[Saprospirales]; f__Saprospiraceae; g__; s__	1.0
dbfb1cbf7baf427d062cddba2fe07203	k__Bacteria; p__OD1; c__ZB2; o__; f__; g__; s__	1.0
d49721b69cec464792a273f1fba38425	k__Bacteria; p__Proteobacteria; c__Gammaproteobacteria; o__Alteromonadales; f__Alteromonadaceae; g__BD2-13; s__	0.9
ea76b97b3dd7dcf6923ec37a032c916d	Unassigned	0.0
0bc6c0acb850977595cc71ba80613eaa	k__Bacteria; p__Tenericutes; c__Mollicutes; o__RF39; f__; g__; s__	1.0
47654e4a7292de1da9167f60db2bd3cb	k__Bacteria; p__Bacteroidetes; c__Cytophagia; o__Cytophagales; f__Cytophagaceae; g__Adhaeribacter; s__	0.8
f290e3ee54396757ef8557b3f871f6d9	k__Bacteria; p__Proteobacteria; c__Deltaproteobacteria; o__Syntrophobacterales; f__Syntrophobacteraceae; g__Syntrophobacter; s__	0.7
6dd1fdd36b5041b35905646c163c3361	k__Bacteria; p__Proteobacteria; c__Gammaproteobacteria; o__Alteromonadales; f__Alteromonadaceae; g__; s__	0.8
f852ff88a10c51ebfa9f8574ce1fd0b8	k__Bacteria; p__Firmicutes; c__Clostridia; o__Clostridiales; f__Clostridiaceae; g__; s__	0.9
fae8436749386fdb53c063e3d9cdd30e	k__Bacteria; p__Proteobacteria; c__Betaproteobacteria; o__Rhodocyclales; f__Rhodocyclaceae; g__Propionivibrio; s__	0.7
d33c4bc08d0411df59d11f128dcf1344	k__Bacteria; p__Proteobacteria; c__Alphaproteobacteria; o__; f__; g__; s__	1.0
04060643e3e47fb786c2a9dd4cc7f82c	k__Bacteria; p__Cyanobacteria; c__Chloroplast; o__Stramenopiles; f__; g__; s__	1.0
d2990a63cd693f038bf13cab4f60385f	k__Bacteria; p__Verrucomicrobia; c__[Spartobacteria]; o__[Chthoniobacterales]; f__[Chthoniobacteraceae]; g__Candidatus Xiphinematobacter; s__	0.9
83482d741e46c842c03ce9197a4642dc	Unassigned	0.0
28837192a337a92c0ecc0c876ed21796	k__Bacteria; p__Firmicutes; c__Clostridia; o__Clostridiales	0.8
f7ff6c253acbee664f61fe19ec9775dd	k__Bacteria; p__Actinobacteria; c__Actinobacteria; o__Actinomycetales; f__Micromonosporaceae; g__Actinoplanes; s__	1.0
831f0c2cd05335aadc6f79c103f96efe	k__Bacteria; p__Proteobacteria; c__Betaproteobacteria; o__Burkholderiales; f__Comamonadaceae; g__; s__	0.8
5a6c950273d010f0f788f04bb89687fe	k__Bacteria; p__Firmicutes; c__Clostridia; o__Clostridiales; f__Ruminococcaceae; g__; s__	1.0
5f9f5da50c418a5d1ef20600fda63e7b	k__Bacteria; p__Proteobacteria; c__Alphaproteobacteria; o__Sphingomonadales; f__Sphingomonadaceae; g__Sphingomonas; s__	1.0
877a63ca24eb4b9098fb46eb4ea76f2b	k__Bacteria; p__Actinobacteria; c__Thermoleophilia; o__Gaiellales; f__; g__; s__	1.0
1418493f38cedd24848d036d0d393abb	k__Bacteria; p__Proteobacteria; c__Alphaproteobacteria; o__Sphingomonadales; f__Sphingomonadaceae; g__Sphingomonas; s__	1.0
6efe623029ca3f0ec138c7bc638309b8	k__Bacteria; p__Proteobacteria; c__Alphaproteobacteria; o__Rhodospirillales; f__Rhodospirillaceae; g__; s__	0.8
d321af3077a896a497ec24f81553ebf3	k__Bacteria; p__Proteobacteria; c__Deltaproteobacteria; o__Myxococcales; f__; g__; s__	1.0
27fc03e9f3a5d5d6e53fe77bb9dc1bf2	Unassigned	0.0
84a70720146b22e415fb924e35aa6b95	k__Bacteria; p__Proteobacteria; c__Alphaproteobacteria; o__Rhodobacterales; f__Rhodobacteraceae	0.9
46ec2cdeca758db253805b48f4d63021	k__Bacteria; p__Proteobacteria; c__Deltaproteobacteria; o__Myxococcales; f__Haliangiaceae; g__; s__	1.0
3cd645cf3b505dfafb3c4d9ba9deed02	k__Bacteria; p__Bacteroidetes; c__Cytophagia; o__Cytophagales; f__Flammeovirgaceae	0.6
f87e6a56960b0cc994ba4bc42bff720a	k__Bacteria; p__Planctomycetes; c__Planctomycetia; o__Pirellulales; f__Pirellulaceae; g__; s__	1.0
cf5cdd41e538f8b51c5530028e0ecc8f	k__Bacteria; p__Verrucomicrobia; c__[Pedosphaerae]; o__[Pedosphaerales]; f__auto67_4W; g__; s__	1.0
1589ea9094f444a44f8542128b2a47a6	k__Bacteria; p__Bacteroidetes; c__[Saprospirae]; o__[Saprospirales]; f__Saprospiraceae; g__; s__	1.0
7050c1e9e3322e7422ff132a1ed3e573	k__Bacteria; p__Cyanobacteria; c__Oscillatoriophycideae; o__Chroococcales	0.6
9825b77d64b1842aafe8e0979e0ac1f9	Unassigned	0.0
a9c53d72d5288d980745fbd1c3dcb572	k__Bacteria; p__Proteobacteria; c__Betaproteobacteria; o__Rhodocyclales; f__Rhodocyclaceae; g__; s__	0.7
27272e52cc6d04dbd1c00cb837841389	k__Bacteria; p__Proteobacteria; c__Gammaproteobacteria; o__Methylococcales; f__Crenotrichaceae; g__Crenothrix	0.6
34b07d2b04917eee414d033c0feb4101	k__Bacteria; p__Chloroflexi; c__Anaerolineae; o__SBR1031; f__A4b; g__; s__	1.0
9975e62d0d5909c208f2bd19f3050610	k__Bacteria	1.0
31c24fedef630d0db3b3c5149321c6c8	k__Bacteria; p__Proteobacteria; c__Gammaproteobacteria; o__Xanthomonadales; f__Sinobacteraceae; g__; s__	1.0
f017afe84fd632bad50e4914173710bf	k__Bacteria; p__Proteobacteria; c__Gammaproteobacteria; o__Xanthomonadales; f__Sinobacteraceae; g__; s__	1.0
e4196d2c4c9c17895f2c3009d9a3a45e	k__Bacteria; p__Proteobacteria; c__Gammaproteobacteria; o__Legionellales; f__Coxiellaceae; g__; s__	0.6
c871ceef11b516190b1927fb0487481a	k__Bacteria; p__Proteobacteria; c__Alphaproteobacteria; o__Rickettsiales; f__Pelagibacteraceae; g__; s__	1.0
0b1d007ad31abb26f2259fc5e96152d7	k__Bacteria; p__Proteobacteria	0.75
f79b544feb5bf1a66999563551c05a29	k__Bacteria; p__Proteobacteria; c__Alphaproteobacteria; o__Sphingomonadales; f__Sphingomonadaceae	1.0
3779228cb2863f8a35ce57c0e010ec32	Unassigned	0.0
f3eef5d82558711cf0460ee7e8fba545	k__Bacteria; p__Proteobacteria; c__Alphaproteobacteria; o__Rhodospirillales; f__Rhodospirillaceae; g__; s__	0.6
b6f0092162840672ada4c231cc047ec8	k__Bacteria; p__Proteobacteria; c__Deltaproteobacteria; o__Spirobacillales; f__; g__; s__	1.0
52778d65152e2e4e6c9a9b714d7de583	k__Bacteria	1.0
3553b0f724ebf6918da184a0f7b17a3b	k__Bacteria; p__Firmicutes; c__Clostridia; o__Clostridiales; f__Ruminococcaceae; g__; s__	1.0
209c829e976c58552f6adbe3be1f72a7	k__Bacteria; p__Proteobacteria; c__Betaproteobacteria; o__Burkholderiales; f__Comamonadaceae; g__Hydrogenophaga; s__	0.9
128c9cc158ed7485c8813e76c14c2e22	Unassigned	0.0
cf007efb84b1ab1c87406f1e4d806a96	k__Bacteria; p__Verrucomicrobia; c__[Spartobacteria]; o__[Chthoniobacterales]; f__[Chthoniobacteraceae]; g__Candidatus Xiphinematobacter; s__	0.7
0e34354004c599fb11ff4c61f6efdfaf	k__Bacteria; p__Planctomycetes; c__Planctomycetia; o__Planctomycetales; f__Planctomycetaceae; g__Planctomyces; s__	1.0
8f8f20f9b1b579f9745bd3c9d51b1b45	k__Bacteria; p__Proteobacteria; c__Betaproteobacteria; o__Burkholderiales; f__Comamonadaceae	1.0
2488da7a20e3cbcdf1325ab81f5a4065	k__Bacteria; p__Planctomycetes; c__Planctomycetia; o__Gemmatales; f__Gemmataceae; g__; s__	1.0
7b422f1f818fd959e8162fcbc7106730	k__Bacteria; p__Nitrospirae; c__Nitrospira; o__Nitrospirales; f__[Thermodesulfovibrionaceae]; g__; s__	0.6
c58d8bd48f8127186a5ac11f74c5f4ab	k__Bacteria; p__Proteobacteria; c__Alphaproteobacteria; o__Rhodospirillales; f__Rhodospirillaceae; g__; s__	0.9
78ee5c79605ee8505744405df6279e72	k__Bacteria; p__Proteobacteria; c__Alphaproteobacteria; o__Rickettsiales; f__mitochondria	1.0
b0923ecbb03da05d083d67fa404a1043	k__Bacteria; p__Proteobacteria; c__Deltaproteobacteria; o__Spirobacillales; f__; g__; s__	1.0
1ca3a9a1bba75eb286e482e3e3f25c0a	k__Bacteria; p__Bacteroidetes; c__[Saprospirae]; o__[Saprospirales]; f__Chitinophagaceae; g__Sediminibacterium; s__	0.6
65d81c21c27023b26335f5f6dd66b054	k__Bacteria; p__Proteobacteria; c__Alphaproteobacteria; o__Rhodospirillales; f__Rhodospirillaceae; g__; s__	1.0
2308ed9c72a69047a5dc472c6df869b9	k__Bacteria; p__Verrucomicrobia; c__[Pedosphaerae]; o__[Pedosphaerales]	1.0
e0f947060a8b17fb07d331ab2563d528	k__Bacteria; p__Proteobacteria; c__Gammaproteobacteria; o__Methylococcales; f__Methylococcaceae	0.7
22558fbba95941fe894f6e58adb30588	k__Bacteria; p__Proteobacteria; c__Deltaproteobacteria; o__Myxococcales; f__; g__; s__	0.9
c5126c53b5411e7666a7b127b2b77433	k__Bacteria; p__Verrucomicrobia; c__[Spartobacteria]; o__[Chthoniobacterales]; f__[Chthoniobacteraceae]; g__; s__	1.0
f03f00b374eee05d73b80eef281d029f	k__Bacteria; p__Proteobacteria; c__Alphaproteobacteria; o__Rhizobiales; f__Hyphomicrobiaceae	1.0
d07f8b5b75cb76b58bc8c272381acb8b	k__Bacteria; p__Proteobacteria; c__Deltaproteobacteria; o__Myxococcales; f__; g__; s__	0.9
e61cfb54fea1d15272e8eec00eb8eb66	k__Bacteria; p__Armatimonadetes; c__Armatimonadia; o__Armatimonadales; f__Armatimonadaceae; g__; s__	0.8
885984f41348833cdb8c202ce83813b5	Unassigned	0.0
e9ed7afeaf8376103e1193c618942ef0	k__Bacteria; p__Bacteroidetes; c__[Saprospirae]; o__[Saprospirales]; f__Chitinophagaceae; g__; s__	1.0
5bf6f2dfcd8f34d7ce1c805060ca26ba	k__Bacteria; p__Proteobacteria; c__TA18; o__PHOS-HD29; f__; g__; s__	1.0
bc83d01a2f8b7ee3e4583940801f19b9	k__Bacteria; p__Cyanobacteria; c__Oscillatoriophycideae; o__Chroococcales	0.6
01246b9effd2e66179c7be82a3a79fad	k__Bacteria; p__Verrucomicrobia; c__Verrucomicrobiae; o__Verrucomicrobiales; f__Verrucomicrobiaceae; g__; s__	1.0
af59d86339211482281b8415f6ecf973	k__Bacteria; p__Proteobacteria; c__Alphaproteobacteria; o__Sphingomonadales; f__Sphingomonadaceae; g__Sphingomonas; s__wittichii	0.8
4a62d11928fbc363aab660885192282d	k__Bacteria; p__Proteobacteria; c__Alphaproteobacteria; o__Rhodobacterales; f__Hyphomonadaceae; g__; s__	0.6
54e289aa0d7defc2fc47bf907b8b9699	k__Bacteria; p__Proteobacteria; c__Betaproteobacteria; o__Procabacteriales; f__Procabacteriaceae; g__; s__	1.0
05ff25693860e578bbe67f001501e7d1	k__Bacteria; p__Proteobacteria; c__Gammaproteobacteria; o__Chromatiales	0.9
a4311723e4442d61bc9bf6047fd3eb35	k__Bacteria; p__Verrucomicrobia; c__Verrucomicrobiae; o__Verrucomicrobiales; f__Verrucomicrobiaceae; g__Verrucomicrobium; s__	1.0
24c10315c46790da15a447574fe7b37b	k__Bacteria; p__Cyanobacteria; c__Chloroplast; o__Streptophyta; f__; g__; s__	1.0
98b2140c554c620c9f618233baf10596	k__Bacteria; p__Proteobacteria; c__Gammaproteobacteria; o__Methylococcales; f__Crenotrichaceae; g__Crenothrix; s__	0.7
07aaac49bb257accd7e4b891cef6a972	k__Bacteria; p__Proteobacteria; c__Gammaproteobacteria; o__Legionellales; f__Legionellaceae	1.0
11ec760e005ed79894c5249c734c4b22	k__Bacteria; p__Proteobacteria; c__Deltaproteobacteria; o__; f__; g__; s__	1.0
0de0f8102897012950b4d1774483e16d	k__Bacteria; p__Proteobacteria; c__Deltaproteobacteria; o__MIZ46; f__; g__; s__	1.0
5735d57ef78849841f6adba665fa4a29	k__Bacteria; p__Proteobacteria; c__Alphaproteobacteria; o__Rickettsiales; f__; g__; s__	1.0
3d66fd4a55304f2871d5ef184087fa0f	k__Bacteria; p__Proteobacteria; c__Betaproteobacteria; o__Burkholderiales; f__Comamonadaceae	0.8
54480b9709a075940a7dfebd5404fae2	k__Bacteria; p__Proteobacteria; c__Gammaproteobacteria; o__Legionellales; f__Legionellaceae; g__; s__	0.8
e4e81ef585cd56e61499a50c054fe1a6	k__Bacteria; p__Proteobacteria; c__Alphaproteobacteria; o__Sphingomonadales; f__Sphingomonadaceae; g__Novosphingobium; s__	0.6
2149612ee0fcdf28ae7dff346cf45569	k__Bacteria; p__Verrucomicrobia; c__Verrucomicrobiae; o__Verrucomicrobiales; f__Verrucomicrobiaceae; g__; s__	1.0
4593a322b9ca51134bd6d8e0fa887155	k__Bacteria; p__TM6; c__SJA-4; o__S1198; f__; g__; s__	1.0
2fdd2a5c4acf822eba925b2aef303c5a	k__Bacteria; p__Proteobacteria; c__Betaproteobacteria; o__Rhodocyclales; f__Rhodocyclaceae; g__Dechloromonas; s__	0.9
80a631791b0bcc5d9b4ec695cf060e7b	k__Bacteria; p__Bacteroidetes; c__Bacteroidia; o__Bacteroidales; f__; g__; s__	1.0
80a5ee0f439b653f017d38b5e926c414	k__Bacteria; p__Proteobacteria; c__Gammaproteobacteria; o__Xanthomonadales; f__Sinobacteraceae; g__Nevskia; s__ramosa	0.9
73bc921ead0f3c70ee4320ce474aff49	Unassigned	0.0
f9a3ed203b539adcbdb4f733d97d27e7	k__Bacteria; p__Firmicutes; c__Clostridia; o__Clostridiales; f__Lachnospiraceae; g__Epulopiscium; s__	1.0
d73f31ce0d027a849d9bfc7c8091ce67	k__Bacteria; p__Proteobacteria; c__Alphaproteobacteria; o__Rhizobiales; f__; g__; s__	0.9
1b0998eff7591e8ec98d1665d2062e36	Unassigned	0.0
720353ba2edf94215767b58820672410	k__Bacteria; p__Proteobacteria; c__Alphaproteobacteria; o__Rhizobiales; f__Beijerinckiaceae; g__; s__	0.6
f07a9b3ddbc958bbda5e0d7dc49438e9	Unassigned	0.0
b1235e775b727a1fb23edc1ba2644bf2	k__Bacteria; p__Actinobacteria; c__Actinobacteria; o__Actinomycetales; f__ACK-M1; g__; s__	0.9
de49bdc9bb3a8d78adaa76154210387f	k__Bacteria; p__Proteobacteria; c__Deltaproteobacteria; o__Myxococcales; f__OM27; g__; s__	1.0
ed19bffc5fe6e3d2fe089aedace3dcca	k__Bacteria; p__Cyanobacteria; c__Chloroplast; o__Stramenopiles; f__; g__; s__	1.0
dfe2954a614ee102c504cc75d2383ed3	k__Bacteria; p__Cyanobacteria; c__Synechococcophycideae; o__Pseudanabaenales; f__Pseudanabaenaceae; g__Leptolyngbya; s__	1.0
c62f5ecd640df2e8dee561ef67f951c3	k__Bacteria; p__Bacteroidetes; c__Bacteroidia; o__Bacteroidales; f__; g__; s__	1.0
75bde47e3c0c6f55fcc9de99201b89ff	k__Bacteria; p__Planctomycetes; c__Planctomycetia; o__Pirellulales; f__Pirellulaceae; g__; s__	1.0
8a9b285d14fb9005e6ce03ed788a2d1f	Unassigned	0.0
733960e1033365efec40c422f9db8d8a	k__Bacteria; p__Tenericutes; c__Mollicutes; o__; f__; g__; s__	0.6
74b4ff5fb9c5bfcf864ac4d59de02b50	k__Bacteria; p__Verrucomicrobia; c__Verrucomicrobiae; o__Verrucomicrobiales; f__Verrucomicrobiaceae; g__; s__	1.0
12379a3aebabef288745bb33638ab181	k__Bacteria; p__Cyanobacteria; c__Chloroplast; o__Cryptophyta; f__; g__; s__	1.0
2263e0d9df0175f9106786d9a9b3c3b5	k__Bacteria; p__Proteobacteria; c__Alphaproteobacteria; o__Rickettsiales	0.6
66e0022aefb96f8714bcc027be63eeac	k__Bacteria; p__Actinobacteria; c__Acidimicrobiia; o__Acidimicrobiales; f__JdFBGBact; g__; s__	1.0
5127d053411ceeb4dd5bf609d8f0a01d	k__Bacteria; p__OP3; c__BD4-9; o__; f__; g__; s__	1.0
547ed0569b50980abe5025c87354bd5a	k__Bacteria; p__Proteobacteria; c__Deltaproteobacteria; o__Myxococcales; f__; g__; s__	0.7
06955af3d0118e90cb70e55a245c68a6	k__Bacteria; p__Planctomycetes; c__Planctomycetia; o__Pirellulales; f__Pirellulaceae; g__; s__	1.0
f34f8b0424c55ed5a7e01bda52b0b634	k__Bacteria; p__Planctomycetes; c__Phycisphaerae; o__Phycisphaerales; f__; g__; s__	1.0
fbee9ed2a60b7ccccd4cf0f7562b21df	k__Bacteria; p__Proteobacteria; c__Betaproteobacteria; o__Burkholderiales; f__Alcaligenaceae; g__Sutterella; s__	1.0
c887958fc4667906dd393720a3652642	k__Bacteria; p__Proteobacteria; c__Alphaproteobacteria; o__Rhizobiales; f__Hyphomicrobiaceae; g__Hyphomicrobium; s__	0.9
ba26d5bd7eb637f556368ff8659e963d	k__Bacteria; p__SR1; c__; o__; f__; g__; s__	0.9
6335d4f02135a8255fc6680b31a2481a	k__Bacteria; p__Bacteroidetes; c__Cytophagia; o__Cytophagales; f__Cytophagaceae; g__Flectobacillus; s__	1.0
9bff7a8c5bbab825aa0d7b2eb2b054f7	k__Bacteria; p__Actinobacteria; c__Actinobacteria; o__Actinomycetales; f__Microbacteriaceae; g__Candidatus Rhodoluna; s__	0.7
7f85cb78e2ff2484793ffe6a5f6a3f78	k__Bacteria; p__Bacteroidetes; c__Flavobacteriia; o__Flavobacteriales; f__[Weeksellaceae]; g__Chryseobacterium; s__	1.0
ff8ab20aaac58ba7af4eb5b5ac39ccc0	k__Bacteria; p__Proteobacteria; c__Deltaproteobacteria; o__Bdellovibrionales; f__Bacteriovoracaceae; g__; s__	0.9
98f829a8764e6d44cb0579e6edfb61c9	k__Archaea; p__Euryarchaeota; c__Methanomicrobia; o__Methanomicrobiales; f__Methanoregulaceae; g__Candidatus Methanoregula; s__	1.0
f39b6262de1d93025182571013bdaa9e	k__Bacteria; p__Proteobacteria; c__Gammaproteobacteria; o__Legionellales; f__Coxiellaceae; g__; s__	0.8
bc28551c342d20f9b5a894f8ea53da6b	k__Bacteria; p__Bacteroidetes; c__Flavobacteriia; o__Flavobacteriales; f__[Weeksellaceae]; g__Elizabethkingia; s__meningoseptica	0.8
523603e35ce6599e2b7b74c66e660dfe	k__Bacteria; p__Bacteroidetes; c__Sphingobacteriia; o__Sphingobacteriales; f__; g__; s__	1.0
429a3cb431c9c7456698ead1af6d261a	k__Bacteria; p__Proteobacteria; c__Gammaproteobacteria; o__Xanthomonadales; f__Xanthomonadaceae	1.0
70da9c505b1bca7dec8a3b77d85b3af1	k__Bacteria; p__OP3; c__BD4-9; o__; f__; g__; s__	1.0
e00fe40563a816d169fdb129af641418	k__Bacteria; p__Proteobacteria; c__Gammaproteobacteria; o__Legionellales; f__Legionellaceae; g__; s__	0.9
2163a785bd319b92491369f38dd9889f	k__Bacteria; p__Proteobacteria; c__Alphaproteobacteria; o__Rhizobiales; f__; g__; s__	0.7
6b46aed9b189f8211c14664f7bff1e68	k__Bacteria; p__Proteobacteria; c__Alphaproteobacteria; o__Sphingomonadales; f__Sphingomonadaceae; g__; s__	1.0
22cd634c376d09acdbfd1f0c13d550af	k__Bacteria; p__Firmicutes; c__Bacilli; o__Bacillales; f__Bacillaceae; g__Bacillus	0.8
80d9b572c10d240939bd3351a375cb87	k__Bacteria; p__Bacteroidetes; c__Flavobacteriia; o__Flavobacteriales; f__Flavobacteriaceae; g__Flavobacterium; s__	0.9
2d3a7c51a4baa6e04907f86cf6d7b2a1	k__Bacteria; p__Actinobacteria; c__Actinobacteria; o__Actinomycetales; f__; g__; s__	0.7
0027e45f769c1a7378e1772192844665	k__Bacteria; p__Proteobacteria; c__Alphaproteobacteria; o__Rhodobacterales; f__Hyphomonadaceae; g__; s__	1.0
24d9bf6bcaccbcf382f9f4f33273316c	k__Bacteria; p__Bacteroidetes; c__Cytophagia; o__Cytophagales; f__Cytophagaceae; g__; s__	1.0
cc246e7c49b5651825e0628675e8ba6f	k__Bacteria; p__Actinobacteria; c__Actinobacteria; o__Actinomycetales; f__; g__; s__	1.0
2a0ab1a07ea1e95143097922e4e9176f	k__Bacteria; p__Proteobacteria; c__Alphaproteobacteria; o__Rickettsiales; f__; g__; s__	1.0
6c64b20c8c74fa2394a817e71c882aba	k__Archaea; p__[Parvarchaeota]; c__[Parvarchaea]; o__WCHD3-30; f__; g__; s__	1.0
5e17aaaa294f894081df5c6bb98ba85e	k__Archaea; p__Euryarchaeota; c__Methanomicrobia; o__Methanosarcinales; f__Methanosaetaceae; g__Methanosaeta; s__	1.0
41fff1286a8b0494b9085e335e7c4151	k__Bacteria; p__Proteobacteria; c__Deltaproteobacteria; o__GMD14H09; f__; g__; s__	0.8
7dc812949d357a02c42644ec962443e3	k__Bacteria; p__Proteobacteria; c__Gammaproteobacteria; o__Methylococcales; f__Methylococcaceae; g__Methylomonas; s__	0.9
782093908ea9a64a6cae9e8ebe376736	k__Bacteria; p__Proteobacteria; c__Gammaproteobacteria; o__Legionellales; f__Coxiellaceae; g__; s__	0.7
e94d1054488c6a88cbfc4be749a6c63c	k__Bacteria; p__Chloroflexi; c__Anaerolineae; o__SBR1031; f__A4b; g__; s__	1.0
be3c7bcb00deab1382329acdce69ecba	k__Bacteria; p__Cyanobacteria; c__Chloroplast; o__Streptophyta; f__; g__; s__	1.0
41b81954ffe6769af55de2482e0ecb32	k__Bacteria; p__Bacteroidetes; c__Sphingobacteriia; o__Sphingobacteriales; f__; g__; s__	0.9
be13f30243decec67eda07e988b2e1e1	k__Bacteria; p__Proteobacteria; c__Betaproteobacteria; o__Rhodocyclales; f__Rhodocyclaceae; g__Dechloromonas; s__	1.0
07341f161c031e45bd727e76ee34d005	k__Bacteria; p__Actinobacteria; c__Actinobacteria; o__Actinomycetales; f__; g__; s__	1.0
1d6899efa2e9345e7d7dca51bd929ab0	k__Bacteria; p__Cyanobacteria; c__Chloroplast; o__Stramenopiles; f__; g__; s__	1.0
5ed29ea8915362a9a06170be3c009563	k__Bacteria; p__Proteobacteria	0.8
6770751c4bc2c7d9b1f28abaab2dfdff	k__Bacteria; p__Bacteroidetes; c__Cytophagia; o__Cytophagales; f__Cytophagaceae; g__Runella; s__	0.7
4cd5e40a3c8f68de83e37ab1e9ee2666	k__Bacteria; p__Proteobacteria; c__Deltaproteobacteria; o__Syntrophobacterales; f__Syntrophaceae; g__; s__	1.0
c43aaab0164d4f297bd69bb79aed54cc	k__Bacteria; p__Cyanobacteria; c__Chloroplast; o__Cryptophyta; f__; g__; s__	1.0
e24eb0259218ebf1411cc7be0045b6be	k__Bacteria; p__Planctomycetes; c__Planctomycetia; o__Pirellulales; f__Pirellulaceae; g__; s__	1.0
2058ab8a0102128ab208ecdcc482c2d7	k__Bacteria	1.0
42d7b6ecd612da37f6d2d0d74d51bd82	k__Bacteria; p__Proteobacteria; c__Deltaproteobacteria; o__Desulfovibrionales; f__Desulfovibrionaceae; g__Desulfovibrio; s__	1.0
c516d9c0df25469e5602856400ba1ab8	k__Bacteria; p__Firmicutes; c__Clostridia; o__Clostridiales	1.0
387d8a3fd3ef0b1bf858cb7ee793f4b2	k__Bacteria; p__Proteobacteria; c__Gammaproteobacteria; o__Xanthomonadales; f__Xanthomonadaceae; g__; s__	1.0
032d6db928ce1925054a7a8920eb6d99	k__Bacteria; p__Proteobacteria; c__Alphaproteobacteria; o__Rickettsiales; f__; g__; s__	1.0
22a29b06a6e1cde1fa1c65df6cb30bd9	k__Bacteria; p__Bacteroidetes; c__[Saprospirae]; o__[Saprospirales]; f__Chitinophagaceae; g__; s__	1.0
f1a4956a97a950119c2e2af248b4def3	k__Bacteria; p__Acidobacteria; c__Solibacteres; o__Solibacterales; f__[Bryobacteraceae]; g__; s__	0.9
9605cc7737dd8e5f7e2027d84ac0224e	k__Bacteria; p__Proteobacteria; c__Alphaproteobacteria; o__BD7-3; f__; g__; s__	1.0
5372fccafd8965c0e85cc3edca51ce2c	k__Bacteria; p__Chlamydiae; c__Chlamydiia; o__Chlamydiales	1.0
b95008e334e860bcd2bbdbc4c4d016a0	k__Bacteria; p__Bacteroidetes; c__Cytophagia; o__Cytophagales	0.6
c79d5606e6031ad23f4171fe0e01ca61	k__Bacteria; p__Actinobacteria; c__Actinobacteria; o__Actinomycetales; f__Nocardiaceae; g__Rhodococcus; s__	1.0
9a8ac1863334bf1e3b5a82fe6fd12185	k__Bacteria; p__Actinobacteria; c__Actinobacteria; o__Actinomycetales; f__; g__; s__	0.7
41e41fc423142eae30e933f14c7c3d7d	k__Bacteria; p__Bacteroidetes; c__[Saprospirae]; o__[Saprospirales]; f__Saprospiraceae; g__; s__	0.7
2e41eeeae67ad472f0803f8d969ac7b4	k__Bacteria; p__Proteobacteria; c__Betaproteobacteria; o__SC-I-84; f__; g__; s__	1.0
1dea39ab8b29af91e7424e00313e1a45	k__Bacteria; p__Proteobacteria; c__Alphaproteobacteria; o__BD7-3; f__; g__; s__	0.8
80bafd3e6968650199d593d19204346f	k__Bacteria; p__Proteobacteria	1.0
8957556d4059957f911d410dce27c796	k__Bacteria; p__Verrucomicrobia; c__Opitutae; o__Opitutales; f__Opitutaceae; g__Opitutus; s__	0.6
2d65bad94b4bcb482b7849a18f5c2c16	k__Bacteria; p__Proteobacteria; c__Gammaproteobacteria; o__Xanthomonadales; f__Sinobacteraceae; g__; s__	1.0
6395daa8509fda76900db42b4799e59d	Unassigned	0.0
7c36d78969de6d36611cd89da0a62115	k__Bacteria; p__Proteobacteria; c__Betaproteobacteria; o__Rhodocyclales; f__Rhodocyclaceae; g__Uliginosibacterium; s__	0.9
2188c30cdfcb3f8f8ad42eca9722616e	k__Bacteria; p__Proteobacteria; c__Betaproteobacteria; o__Rhodocyclales; f__Rhodocyclaceae; g__Propionivibrio; s__	0.9
17b188f45f70d2305b5071ece0e596ef	Unassigned	0.0
889fc6f481c4f4267e469c081c6ba96a	k__Bacteria; p__Verrucomicrobia; c__Verruco-5	1.0
c25f176d9d05a3696d1946661b539edc	k__Bacteria; p__Actinobacteria; c__Actinobacteria; o__Actinomycetales; f__Streptomycetaceae; g__Streptomyces; s__	0.6
f803cac75f36e6f72c8335529657f1ee	k__Archaea; p__Euryarchaeota; c__Methanomicrobia; o__Methanomicrobiales; f__Methanoregulaceae	0.7
fd1c297da18cc3f1ee79bbbaf88b0c94	k__Bacteria; p__Proteobacteria; c__Alphaproteobacteria; o__Rickettsiales; f__mitochondria; g__Phytophthora	0.6
697c1bf8e5e287e4e7e10a9cb9abcae9	k__Bacteria; p__Cyanobacteria; c__Synechococcophycideae; o__Pseudanabaenales; f__Pseudanabaenaceae; g__Leptolyngbya; s__	1.0
9db5b9a48f71a8840ecf5eeed800601d	k__Bacteria; p__TM6; c__SBRH58; o__; f__; g__; s__	0.9
f1f2cf61a7a9f9facd895bb2791a426a	k__Bacteria; p__Proteobacteria; c__Alphaproteobacteria; o__BD7-3; f__; g__; s__	1.0
6d1506befb15b69047412770ed744ce0	k__Bacteria; p__Proteobacteria; c__Alphaproteobacteria; o__Sphingomonadales; f__Sphingomonadaceae; g__Novosphingobium; s__	1.0
6d7443a367d0dc97353a2ccd6522e252	k__Bacteria; p__Verrucomicrobia; c__[Pedosphaerae]; o__[Pedosphaerales]; f__R4-41B; g__; s__	0.6
bb539c06f916aec9c6bf92c41f154c88	k__Archaea; p__[Parvarchaeota]; c__[Parvarchaea]; o__WCHD3-30; f__; g__; s__	1.0
4d61065fddea910d44105ce284301c31	k__Bacteria; p__Actinobacteria; c__Acidimicrobiia; o__Acidimicrobiales; f__; g__; s__	1.0
58baa343ca65b28417e5047111f91d02	k__Bacteria; p__Proteobacteria; c__Betaproteobacteria; o__Procabacteriales; f__Procabacteriaceae; g__; s__	1.0
42a1b08b140859385f0ae1c854320349	k__Bacteria; p__Proteobacteria; c__Deltaproteobacteria; o__; f__; g__; s__	1.0
432b9df63349ba39a7e85a8b289a5e29	k__Bacteria; p__Proteobacteria; c__Alphaproteobacteria; o__Rhizobiales; f__; g__; s__	1.0
e830e92902dd912d2cf6ff5572bc4e6d	k__Bacteria; p__Proteobacteria; c__Alphaproteobacteria; o__Rhizobiales; f__; g__; s__	1.0
e04e348ccbd486c9d737016c4e4db1df	k__Bacteria; p__Proteobacteria; c__TA18; o__PHOS-HD29; f__; g__; s__	1.0
d1bac5da99fdb83b8b38e8ba62037e98	k__Bacteria; p__Proteobacteria; c__Alphaproteobacteria; o__Rhizobiales	0.9
bc29d356c546a461c89bf1dc0cbb6203	k__Bacteria; p__Proteobacteria; c__Gammaproteobacteria; o__Xanthomonadales; f__Sinobacteraceae; g__; s__	1.0
4801d821983b5df3207ed43597f20fc5	k__Bacteria; p__Planctomycetes; c__Planctomycetia; o__Pirellulales; f__Pirellulaceae; g__; s__	1.0
4f16aed93a3a1a01fca283c794e64fcc	k__Bacteria; p__Proteobacteria; c__Betaproteobacteria; o__Burkholderiales; f__Comamonadaceae; g__Limnobacter	0.6
7af499899943d8d5a83c5bbadc648dcb	k__Bacteria; p__Proteobacteria; c__Alphaproteobacteria; o__; f__; g__; s__	0.6
a7e463ecc1cb970d27cf9790d6d5daa8	k__Bacteria; p__Proteobacteria; c__Deltaproteobacteria; o__Myxococcales; f__OM27; g__; s__	1.0
124ecd1cb7223400995e768545edfff2	k__Bacteria; p__Proteobacteria; c__Deltaproteobacteria; o__Bdellovibrionales; f__Bdellovibrionaceae; g__Bdellovibrio; s__	1.0
fcaa1314dde25c3d578691b4449e3b95	k__Bacteria; p__Proteobacteria; c__Betaproteobacteria; o__Burkholderiales; f__Oxalobacteraceae; g__; s__	1.0
b2ecfb7f632bb4b12e889939c8413b6c	k__Bacteria; p__Proteobacteria; c__Gammaproteobacteria; o__Xanthomonadales; f__Sinobacteraceae; g__; s__	0.9
bfa0e6a60a082e0c34b9b1a29ee0106e	k__Bacteria; p__Bacteroidetes; c__[Saprospirae]; o__[Saprospirales]; f__Chitinophagaceae; g__; s__	0.8
e07f60241e99d446fd12606b302e504f	k__Bacteria; p__Proteobacteria; c__Deltaproteobacteria; o__Spirobacillales; f__; g__; s__	1.0
60788c82d17a54547a08b1482452f890	k__Bacteria; p__Bacteroidetes; c__Cytophagia; o__Cytophagales; f__Cytophagaceae; g__; s__	1.0
dd4bed19c5aa2ddd8a851c232f0e13ed	k__Bacteria; p__Verrucomicrobia; c__[Pedosphaerae]; o__[Pedosphaerales]; f__R4-41B; g__; s__	0.6
50ca1dc604b589ce130a8e8993418cf2	k__Bacteria; p__Actinobacteria; c__Actinobacteria; o__Actinomycetales; f__ACK-M1; g__; s__	1.0
b49f40b100de3ff530c960eff5b1ac94	k__Bacteria; p__Bacteroidetes; c__Cytophagia; o__Cytophagales; f__Cytophagaceae; g__Flectobacillus; s__	1.0
b9832a819643f31f36663281f42b21be	k__Bacteria; p__Proteobacteria; c__Alphaproteobacteria; o__Rhodospirillales; f__Rhodospirillaceae; g__; s__	0.8
f3e5dbd0ee2de769d97ce907d0b863a8	k__Bacteria; p__Proteobacteria	0.6
5c13eaede15da6b0048f0a66a33bf45f	k__Bacteria; p__Proteobacteria; c__Deltaproteobacteria; o__Bdellovibrionales; f__Bacteriovoracaceae; g__; s__	0.8
3c853070da77933ef0d778ae8af6e3d5	k__Bacteria; p__Proteobacteria; c__Alphaproteobacteria; o__Rhizobiales; f__Xanthobacteraceae; g__Xanthobacter; s__	0.8
11dd0a1ac88a291a7e341a01f5f3d711	k__Bacteria; p__Proteobacteria; c__Deltaproteobacteria; o__Myxococcales; f__; g__; s__	1.0
15a5cd1d3661bdf2a7eee901062a3005	k__Bacteria; p__Bacteroidetes; c__Bacteroidia; o__Bacteroidales	1.0
dcad7b5635ee3866d73cd9b1464b72e4	k__Bacteria; p__Proteobacteria; c__Alphaproteobacteria; o__Rickettsiales; f__Rickettsiaceae	1.0
69a0260910b94fe47f4c6292d1232554	k__Archaea; p__[Parvarchaeota]; c__[Parvarchaea]; o__WCHD3-30; f__; g__; s__	1.0
fd4b7d86e8b30431a46ecae9c1555dcf	k__Bacteria; p__Cyanobacteria; c__Chloroplast; o__Euglenozoa; f__; g__; s__	0.7
172559e507a223a06553e51b9f2732ff	k__Bacteria; p__Bacteroidetes; c__Bacteroidia; o__Bacteroidales; f__; g__; s__	0.9
c26d361450cd0cd9675663a43ab40380	k__Bacteria; p__Proteobacteria; c__Betaproteobacteria	1.0
0e84a2c0109453c987960203c805aff7	k__Bacteria; p__Proteobacteria; c__Gammaproteobacteria; o__Pseudomonadales; f__Pseudomonadaceae; g__Pseudomonas; s__	0.9
5fe59245643c58f67219a5d6348c7bb9	k__Bacteria; p__Proteobacteria; c__Alphaproteobacteria; o__Rhodobacterales; f__Hyphomonadaceae; g__; s__	0.7
01b3a10503f16b713db29d89f79f88b0	k__Bacteria; p__Gemmatimonadetes; c__Gemmatimonadetes; o__KD8-87; f__; g__; s__	1.0
70f6ad5c86df31b0c4f29c56e579ad5d	k__Bacteria; p__Actinobacteria; c__Acidimicrobiia; o__Acidimicrobiales; f__ntu14; g__; s__	1.0
efe421b42a4acf071bb52bfe82df3c39	k__Bacteria; p__Proteobacteria; c__Gammaproteobacteria; o__Methylococcales; f__Methylococcaceae; g__Methylomonas; s__	0.9
c9868c55928363519345dc8321842bb9	k__Bacteria; p__Bacteroidetes; c__Cytophagia; o__Cytophagales; f__Cytophagaceae; g__; s__	0.7
0d69a55d578a2458dd601a3480d21be3	k__Bacteria; p__Verrucomicrobia; c__Opitutae; o__Opitutales; f__Opitutaceae; g__Opitutus; s__	0.9
8a1e3f482f44228d142028dd2a2fe808	k__Bacteria; p__Actinobacteria; c__Actinobacteria; o__Actinomycetales; f__Nocardiaceae; g__Rhodococcus; s__	1.0
d6312e48f466f4700336d28ad6a9dfd4	k__Bacteria; p__Proteobacteria; c__Alphaproteobacteria; o__Rhizobiales	0.6
05e5c4bfa39eb1dfd8aca11903ac1435	k__Bacteria; p__Proteobacteria; c__Betaproteobacteria; o__Burkholderiales; f__Comamonadaceae; g__Methylibium; s__	0.9
a8e320fd2890495f8579bf7d9265ac9f	Unassigned	0.0
80d9b9880357843ae84c9e524bf04d27	k__Bacteria; p__Actinobacteria; c__Acidimicrobiia; o__Acidimicrobiales; f__C111; g__; s__	1.0
4918f8c559a99c58aa7eb8c536c97d85	k__Bacteria; p__Gemmatimonadetes; c__Gemmatimonadetes; o__; f__; g__; s__	0.6
d61b6cc9b9acdc430a9b8ccd62de3cec	k__Bacteria; p__Proteobacteria; c__Alphaproteobacteria; o__Rickettsiales; f__mitochondria; g__Cyanophora; s__paradoxa	1.0
52f48d7be9def0636e4f24a2125f6c73	k__Bacteria; p__Proteobacteria; c__Alphaproteobacteria	0.9
062ece4060d2993031459db11b56a813	Unassigned	0.0
682def44bc9fe7c247fbab362ed07a23	Unassigned	0.0
cca8f66215b289cea7a5a2e1fad8c8f8	k__Bacteria; p__Proteobacteria; c__Alphaproteobacteria; o__Caulobacterales; f__Caulobacteraceae; g__Brevundimonas; s__diminuta	0.7
cbfb4b3aecd266abd2498cb0c571b387	k__Bacteria; p__Planctomycetes; c__Planctomycetia; o__Pirellulales; f__Pirellulaceae; g__; s__	0.9
99f19797cca167503d77f0090035e2ce	k__Bacteria; p__Bacteroidetes; c__[Saprospirae]; o__[Saprospirales]; f__Chitinophagaceae; g__; s__	1.0
682410f04f299d2ed19ea8e575ae5053	k__Bacteria; p__Firmicutes; c__Clostridia; o__Clostridiales; f__Ruminococcaceae; g__; s__	0.6
c80193dff48dbf49005af6c127ff0f3f	k__Bacteria; p__Proteobacteria; c__Alphaproteobacteria; o__Rhizobiales; f__Bradyrhizobiaceae; g__Bosea; s__genosp.	1.0
749514411384a20d10327298b2223826	k__Bacteria; p__Proteobacteria; c__Betaproteobacteria; o__Burkholderiales; f__Oxalobacteraceae	0.8
a4202fe65d666e9af28da7735947800d	k__Bacteria; p__Proteobacteria; c__Gammaproteobacteria; o__Xanthomonadales; f__Sinobacteraceae; g__; s__	1.0
73e06b9a56a798b55161dc46248e1e48	k__Bacteria; p__Proteobacteria; c__Deltaproteobacteria; o__Myxococcales; f__OM27; g__; s__	1.0
db522f7d28e4723fad141fda807305a2	k__Bacteria; p__Actinobacteria; c__Acidimicrobiia; o__Acidimicrobiales; f__; g__; s__	1.0
5fe5657cbd4bf3622ce7a29413fbe121	k__Bacteria; p__Bacteroidetes; c__Cytophagia; o__Cytophagales; f__Cytophagaceae; g__; s__	1.0
e54438d1ae960105ba3ba95c6c428409	k__Bacteria; p__Verrucomicrobia; c__Opitutae; o__Puniceicoccales; f__Puniceicoccaceae; g__MB11C04; s__	0.6
9c51d0927eb0acb8a4d3ff87242ed938	k__Bacteria; p__Bacteroidetes; c__Cytophagia; o__Cytophagales; f__[Amoebophilaceae]; g__SC3-56; s__	0.6
48c82516e749d4b3229c88a0041d9ff0	k__Bacteria; p__Proteobacteria; c__Betaproteobacteria; o__Burkholderiales; f__Oxalobacteraceae; g__Polynucleobacter; s__	0.6
f8a46df13f4625e45d3c5755db7e9f3c	k__Bacteria; p__Actinobacteria; c__Actinobacteria; o__Actinomycetales; f__Microbacteriaceae	1.0
13c26a6b326635b0d08a226eee14b2a7	k__Bacteria; p__Cyanobacteria; c__Chloroplast; o__Streptophyta; f__; g__; s__	1.0
c434c30345a63c2bb3f9f956b5e61f90	k__Bacteria; p__Proteobacteria; c__Alphaproteobacteria; o__Rhodospirillales; f__Rhodospirillaceae; g__; s__	0.8
4473276efd4cfe852474944e191baf1b	k__Bacteria; p__Proteobacteria; c__Alphaproteobacteria; o__Sphingomonadales; f__Sphingomonadaceae; g__Novosphingobium; s__	0.9
af1e7c305d7a67db0c279e2bc58be1ae	k__Bacteria; p__Cyanobacteria; c__Chloroplast; o__Chlorophyta; f__; g__; s__	1.0
70ec81ba6f4de7a04777475da054ee06	k__Bacteria; p__Proteobacteria; c__Gammaproteobacteria; o__Pseudomonadales; f__Moraxellaceae; g__Perlucidibaca; s__	1.0
a42bd5ac6be1e6fd59e7b6a9491fa56c	k__Bacteria; p__Proteobacteria; c__Alphaproteobacteria; o__Sphingomonadales; f__Sphingomonadaceae; g__Novosphingobium; s__	0.6
049c979c397d567461c4d03e731936fc	k__Bacteria; p__Proteobacteria; c__Gammaproteobacteria; o__Alteromonadales; f__125ds10; g__; s__	1.0
46847198f4db8e5eddbe1c26aa3d3362	k__Bacteria; p__Cyanobacteria; c__Chloroplast; o__Stramenopiles; f__; g__; s__	1.0
0be84226661ee722e31c878dafcd2086	k__Bacteria; p__[Thermi]; c__Deinococci; o__Deinococcales; f__Trueperaceae; g__Truepera; s__	0.7
edacaa155f3b3888538054b76f448980	k__Bacteria; p__[Thermi]; c__Deinococci; o__Thermales; f__Thermaceae; g__Meiothermus; s__	1.0
dbbfa769e940c12074287fd154fdee42	k__Bacteria; p__Proteobacteria; c__Gammaproteobacteria; o__Methylococcales; f__Methylococcaceae; g__Methylomonas; s__	1.0
713c20ed17b9c38d8b0c8e8fa05c0b61	k__Bacteria; p__Proteobacteria; c__Gammaproteobacteria; o__Methylococcales; f__; g__; s__	0.9
206c1f08f7129ef2e276d3f019058625	k__Bacteria; p__Firmicutes; c__Clostridia; o__Clostridiales	0.7
09693adaa9ee7813a9783665d6d60073	k__Bacteria; p__Firmicutes; c__Bacilli; o__Bacillales; f__Bacillaceae; g__Bacillus; s__	0.9
2f7cf4f8642be7032325424275d252c6	k__Bacteria; p__Proteobacteria; c__Gammaproteobacteria; o__Pseudomonadales; f__Moraxellaceae; g__Acinetobacter; s__rhizosphaerae	0.9
c4b8d598b86181dd2829a708fce7247d	Unassigned	0.0
8ee7e0210e7e452a021eecba317cd598	k__Bacteria; p__Proteobacteria; c__Deltaproteobacteria; o__; f__; g__; s__	0.6
4a014db03e957f8d9c580bb9fa00313f	k__Bacteria; p__Firmicutes; c__Clostridia; o__Clostridiales; f__Ruminococcaceae; g__; s__	1.0
dd24470133411a1ba0bb498d05a3540a	k__Bacteria; p__Armatimonadetes; c__Armatimonadia; o__Armatimonadales; f__Armatimonadaceae	1.0
b47763ebf7de46261a45343f0b962f70	k__Bacteria; p__Acidobacteria; c__iii1-8; o__SJA-36; f__; g__; s__	1.0
c279bef8f66fb986e090e4d4be2560d2	k__Bacteria; p__Proteobacteria; c__Alphaproteobacteria; o__; f__; g__; s__	1.0
661e8ed3a36e60c271a2deb65cda0fd8	k__Bacteria; p__Proteobacteria; c__Alphaproteobacteria; o__Rickettsiales; f__; g__; s__	0.8
412c0ae1769e30fb3aba9654db3b7026	Unassigned	0.0
f44b81619e82895099acda9363e8dc43	k__Bacteria; p__Proteobacteria; c__Gammaproteobacteria; o__Oceanospirillales	0.8
6ff2980fed4ee1b956a8cc6d949292c7	k__Bacteria; p__Proteobacteria; c__Betaproteobacteria; o__Burkholderiales; f__Comamonadaceae; g__; s__	0.7
5b0f646a1c98ea0ba4e1ce4f4ef085d5	k__Bacteria; p__Proteobacteria	0.7
0f5fe7d46caec66bca2c640fe9536753	k__Bacteria; p__Bacteroidetes; c__[Saprospirae]; o__[Saprospirales]; f__Chitinophagaceae; g__; s__	1.0
6e39150e465b0b38e40c8352e3ef699a	k__Bacteria; p__Proteobacteria; c__Gammaproteobacteria; o__Pseudomonadales; f__Moraxellaceae; g__Acinetobacter; s__rhizosphaerae	0.9
b2cccf5f6dca4c74cca0c79121a32203	k__Bacteria; p__Cyanobacteria; c__Chloroplast; o__Stramenopiles; f__; g__; s__	1.0
b3b3a0a7f93ee4869e78a20286a9df6c	k__Bacteria; p__Proteobacteria; c__Gammaproteobacteria; o__Xanthomonadales; f__Sinobacteraceae; g__; s__	1.0
3ec9a30db49a03edcf8b872a4bd98bef	k__Bacteria; p__Bacteroidetes; c__Flavobacteriia; o__Flavobacteriales; f__Cryomorphaceae; g__Crocinitomix; s__	1.0
dbd5a710d0eaeb6600c081709fb78dad	k__Bacteria; p__Actinobacteria; c__Acidimicrobiia; o__Acidimicrobiales; f__C111; g__; s__	1.0
df0ee6c5b41cd006ef9ae98ff682d854	k__Bacteria; p__TM7; c__TM7-1; o__; f__; g__; s__	0.7
dddaaceb996bcb9f6a96659b7ae7caf9	k__Bacteria; p__Proteobacteria; c__Alphaproteobacteria; o__Rhizobiales; f__Rhizobiaceae; g__Agrobacterium; s__	0.7
85f10c9275a6506544723a6992f71a43	k__Bacteria; p__Firmicutes; c__Clostridia; o__Clostridiales	1.0
0085ffda7f655f327b9325d85e517f6b	k__Bacteria; p__Proteobacteria	0.8
895438bac11c1948cac266f2cb05340a	k__Bacteria; p__Proteobacteria; c__Alphaproteobacteria; o__Rickettsiales; f__; g__; s__	0.9
aa68bd110555c060b3f2932ceb41771f	k__Bacteria; p__Proteobacteria; c__TA18; o__CV90; f__; g__; s__	1.0
c93db07b23f317b2ef57e896444cfcc7	k__Bacteria; p__Chloroflexi; c__Anaerolineae; o__GCA004; f__; g__; s__	1.0
3ccfd095ea443d1f38e5f43ea6243723	k__Bacteria; p__Proteobacteria; c__Betaproteobacteria; o__Burkholderiales; f__Comamonadaceae; g__; s__	0.7
878109ce63a6913a7ba0dbf90ff8b81b	k__Bacteria; p__Acidobacteria	0.6
27a37397ba8e35b1ce8747b7258d601e	k__Bacteria; p__Planctomycetes; c__OM190; o__CL500-15; f__; g__; s__	1.0
8cebe2f055fa69e00c78ed53f38ae6a7	k__Bacteria; p__Proteobacteria; c__Alphaproteobacteria; o__Rhodospirillales; f__Acetobacteraceae; g__; s__	0.7
496ffa401167d155dccbf446fd69084f	k__Bacteria	1.0
4e5e0e9f827a5931853258685237607b	k__Bacteria; p__Proteobacteria; c__Alphaproteobacteria; o__Rhodospirillales; f__Rhodospirillaceae; g__; s__	1.0
4f78dee7de316ab9b5994e671dcb61c5	k__Bacteria; p__Chloroflexi; c__Thermomicrobia; o__JG30-KF-CM45; f__; g__; s__	1.0
fcfccb980ae3ed70ac3e654bee44becf	k__Bacteria; p__Bacteroidetes; c__[Saprospirae]; o__[Saprospirales]; f__Saprospiraceae; g__; s__	1.0
800f3c66d5802584d787223365dacb7f	Unassigned	0.0
850a15b3faf86c6cc8ae9d7a3930234e	k__Bacteria; p__Proteobacteria; c__Alphaproteobacteria; o__Rhodospirillales; f__Rhodospirillaceae; g__; s__	0.8
432aff0ea8a2e6f3fad48ac8c7c76ad4	k__Bacteria; p__OD1; c__ABY1; o__; f__; g__; s__	1.0
0c914a72744f214dbfcad30e7f5be3ed	k__Bacteria; p__Proteobacteria; c__Gammaproteobacteria; o__Alteromonadales; f__211ds20; g__; s__	1.0
cdc638ff11a161a01ca6df0227851c94	k__Bacteria; p__Proteobacteria; c__Alphaproteobacteria; o__Caulobacterales; f__Caulobacteraceae; g__Caulobacter	0.7
1e3892ae8164543843efdd2c0d193807	k__Bacteria; p__Proteobacteria; c__Deltaproteobacteria; o__Bdellovibrionales; f__Bdellovibrionaceae; g__Bdellovibrio; s__	1.0
822897ec00c540d2e7404180d2dc1b86	k__Bacteria; p__Firmicutes; c__Clostridia; o__Clostridiales; f__; g__; s__	1.0
f1fe685a102f56ecac4c0b89858d509b	k__Bacteria; p__Actinobacteria; c__Actinobacteria; o__Actinomycetales	1.0
145c1004bd1ca96430b9bbe5e6e733bd	k__Bacteria; p__Proteobacteria; c__Gammaproteobacteria; o__Aeromonadales; f__Aeromonadaceae; g__; s__	0.8
e16bd3fc83993090a7af85959ea88253	k__Bacteria; p__Actinobacteria; c__Actinobacteria; o__Actinomycetales; f__Mycobacteriaceae; g__Mycobacterium; s__	1.0
658fcad9c32069f210bac8caef76daa8	k__Archaea; p__[Parvarchaeota]; c__[Parvarchaea]; o__WCHD3-30; f__; g__; s__	1.0
cdad9b733ced2f3a0a2713aba48d113e	k__Bacteria; p__Proteobacteria; c__Alphaproteobacteria; o__Rhodobacterales; f__Rhodobacteraceae; g__Rhodobacter; s__	0.7
213d20b359ff22a5ab27c462f9b55c6c	k__Bacteria; p__Proteobacteria; c__Gammaproteobacteria; o__Methylococcales; f__Crenotrichaceae; g__Crenothrix; s__	1.0
89e0a901edb20bb7df253cd948d14d03	k__Bacteria; p__Bacteroidetes; c__Flavobacteriia; o__Flavobacteriales; f__Flavobacteriaceae; g__Flavobacterium; s__	1.0
ac03decc6c21022939f0eb72e8e32cee	k__Bacteria; p__Proteobacteria; c__Alphaproteobacteria; o__Rickettsiales; f__Rickettsiaceae; g__; s__	1.0
a807905c03b1a28f67c663ca9edbc033	k__Bacteria; p__Bacteroidetes; c__[Saprospirae]; o__[Saprospirales]; f__Chitinophagaceae; g__; s__	0.6
66f3c47096d0fc8b4e49b83c26594152	k__Bacteria; p__Proteobacteria; c__TA18; o__CV90; f__; g__; s__	1.0
f82e3d6562e51983fbcec6c333049a42	k__Bacteria; p__Proteobacteria; c__Betaproteobacteria; o__Burkholderiales; f__Comamonadaceae; g__; s__	0.6
e8e0fd2cd80d472c6ace1d2c897580c9	k__Bacteria; p__Proteobacteria; c__Gammaproteobacteria; o__Pseudomonadales; f__Moraxellaceae; g__; s__	0.9
68beb435a8832213c1b0b1806ce7e420	k__Bacteria; p__Proteobacteria; c__Gammaproteobacteria; o__Legionellales; f__Coxiellaceae; g__; s__	1.0
57383ee4da0c1a2314003143deb1a675	k__Bacteria; p__Proteobacteria; c__Alphaproteobacteria; o__Ellin329; f__; g__; s__	0.8
ffbe177b352dbcfa789ebf83aca47465	k__Bacteria; p__Proteobacteria; c__Alphaproteobacteria; o__Rhodobacterales; f__Rhodobacteraceae; g__; s__	0.9
9c0f409ba9d8d621629a621bee18e02d	k__Bacteria; p__Proteobacteria; c__Alphaproteobacteria; o__Sphingomonadales; f__Sphingomonadaceae; g__Sphingomonas; s__	1.0
cd7c21b0780b2914a7a48f9f756cd366	k__Bacteria; p__Proteobacteria; c__Alphaproteobacteria; o__Caulobacterales; f__Caulobacteraceae; g__Caulobacter	0.6
fc69ee2c8bd256273366958a82cf33b7	k__Bacteria; p__Bacteroidetes; c__[Saprospirae]; o__[Saprospirales]; f__Chitinophagaceae; g__; s__	1.0
5a9b28b1a61a29d75c00112df16c34ed	k__Bacteria; p__Planctomycetes; c__Planctomycetia; o__Gemmatales; f__Gemmataceae; g__Gemmata; s__	1.0
b0b32efba387d7277439abfcbd6f1383	k__Bacteria; p__Proteobacteria; c__Deltaproteobacteria; o__Bdellovibrionales; f__Bacteriovoracaceae; g__; s__	1.0
d5e19b5874316dfa3fc0d74ef63066e9	k__Archaea; p__[Parvarchaeota]; c__[Parvarchaea]; o__YLA114; f__; g__; s__	1.0
5311c0d872311e1e6251200a88d182a3	k__Bacteria; p__Bacteroidetes; c__Sphingobacteriia; o__Sphingobacteriales; f__Sphingobacteriaceae; g__; s__	0.9
9cf04618e6d87555d376a02273362484	k__Bacteria; p__Proteobacteria	1.0
2cf055bd5db4165c8ecb7ca188c085a2	k__Bacteria; p__OD1; c__ZB2; o__; f__; g__; s__	1.0
f1b83e1517057e719f9ee09270c896f5	k__Bacteria; p__Proteobacteria; c__Gammaproteobacteria; o__Aeromonadales; f__Aeromonadaceae	0.8
6f5f6d551a917c920a2c0ff96212d23f	Unassigned	0.0
2a69757991d900072c3cabe9efba0eeb	k__Bacteria; p__Proteobacteria; c__Epsilonproteobacteria; o__Campylobacterales; f__Campylobacteraceae; g__Sulfurospirillum; s__	1.0
0eec2e97d13608012681494b9da237e1	k__Bacteria; p__OD1; c__ZB2; o__; f__; g__; s__	1.0
393da13ca7c4acb4d41bd423237a1c58	k__Bacteria; p__Actinobacteria; c__Actinobacteria; o__Actinomycetales; f__ACK-M1; g__; s__	1.0
c64d61de24d8c4257e11fd69edfa5aaa	k__Bacteria; p__Proteobacteria; c__Alphaproteobacteria; o__Rhodobacterales; f__Rhodobacteraceae; g__Rhodobacter; s__	0.9
8ff0d3040197ec9ab168b63a5c25c4c8	k__Bacteria; p__Firmicutes; c__Clostridia; o__Clostridiales; f__Clostridiaceae	1.0
7bddba18dbbac710987088a7b9b0b2cc	k__Bacteria; p__Proteobacteria; c__Betaproteobacteria; o__Procabacteriales; f__Procabacteriaceae; g__; s__	1.0
1b1b35c2a846430d1bbdeffa4943dba4	k__Bacteria; p__Proteobacteria; c__Betaproteobacteria; o__Methylophilales; f__Methylophilaceae; g__Methylotenera; s__mobilis	0.9
629d08aba959fda0dd09cc81fec22c67	k__Bacteria; p__Proteobacteria; c__Deltaproteobacteria; o__Myxococcales; f__; g__; s__	1.0
061306bd6657fb0c4ad48cedae870bbd	Unassigned	0.0
4ef68121a02931f5e8f7e7957c00e0dd	Unassigned	0.0
2ed29b51a64080d7e7344f01d81766cc	k__Bacteria; p__Planctomycetes; c__Planctomycetia; o__Gemmatales; f__Gemmataceae; g__Gemmata; s__	1.0
49205e6c7e9ca599015fc0ff6fc16bd1	k__Bacteria; p__Proteobacteria; c__Betaproteobacteria; o__Burkholderiales; f__Oxalobacteraceae; g__; s__	1.0
abde46a77a836dfbd4d53d6b9da8e949	k__Bacteria; p__Proteobacteria; c__Deltaproteobacteria; o__Bdellovibrionales; f__Bacteriovoracaceae; g__; s__	0.9
c1182aa6b992584b886beb7ce1593135	k__Bacteria; p__Chlamydiae; c__Chlamydiia; o__Chlamydiales	1.0
98bc8720d77e2a756940adcaae0426e5	k__Bacteria; p__Proteobacteria; c__Gammaproteobacteria; o__Methylococcales; f__Crenotrichaceae; g__Crenothrix; s__	1.0
ca4d2b8f4ae5a861518c098796739689	k__Bacteria; p__Actinobacteria; c__Thermoleophilia; o__Gaiellales; f__; g__; s__	1.0
d6131a9e5c6f236b4208d42483179c6b	k__Bacteria; p__Proteobacteria; c__Gammaproteobacteria; o__Methylococcales; f__; g__; s__	0.9
2e062abbb66f68d4dfffbc3a23927eb2	k__Bacteria; p__Proteobacteria; c__Alphaproteobacteria; o__Rhizobiales; f__Xanthobacteraceae; g__Xanthobacter; s__	0.8
84df9c4157e132b3824413473a3ee79a	k__Bacteria; p__Verrucomicrobia; c__Verruco-5; o__WCHB1-41; f__; g__; s__	0.9
5a26facc37dd311cfbce87db2068a1f4	k__Bacteria; p__Bacteroidetes; c__[Saprospirae]; o__[Saprospirales]; f__Saprospiraceae; g__; s__	1.0
548d69b2dd6e5b925aec2e390498cbeb	k__Bacteria; p__TM6	1.0
ad0e2285e694755b36c18d0d8054b12b	k__Bacteria; p__Proteobacteria; c__Gammaproteobacteria; o__Legionellales; f__Coxiellaceae; g__Rickettsiella; s__	1.0
6f8edd749f5ce66f72299fb0c5f60624	k__Bacteria; p__Verrucomicrobia; c__Opitutae; o__Opitutales; f__Opitutaceae; g__; s__	1.0
dc82be6cca388553e5e790630035337a	k__Bacteria; p__Proteobacteria; c__Alphaproteobacteria; o__; f__; g__; s__	0.8
9ac9068cce2befb8c62b125811ef8643	k__Bacteria; p__Planctomycetes; c__Planctomycetia; o__Pirellulales; f__Pirellulaceae; g__; s__	0.6
fa59a3808d98b2596007da39dce866e0	k__Bacteria; p__Chlamydiae; c__Chlamydiia; o__Chlamydiales	0.8
9ff2f42fe8cb9737fbf9d14eaf610ae4	k__Bacteria; p__Cyanobacteria; c__Chloroplast; o__Streptophyta; f__; g__; s__	1.0
e2a6ba9c64dcb061b8415c84c18400c8	k__Bacteria; p__Proteobacteria; c__Alphaproteobacteria; o__Rhodobacterales; f__Rhodobacteraceae; g__Rhodobacter; s__	0.9
0fa1af30d8a8d837c9d5ec89e5d77a97	Unassigned	0.0
fa76a38801422a3e0b5c486501874e10	k__Bacteria; p__Proteobacteria; c__Gammaproteobacteria; o__Legionellales; f__Legionellaceae	1.0
829bf016a0e16c29d11acd7a27388e49	k__Bacteria; p__Bacteroidetes; c__[Saprospirae]; o__[Saprospirales]; f__Saprospiraceae; g__; s__	1.0
f5bfeadd77c31b5c6430d94efc0ae41c	k__Bacteria; p__Proteobacteria; c__Alphaproteobacteria; o__Rhodobacterales; f__Rhodobacteraceae; g__Paracoccus	0.9
38e36ca3c3f262a69131a788172a6cba	k__Bacteria; p__Proteobacteria; c__Alphaproteobacteria; o__Caulobacterales; f__Caulobacteraceae; g__; s__	0.6
1e4dd6bfc3a05ac4f381c2f91ffb00e1	k__Bacteria; p__Actinobacteria; c__Thermoleophilia; o__Gaiellales; f__; g__; s__	1.0
03504343f1a002c55077638bfd76ffd6	k__Bacteria; p__Proteobacteria; c__Betaproteobacteria; o__Burkholderiales; f__Comamonadaceae; g__; s__	0.9
9e69d4382cd7db813e0996a3b153d07e	k__Bacteria; p__Bacteroidetes; c__Cytophagia; o__Cytophagales; f__Cytophagaceae; g__; s__	1.0
ca3802d0dad97b4809caa1fe17b5848d	k__Bacteria; p__Planctomycetes; c__Planctomycetia; o__Pirellulales; f__Pirellulaceae; g__; s__	1.0
f7a9aee02d421e9bb7eedbc43731cbf7	k__Bacteria; p__Bacteroidetes; c__Bacteroidia; o__Bacteroidales; f__Bacteroidaceae; g__; s__	0.6
82e3dba2f530171c8a6a9d81e648c424	k__Bacteria; p__Cyanobacteria; c__Chloroplast; o__Stramenopiles; f__; g__; s__	1.0
093cca53eb0526e36ec3a96644288348	k__Bacteria; p__Proteobacteria; c__Alphaproteobacteria; o__Rickettsiales; f__; g__; s__	1.0
ae26021a7564183a4f43d7ab015eb365	k__Bacteria; p__Bacteroidetes; c__[Saprospirae]; o__[Saprospirales]; f__Saprospiraceae; g__; s__	1.0
e98682d16249f4fcfbf9addb3ffb46c6	k__Bacteria; p__Bacteroidetes; c__Bacteroidia; o__Bacteroidales; f__[Paraprevotellaceae]; g__[Prevotella]; s__	1.0
ac4e51054c0df5efb222c25151392943	k__Bacteria; p__Proteobacteria; c__Betaproteobacteria; o__Procabacteriales; f__Procabacteriaceae; g__; s__	1.0
63686eb5424fdcc9a5ab6a1baae1ed0d	k__Bacteria; p__Bacteroidetes; c__Cytophagia; o__Cytophagales; f__Cytophagaceae; g__Flectobacillus; s__	1.0
b8b098705fa7f7d029dfb268a7cdc35e	k__Bacteria; p__Verrucomicrobia; c__Opitutae; o__Opitutales; f__Opitutaceae; g__; s__	0.9
78eeff57634f4d2c602b2e0093a31cd6	k__Bacteria; p__Proteobacteria; c__Deltaproteobacteria; o__Bdellovibrionales; f__Bacteriovoracaceae; g__; s__	0.7
d62380f5ed454ed86789761cd33c3de0	k__Bacteria; p__Proteobacteria; c__Alphaproteobacteria; o__Rickettsiales; f__mitochondria; g__Phytophthora	0.6
ddf5499869ad40aabee90089446d1b2a	k__Bacteria; p__Actinobacteria; c__Actinobacteria; o__Actinomycetales; f__Mycobacteriaceae; g__Mycobacterium; s__	1.0
6d25aae164ba45a940459359ffb0ddb8	k__Bacteria; p__Proteobacteria; c__Deltaproteobacteria; o__Bdellovibrionales; f__Bacteriovoracaceae; g__; s__	0.9
5cca2f443259add7132159a2f48bddad	k__Bacteria; p__Gemmatimonadetes; c__Gemmatimonadetes; o__; f__; g__; s__	1.0
5e4b75f939fbcadd2c066dc19410e7d7	k__Bacteria; p__Proteobacteria; c__Betaproteobacteria; o__Burkholderiales; f__Comamonadaceae; g__; s__	0.8
9549a0fd2ce303037f9b6173e66d68c1	k__Bacteria; p__TM7; c__TM7-1; o__; f__; g__; s__	1.0
ce6ac7fd6d4e49b5359b691983c842e2	k__Bacteria; p__Proteobacteria; c__Betaproteobacteria; o__Rhodocyclales; f__Rhodocyclaceae	1.0
72a3e6aff748bfaf8867820c17baac8f	k__Bacteria; p__Cyanobacteria; c__Oscillatoriophycideae; o__Chroococcales	0.6
cdd2244cdde8fe8b85108e99b666cf48	k__Bacteria; p__Proteobacteria; c__Deltaproteobacteria; o__Bdellovibrionales; f__Bdellovibrionaceae; g__Bdellovibrio; s__	0.8
fbdcc24ba96ca3f7847fba7a4324879c	k__Bacteria; p__Proteobacteria; c__Betaproteobacteria; o__Ellin6067; f__; g__; s__	1.0
c3e97d29b0475ad12f88ddcfb94e8796	k__Bacteria; p__Proteobacteria; c__Alphaproteobacteria; o__Rhizobiales; f__; g__; s__	0.8
077e82ecf8ec70cc4a66cebe65dc692c	Unassigned	0.0
aa4ad2bdf29b12795744030e22088ddb	k__Bacteria; p__TM6; c__SJA-4; o__; f__; g__; s__	1.0
d559814047c2a1b5436cf69dfac47be3	k__Bacteria; p__Cyanobacteria; c__Chloroplast; o__Streptophyta; f__; g__; s__	0.7
2a61a03fb4ffab39a1f20cec2918a5d6	k__Bacteria; p__Cyanobacteria; c__Chloroplast; o__Stramenopiles; f__; g__; s__	1.0
7d269f33569faa54c272cd7e987c555a	k__Bacteria; p__Proteobacteria; c__Alphaproteobacteria; o__Rickettsiales; f__; g__; s__	1.0
f25a5ad8c7b55958a880b9f2e1c9ce21	k__Bacteria; p__Actinobacteria; c__Acidimicrobiia; o__Acidimicrobiales; f__C111; g__; s__	0.9
058c215293685a603c094c911e845d52	k__Bacteria; p__Chlamydiae; c__Chlamydiia; o__Chlamydiales; f__Parachlamydiaceae	0.8
e0e822baa21dca5bc69b52a8355ca83c	k__Bacteria; p__GN02; c__BD1-5; o__; f__; g__; s__	1.0
44a047472a6325994622c512f0868368	k__Bacteria; p__Actinobacteria; c__Actinobacteria; o__Actinomycetales; f__; g__; s__	1.0
a57f6ce422f8f80ffad26c5c394592fd	k__Bacteria; p__Planctomycetes; c__Planctomycetia; o__Gemmatales; f__Gemmataceae; g__Gemmata; s__	1.0
6356a9c644c61939364bacd01631ccfb	k__Bacteria; p__Spirochaetes; c__Spirochaetes; o__Spirochaetales; f__Spirochaetaceae; g__Treponema; s__	1.0
1d59e60c6d02e73cac5b74e420e8c064	k__Bacteria; p__Proteobacteria	0.9
256db0f492932c0183fa397f44ab61a2	k__Bacteria; p__Bacteroidetes; c__Cytophagia; o__Cytophagales; f__[Amoebophilaceae]	0.6
737c7bfc35a7ace812960ed776c58f00	k__Bacteria; p__Proteobacteria; c__Alphaproteobacteria; o__; f__; g__; s__	1.0
7572def594d67e54962ba3eb7bec759e	k__Bacteria; p__Proteobacteria; c__Alphaproteobacteria; o__Rickettsiales; f__mitochondria; g__Synedra; s__acus	1.0
b6248391f8f53ae205d850573739d744	k__Bacteria; p__Proteobacteria; c__Betaproteobacteria; o__Burkholderiales; f__Comamonadaceae	1.0
979dc03bb4fe09dd9fba1f15eb593b90	k__Bacteria; p__Proteobacteria; c__Deltaproteobacteria; o__Spirobacillales; f__; g__; s__	1.0
26ece57dbb12380045a190a5533b04fc	k__Bacteria; p__Proteobacteria; c__Deltaproteobacteria; o__Myxococcales; f__; g__; s__	1.0
30fd9ff3f2d18bbeef270b5b83644087	k__Bacteria; p__Proteobacteria; c__Alphaproteobacteria; o__Rhizobiales; f__Rhizobiaceae	0.6
58374a40b328987ff8aa71e1b2fc3959	k__Bacteria; p__Proteobacteria; c__Alphaproteobacteria; o__Sphingomonadales; f__Sphingomonadaceae; g__Sphingomonas; s__	1.0
957fd1b548e2f6b99579affe0f7cbb6c	k__Bacteria; p__Verrucomicrobia; c__Verruco-5; o__SS1-B-03-39; f__; g__; s__	0.8
2c4b37279ed009e6bdda8af974b45e6d	k__Bacteria; p__Gemmatimonadetes; c__Gemmatimonadetes; o__Gemmatimonadales; f__Gemmatimonadaceae; g__Gemmatimonas; s__	1.0
017f2cbb7b5866e309f2ee8da7d5873e	k__Bacteria; p__Proteobacteria; c__Deltaproteobacteria	0.8
d8dc13e80ff15958223db62b176913ce	k__Bacteria; p__Proteobacteria; c__Deltaproteobacteria; o__Desulfobacterales; f__Desulfobulbaceae; g__; s__	0.7
2dac3b591552ebe2db25d339cb78b60e	k__Bacteria; p__Cyanobacteria; c__Chloroplast; o__Cryptophyta; f__; g__; s__	1.0
6e92eb47a658913653b320ae8bf4d02a	k__Bacteria; p__GN02; c__BD1-5; o__; f__; g__; s__	0.6
0d2d6b11d304a3974658d0629a67d957	Unassigned	0.0
586362d493da543e927823b9f428e208	k__Bacteria; p__Proteobacteria; c__Gammaproteobacteria; o__Pseudomonadales; f__Pseudomonadaceae; g__Pseudomonas; s__veronii	0.6363636363636364
19bd577bfecb10a39248efec31717dcf	k__Bacteria; p__Firmicutes; c__Clostridia; o__Clostridiales	0.9
327b0b864b763b8764996b6c4b117c67	k__Bacteria; p__Bacteroidetes; c__Flavobacteriia; o__Flavobacteriales; f__Flavobacteriaceae; g__Flavobacterium; s__	1.0
2caa0750403583734e67d545919fe965	k__Bacteria; p__Verrucomicrobia; c__Opitutae; o__Opitutales; f__Opitutaceae; g__; s__	0.9
3aefb2b05136e60ea075b64d73ec125c	k__Bacteria; p__Proteobacteria; c__Alphaproteobacteria; o__Rhodospirillales; f__Acetobacteraceae; g__Roseomonas; s__	0.8
bee95d75a049131ab58e13ac4cb571d9	k__Bacteria; p__Cyanobacteria; c__4C0d-2; o__MLE1-12; f__; g__; s__	1.0
3ae4735a6f821be600dc11aa5a7784a3	k__Bacteria; p__Proteobacteria; c__Deltaproteobacteria; o__Desulfobacterales; f__Desulfobacteraceae; g__; s__	0.6
99a30a406b7b41aad5ae18fadfcdf5ac	k__Bacteria; p__Proteobacteria; c__Betaproteobacteria; o__Burkholderiales	1.0
2acbb7bf987f47b96b1bcc23c67952bc	k__Bacteria; p__Bacteroidetes; c__[Saprospirae]; o__[Saprospirales]; f__Saprospiraceae; g__; s__	1.0
076286ad3f52203b0e1402fd9a12d228	k__Bacteria; p__Proteobacteria; c__Alphaproteobacteria; o__Rhizobiales; f__Phyllobacteriaceae	0.9
b072dc61427e234243d149c405042945	k__Bacteria; p__Bacteroidetes; c__Bacteroidia; o__Bacteroidales; f__Porphyromonadaceae; g__Paludibacter; s__	1.0
100e194935a0343e33d7ac4ae247f010	k__Bacteria; p__Proteobacteria; c__Gammaproteobacteria; o__Methylococcales; f__Crenotrichaceae; g__Crenothrix; s__	1.0
55792eff3e458225eae1cfe59ab75905	k__Bacteria	1.0
5e5f0a4d09c025dd3b33e4474e3ed29d	k__Bacteria; p__Proteobacteria; c__Gammaproteobacteria; o__Xanthomonadales; f__Sinobacteraceae; g__; s__	1.0
52891eab6d64f05548edac51a3bfa96e	k__Bacteria; p__Cyanobacteria; c__Chloroplast; o__Stramenopiles; f__; g__; s__	1.0
80a4d2dbb90157b02fffbbae8cdc7f24	k__Bacteria; p__Proteobacteria; c__Betaproteobacteria; o__Burkholderiales; f__Oxalobacteraceae	0.8
c9a1605f29b7ad9d89ccaee32b8f6dac	k__Bacteria; p__WS3; c__PRR-12; o__GN03; f__; g__; s__	1.0
2350b6f8925819620e03b8896821b243	Unassigned	0.0
a655ebba1ea2e91be51389c9ce412600	k__Bacteria; p__Firmicutes; c__Clostridia; o__Clostridiales; f__Clostridiaceae; g__Clostridium; s__perfringens	0.9
c87e0d9794543bc5c440301e58a1b63f	k__Bacteria; p__Acidobacteria; c__Sva0725; o__Sva0725; f__; g__; s__	1.0
62bc16e9acb94c95f27bdd4196afad9b	k__Bacteria; p__Verrucomicrobia; c__[Spartobacteria]; o__[Chthoniobacterales]; f__[Chthoniobacteraceae]; g__Candidatus Xiphinematobacter; s__	1.0
628c472c680dee7f3604ca67dea40ed0	k__Bacteria; p__Proteobacteria; c__Gammaproteobacteria; o__Pseudomonadales; f__Moraxellaceae; g__Acinetobacter; s__rhizosphaerae	1.0
f7376498847dfb0ed68db28ad034a214	k__Bacteria; p__Bacteroidetes; c__[Saprospirae]; o__[Saprospirales]; f__Saprospiraceae; g__; s__	1.0
3cca74b6f2d53d747459f473dd605b3d	k__Bacteria; p__Cyanobacteria; c__Chloroplast; o__Streptophyta; f__; g__; s__	1.0
facadd0ec4d6283fb5f162fb12f2700e	k__Bacteria; p__Planctomycetes; c__Planctomycetia; o__Pirellulales; f__Pirellulaceae; g__; s__	1.0
cc7ee4ba0cecd6e2c453f5bc92a215ee	k__Bacteria; p__Proteobacteria; c__Deltaproteobacteria	1.0
eeab6d8dab45ed569dd46919331fd058	k__Bacteria; p__Verrucomicrobia; c__Verrucomicrobiae; o__Verrucomicrobiales; f__Verrucomicrobiaceae; g__; s__	1.0
63e04ab4f0c1ec25360029e124b5d475	k__Bacteria; p__Planctomycetes; c__Planctomycetia; o__Gemmatales; f__Isosphaeraceae; g__; s__	0.9
bdb7c13b9d97123eb6904be58b8d1a6f	k__Bacteria; p__Proteobacteria; c__Betaproteobacteria; o__Burkholderiales; f__Comamonadaceae; g__; s__	0.7
dd47633dec75c3d753a1379aabd142b9	k__Bacteria; p__Bacteroidetes; c__Sphingobacteriia; o__Sphingobacteriales; f__; g__; s__	1.0
fe46ac88a50ed385a0d1fa2d4c1a8d68	k__Bacteria; p__Proteobacteria; c__Betaproteobacteria; o__Burkholderiales; f__Oxalobacteraceae; g__; s__	0.6
cbfd89b83bfe1b54f9b3c6ba72b65222	k__Bacteria; p__GN02; c__BB34; o__; f__; g__; s__	1.0
efbde6e3bb9985c2b7e06de8e8bacdb5	k__Bacteria; p__Proteobacteria; c__Gammaproteobacteria; o__Methylococcales; f__Crenotrichaceae; g__Crenothrix; s__	0.8
550268789723c754fc6a5b0c61d009fb	k__Bacteria; p__Actinobacteria; c__Acidimicrobiia; o__Acidimicrobiales; f__C111; g__; s__	1.0
74c54f8c57dd475931b9b2507e60d1d0	k__Bacteria; p__Planctomycetes; c__Planctomycetia; o__Pirellulales; f__Pirellulaceae; g__; s__	1.0
3ab032f4b248e138bb6be55ddcf24db3	k__Bacteria; p__Proteobacteria; c__Gammaproteobacteria; o__Chromatiales; f__; g__; s__	0.8
6c9fcf6ffea573b5967360d4e6e8cc2d	k__Bacteria	1.0
dcf55e8e1087f55c8f56d977f878e306	k__Bacteria; p__Cyanobacteria	1.0
a7b4b441f9f05a4245e152ba9a4ba0ad	k__Bacteria; p__GN02; c__BD1-5; o__; f__; g__; s__	1.0
35e135aac8bb8bb6e0cb1fdcdcc26925	k__Bacteria; p__Firmicutes; c__Clostridia; o__Clostridiales	0.6
91c2100c58545c553d6378a1295716ef	k__Bacteria; p__Planctomycetes; c__Planctomycetia; o__Gemmatales; f__Gemmataceae; g__Gemmata; s__	0.8
8f046a768816dc0e976cf9c351fb743c	k__Bacteria; p__Proteobacteria; c__Alphaproteobacteria; o__Rhodospirillales; f__Rhodospirillaceae; g__; s__	1.0
feb371da8a96d40e762ebd12638df41b	k__Bacteria; p__Proteobacteria	0.9
7dd9f24f4b25b2fa53f3f86012981fda	k__Bacteria; p__Cyanobacteria; c__Synechococcophycideae; o__Synechococcales; f__Synechococcaceae; g__Synechococcus; s__	1.0
b95f21bff1e82063e339b5022b0d0ca7	k__Bacteria; p__Proteobacteria; c__Alphaproteobacteria; o__Sphingomonadales; f__Sphingomonadaceae	0.9
5fa1c3131065133de59d9f7ad495537a	k__Bacteria; p__Bacteroidetes; c__Bacteroidia; o__Bacteroidales; f__Rikenellaceae; g__Blvii28; s__	1.0
1e45a414a6d1ea16fa5aa898bd758d94	k__Bacteria; p__Fibrobacteres; c__Fibrobacteria	0.7
5408d1b36a3c5e7de42756a38cc91117	k__Bacteria; p__Proteobacteria	0.9
f90b4da2b35a0ba3df5e817e53b17340	k__Bacteria; p__Actinobacteria; c__OPB41; o__; f__; g__; s__	1.0
3ce6ac4c35c66115aaf038c91a8c4237	k__Bacteria; p__TM6; c__SBRH58; o__; f__; g__; s__	1.0
09e854b7e9eccbbdc6afdd5b07e4b2fe	k__Bacteria; p__Firmicutes; c__Clostridia; o__Clostridiales; f__[Mogibacteriaceae]; g__; s__	0.7777777777777778
83fa974889c0b8f527725382589aa25b	k__Bacteria; p__Proteobacteria; c__Deltaproteobacteria; o__Bdellovibrionales; f__Bacteriovoracaceae; g__; s__	0.6
8740caa81fa28353a9f45adde84463e8	k__Bacteria; p__Proteobacteria; c__Alphaproteobacteria; o__Rhizobiales; f__; g__; s__	1.0
a43c641da0ec6c5c172f70166e5a5ae1	k__Bacteria; p__Actinobacteria; c__Actinobacteria; o__Actinomycetales; f__; g__; s__	0.8
d509c521526e19caeffbb17dd77a83fd	k__Bacteria; p__Proteobacteria; c__Gammaproteobacteria; o__Alteromonadales; f__125ds10; g__; s__	1.0
cb03d316e9a12e09124702a5165c24e2	k__Bacteria; p__Bacteroidetes; c__[Saprospirae]; o__[Saprospirales]	0.6
29e0f117024ec1d233a0b500e3202f8d	k__Bacteria; p__Bacteroidetes; c__Cytophagia; o__Cytophagales; f__Cytophagaceae; g__Emticicia; s__	1.0
a3a439f45a9a53b4b7d2bf724c096daa	k__Bacteria; p__Tenericutes; c__Mollicutes; o__Entomoplasmatales; f__; g__; s__	1.0
cbc674177587a2e18924d29301ee15d6	k__Bacteria; p__Proteobacteria; c__Deltaproteobacteria; o__Myxococcales; f__Haliangiaceae; g__; s__	1.0
7d451b26435c11c1d36a0eef64fd7c50	k__Bacteria; p__Bacteroidetes; c__Sphingobacteriia; o__Sphingobacteriales; f__; g__; s__	1.0
d9b1de235de87f473c14a8934e64386d	k__Bacteria; p__Planctomycetes; c__OM190; o__CL500-15; f__; g__; s__	1.0
1e6a9176bc31dfa819a8e2264c6651ed	k__Bacteria; p__Planctomycetes; c__Planctomycetia; o__Pirellulales; f__Pirellulaceae; g__; s__	1.0
1203d9fb8ad9ba815af59a299a7b66cd	k__Bacteria; p__OD1; c__ZB2; o__; f__; g__; s__	1.0
000e7a23692323bd665a67f670613f0e	k__Bacteria; p__Proteobacteria; c__Betaproteobacteria; o__Burkholderiales; f__Alcaligenaceae; g__; s__	1.0
d8027cd3206b4deba872b117e14b55ac	k__Bacteria; p__Proteobacteria; c__Alphaproteobacteria; o__Sphingomonadales; f__Sphingomonadaceae; g__Novosphingobium; s__	0.8
1bb8a46da7794401d12c07976216a58e	k__Bacteria; p__Actinobacteria; c__Actinobacteria; o__Actinomycetales; f__Microbacteriaceae	1.0
bd7212e906feae3b25d50ace84796c5d	k__Bacteria; p__Cyanobacteria; c__Chloroplast; o__Chlorophyta; f__Chlamydomonadaceae	0.7
f362e92aae2432b81f62bc21e1bf0110	k__Bacteria; p__Proteobacteria; c__Deltaproteobacteria; o__Myxococcales; f__; g__; s__	1.0
89ccd5b80fdb58ae8a5dd5af85175e2e	k__Bacteria; p__Bacteroidetes; c__Sphingobacteriia; o__Sphingobacteriales; f__; g__; s__	1.0
93bb35ae43743a8ece73abc1c6f86c74	k__Bacteria; p__Proteobacteria; c__Alphaproteobacteria; o__Rhodobacterales; f__Rhodobacteraceae; g__Rhodobacter; s__	1.0
d52e97410367539143c6cc95463fa185	k__Bacteria; p__Proteobacteria; c__Gammaproteobacteria; o__Xanthomonadales; f__Xanthomonadaceae; g__; s__	1.0
3ee09d31c6bdfb1db87bc468466ac0ce	k__Bacteria; p__Verrucomicrobia; c__Opitutae; o__Opitutales; f__Opitutaceae; g__Opitutus; s__	0.8
d9685f59d4acee629d52cdf8582f8732	k__Bacteria; p__Planctomycetes; c__Planctomycetia; o__Planctomycetales; f__Planctomycetaceae; g__Planctomyces; s__	1.0
0f9fd64f0c256bd6362cf1fd02c84a76	k__Bacteria; p__Planctomycetes; c__OM190; o__agg27; f__; g__; s__	1.0
6828bb83c80adafed77bc7442a15256e	k__Bacteria; p__Proteobacteria; c__Deltaproteobacteria; o__Desulfuromonadales; f__Geobacteraceae; g__Geobacter; s__	1.0
ed75072c0ee0d6d58f361400420b8445	k__Bacteria; p__Cyanobacteria; c__Chloroplast; o__Euglenozoa; f__; g__; s__	1.0
3e70b335d94942bc82a269e71d19ea23	k__Bacteria; p__Bacteroidetes; c__Cytophagia; o__Cytophagales; f__Cytophagaceae; g__Leadbetterella; s__	1.0
487581eb31f8a55f563a12b6d6d75e74	k__Bacteria; p__Proteobacteria; c__Betaproteobacteria; o__Burkholderiales; f__Comamonadaceae	0.9
c3052698f68b993d6b387105590a5bb1	k__Bacteria; p__Proteobacteria; c__TA18; o__PHOS-HD29; f__; g__; s__	1.0
d0ddb702fc2c59a40e7dc3e9979df6e0	k__Bacteria; p__Cyanobacteria; c__Nostocophycideae; o__Stigonematales; f__Rivulariaceae; g__Calothrix; s__	1.0
b7ada4bf87be3e7078541be418448e47	k__Bacteria; p__Firmicutes; c__Bacilli; o__Bacillales	0.6
bf2ed163f775e6c00f18d9202fb7406e	k__Bacteria; p__Proteobacteria; c__Deltaproteobacteria; o__Myxococcales; f__; g__; s__	0.9
260c65c88f2631c0f1100dd0b05d1dd1	k__Bacteria; p__Bacteroidetes; c__Bacteroidia; o__Bacteroidales; f__Porphyromonadaceae; g__Paludibacter; s__	1.0
a7e8d7ed3fad9121261c7f8f6011b100	k__Bacteria; p__Verrucomicrobia; c__[Pedosphaerae]; o__[Pedosphaerales]; f__R4-41B; g__; s__	0.6
de99a2d9cf3f37a174339604efc62b9e	k__Bacteria; p__Verrucomicrobia; c__[Spartobacteria]; o__[Chthoniobacterales]; f__[Chthoniobacteraceae]; g__; s__	0.8
ee6981cdc6175e579379b1a6b4aac101	k__Bacteria; p__Proteobacteria; c__Deltaproteobacteria; o__Bdellovibrionales; f__Bacteriovoracaceae; g__; s__	0.9
d8e64146920c46dc39eebd508947ec4b	k__Bacteria; p__Proteobacteria; c__Gammaproteobacteria; o__Legionellales; f__Coxiellaceae; g__; s__	0.9
66cc05af2b0986d862f28412f69904ac	k__Bacteria; p__Verrucomicrobia; c__Opitutae; o__Opitutales; f__Opitutaceae; g__; s__	0.9
ccb92d8ebba62d8d4b3c4241e69295e2	k__Bacteria; p__Proteobacteria; c__Alphaproteobacteria	1.0
e585d8b8c27836628a6fe467eca057c6	k__Bacteria; p__Bacteroidetes; c__[Saprospirae]; o__[Saprospirales]; f__Chitinophagaceae; g__; s__	0.8
ee1237208d1e8ea99fe504be1b3415ed	k__Bacteria; p__Proteobacteria; c__Betaproteobacteria; o__Methylophilales; f__Methylophilaceae; g__; s__	0.9
9e10a35ed1397c6d92bc3a7e004051e3	Unassigned	0.0
70b165fadb2b37c3bed61ab104bf28a2	k__Bacteria; p__Fusobacteria; c__Fusobacteriia; o__Fusobacteriales; f__Fusobacteriaceae; g__Cetobacterium; s__somerae	1.0
3a0d3c16cb7d167d95085a963feca2a2	k__Bacteria; p__Cyanobacteria; c__Chloroplast; o__Streptophyta; f__; g__; s__	1.0
884760b0f2f70f461ff674928b5a94ba	k__Bacteria; p__Actinobacteria; c__Acidimicrobiia; o__Acidimicrobiales; f__C111; g__; s__	1.0
a17a3c60dd8ac71fd50607a87cfbaee8	k__Bacteria; p__Proteobacteria; c__Deltaproteobacteria; o__Bdellovibrionales; f__Bdellovibrionaceae; g__; s__	0.9
463991e97ffaf3b04fd2fe1056922713	k__Bacteria; p__Cyanobacteria; c__Chloroplast; o__Chlorophyta; f__Chlamydomonadaceae	0.8
9999b2edae1b4c615ef0bf8c7cfd6cd6	k__Bacteria; p__Proteobacteria; c__Alphaproteobacteria; o__Rhizobiales; f__Brucellaceae; g__Ochrobactrum; s__intermedium	0.6
bf3cda57d87c5c0a527b3b07c78c7b2d	k__Bacteria; p__Proteobacteria; c__Alphaproteobacteria; o__Caulobacterales; f__Caulobacteraceae; g__Asticcacaulis	0.9
3ad297872f63c834fd7785ebf6b33c6b	k__Bacteria; p__Planctomycetes; c__Planctomycetia; o__Pirellulales; f__Pirellulaceae; g__; s__	1.0
346e41da154dde7ca0e5cd642043e214	k__Bacteria; p__Proteobacteria; c__Betaproteobacteria; o__Burkholderiales; f__Oxalobacteraceae; g__; s__	0.8
6809e78d944cd285769e8b96a2dbd07f	k__Bacteria; p__Actinobacteria; c__Actinobacteria; o__Actinomycetales	1.0
c6f5c0ea3cdb654bc9ec8570f9151d2a	k__Bacteria; p__Firmicutes; c__Bacilli; o__Lactobacillales; f__Streptococcaceae; g__Streptococcus; s__	0.8
7725bca3f9af4e7fcdc3dc879f3d2305	k__Bacteria; p__Proteobacteria	0.9
f25708788b2c866ee6326c491ab68b05	k__Bacteria; p__Proteobacteria; c__Alphaproteobacteria; o__Rhizobiales; f__; g__; s__	1.0
1b74cfb1695bf74c8072ddcff339edd1	k__Bacteria; p__Proteobacteria; c__Deltaproteobacteria; o__Bdellovibrionales; f__Bacteriovoracaceae; g__; s__	1.0
9accf55d6a860fbed3e459dad9117ae1	k__Bacteria; p__Proteobacteria; c__Gammaproteobacteria; o__Legionellales; f__; g__; s__	1.0
1f0b0b5e1b79a08123521a298937903a	k__Bacteria; p__Proteobacteria; c__Betaproteobacteria; o__Methylophilales; f__Methylophilaceae	0.7
e362365f8103292fb9aea5227b50a28d	Unassigned	0.0
638ab0059fd8056ee1532d6d9d6cb682	k__Bacteria; p__Firmicutes; c__Clostridia; o__Clostridiales; f__; g__; s__	0.8
0a30f79e0c95c94f07cde70cd55bc830	k__Bacteria; p__Proteobacteria; c__Deltaproteobacteria	1.0
e7b233e544ef72255d868caab5fc314c	k__Bacteria; p__Proteobacteria; c__Alphaproteobacteria; o__Caulobacterales; f__Caulobacteraceae; g__Phenylobacterium; s__	0.7
3fab9c0dbc6bcf59705793250ab0a2be	k__Bacteria; p__Planctomycetes; c__Planctomycetia; o__Gemmatales; f__Gemmataceae; g__Gemmata; s__	0.8
0e74da0a78e2c4a520e27e68ef0659ab	k__Archaea; p__Euryarchaeota; c__Methanobacteria; o__Methanobacteriales; f__Methanobacteriaceae; g__Methanobacterium; s__	0.7
65baf11c48b78ddb4094cbec008de6c4	k__Bacteria; p__Proteobacteria; c__Alphaproteobacteria; o__Rhizobiales; f__; g__; s__	0.6
22bd137f1870640c8c206089a0b735ce	k__Bacteria; p__Planctomycetes; c__Planctomycetia; o__Gemmatales; f__Gemmataceae; g__Gemmata; s__	1.0
fdf62bbe4dce5faf1fa0f4c4dbe04584	k__Bacteria; p__Firmicutes; c__Bacilli; o__Bacillales	0.7
84e897cb0d9b913e29f22c01f8d7455f	k__Bacteria; p__Bacteroidetes; c__Cytophagia; o__Cytophagales; f__Cytophagaceae; g__; s__	1.0
5ce4b3175445e2225887bf395aa5b4a3	k__Bacteria; p__Acidobacteria; c__Holophagae; o__Holophagales; f__Holophagaceae; g__; s__	0.8
31730a3cc7cd805d667e0232459b9392	k__Bacteria; p__Proteobacteria; c__Gammaproteobacteria; o__Pseudomonadales; f__Moraxellaceae; g__Perlucidibaca; s__	0.6
a82db3b71352ed67fd845b1aa58f8d5d	k__Bacteria; p__Planctomycetes; c__Planctomycetia; o__Pirellulales; f__Pirellulaceae; g__; s__	1.0
c4d20939a2a53ca374de1a6d435c07ec	k__Bacteria; p__Actinobacteria; c__Thermoleophilia; o__Solirubrobacterales; f__; g__; s__	1.0
42185716f8d07153dd2b4ba25e0d77dd	k__Bacteria; p__Proteobacteria; c__Alphaproteobacteria; o__Sphingomonadales; f__; g__; s__	0.7
cc11b25cddf912d2b9f1d5399a5e1895	k__Bacteria; p__Firmicutes; c__Clostridia; o__Clostridiales; f__Ruminococcaceae; g__; s__	0.8
180f89e57f5cc32e1fc3dd2c671c3b12	k__Bacteria; p__Bacteroidetes; c__Cytophagia; o__Cytophagales; f__Cytophagaceae; g__Emticicia; s__	1.0
316d9387aacacb65531753f5e39bd931	k__Bacteria; p__Proteobacteria; c__TA18; o__CV90; f__; g__; s__	1.0
baa11cc42298bc193dcf94944b6efd24	k__Bacteria; p__Proteobacteria; c__TA18; o__PHOS-HD29; f__; g__; s__	0.8
2d28aacb00f93538245fe10b5b89901d	k__Bacteria; p__Proteobacteria; c__Alphaproteobacteria; o__Rhodobacterales; f__Rhodobacteraceae; g__Rhodobacter; s__	1.0
4c9bf2382e0f1d7e4c96a0dd0f0f074f	k__Bacteria; p__Gemmatimonadetes; c__Gemmatimonadetes; o__Gemmatimonadales; f__A1-B1; g__; s__	0.8
4385e2e6fa323f5753c35f0cd9d139fb	k__Bacteria; p__Proteobacteria; c__Alphaproteobacteria; o__Rhodobacterales	0.8
265952f1309fcb3836e4fe9e3785c21e	k__Bacteria; p__Firmicutes; c__Clostridia; o__Clostridiales; f__Lachnospiraceae; g__; s__	0.7
e7c6bd726c3dfce9615346044e7e5875	k__Bacteria; p__Planctomycetes; c__Planctomycetia; o__Pirellulales; f__Pirellulaceae; g__; s__	0.9
1d80740335e5b1be64310b19bc75c644	k__Bacteria; p__Proteobacteria; c__Deltaproteobacteria; o__Syntrophobacterales; f__Syntrophobacteraceae; g__; s__	1.0
f4d7d95e9d0c3d2d059e5aa1d6ec2a7c	k__Bacteria; p__Bacteroidetes; c__[Saprospirae]; o__[Saprospirales]; f__Chitinophagaceae; g__; s__	1.0
dd3c3b780ca067dca35f5dc3db82b175	k__Bacteria; p__Proteobacteria; c__Deltaproteobacteria; o__Myxococcales; f__OM27; g__; s__	1.0
79f26f36a909e1babe6b3c0700de4fb7	k__Bacteria; p__GN02; c__3BR-5F; o__; f__; g__; s__	0.9
f4a14cdbfcf484e9d7c1a8c6433bef9e	k__Bacteria; p__Actinobacteria; c__Actinobacteria; o__Actinomycetales; f__Mycobacteriaceae; g__Mycobacterium; s__	1.0
0a934c5c85d822abc971febcb5f04194	k__Bacteria; p__Proteobacteria; c__Alphaproteobacteria; o__Rickettsiales; f__Rickettsiaceae	1.0
79530c33e67e79544c0f9a31488b5fc7	k__Bacteria; p__Proteobacteria; c__Alphaproteobacteria; o__Caulobacterales; f__Caulobacteraceae; g__Asticcacaulis	0.9
0fac9eb25876724fed3f39f76f25382d	k__Bacteria; p__Bacteroidetes	1.0
e694192c57551c207cea70a6b8d0f92e	k__Bacteria; p__Cyanobacteria; c__Chloroplast; o__Euglenozoa; f__; g__; s__	1.0
a12f019bd55ece443ba4d0cd8eb12129	k__Bacteria; p__Bacteroidetes; c__Bacteroidia; o__Bacteroidales; f__Porphyromonadaceae; g__Paludibacter; s__	0.9
f2b8cddf25f245d72536e04769ae6d76	Unassigned	0.0
ce1466c7b2ac838b7c69886b472b93a8	k__Bacteria; p__Proteobacteria; c__Betaproteobacteria; o__Burkholderiales; f__Comamonadaceae; g__; s__	0.6
2ef706afec24df8e9a55d207409f7395	k__Bacteria; p__Cyanobacteria; c__Synechococcophycideae; o__Synechococcales; f__Synechococcaceae; g__Synechococcus; s__	1.0
281a61ec2963d411b4431109fef3bf53	k__Bacteria; p__Cyanobacteria; c__Chloroplast; o__Chlorophyta; f__Chlamydomonadaceae	0.6
063dc0126db32ae30a2c59e72052605a	k__Bacteria; p__Proteobacteria; c__Alphaproteobacteria; o__Rhizobiales	1.0
8bf2434c2bcae176f766aae9bbfa055e	k__Bacteria; p__Cyanobacteria; c__Chloroplast; o__Chlorophyta; f__; g__; s__	0.7
0bb0e06f21bdc37373ad1f25df70ee1a	k__Bacteria; p__Verrucomicrobia; c__Opitutae; o__[Cerasicoccales]; f__[Cerasicoccaceae]; g__; s__	1.0
d4464f5c41cea041670854c03a8076e2	k__Bacteria; p__Proteobacteria; c__Betaproteobacteria; o__Burkholderiales; f__Alcaligenaceae; g__; s__	1.0
daf55215b7007a50a52f3ed93096b8e4	k__Bacteria; p__Proteobacteria; c__Deltaproteobacteria; o__Desulfuromonadales; f__Geobacteraceae; g__Geobacter; s__	1.0
c74ee4a88f50bbe43b6b419df538d52a	k__Bacteria; p__Chlorobi; c__OPB56; o__; f__; g__; s__	1.0
c6a87c4fe9aef03f40f937a7299637dc	k__Bacteria; p__Firmicutes; c__Bacilli; o__Bacillales; f__Paenibacillaceae; g__Paenibacillus; s__amylolyticus	0.6
987d67c3d877633f2a3c2a441f24f362	k__Bacteria; p__Planctomycetes; c__Planctomycetia; o__Pirellulales; f__Pirellulaceae; g__; s__	1.0
df7d30723b646f660ee5d12ce69bf4b7	k__Bacteria; p__Proteobacteria; c__Gammaproteobacteria; o__Enterobacteriales; f__Enterobacteriaceae	1.0
e9a4aaaeeb590d2fad903731883570ab	Unassigned	0.0
c2bc54e29cde81040c02d696a9e0a635	k__Bacteria; p__Proteobacteria; c__Gammaproteobacteria; o__Pseudomonadales; f__Pseudomonadaceae; g__Pseudomonas; s__	0.8
73a16e45e5a5b8acf3f62769289cd270	k__Bacteria; p__Proteobacteria; c__Deltaproteobacteria; o__Myxococcales; f__; g__; s__	1.0
d8cf47499c748caa3cd5467a28936a83	k__Bacteria; p__Actinobacteria; c__Actinobacteria; o__Actinomycetales; f__; g__; s__	1.0
f56511228826ed9ecc78783ea127924b	k__Bacteria; p__Proteobacteria; c__Gammaproteobacteria; o__Pseudomonadales; f__Pseudomonadaceae; g__Pseudomonas	0.8
f42a4ccfd6622db29d49893912c19466	k__Bacteria; p__Actinobacteria; c__Acidimicrobiia; o__Acidimicrobiales; f__C111; g__; s__	1.0
6da8516ae005a7f0aff524fb15f17545	k__Bacteria; p__Proteobacteria; c__Betaproteobacteria; o__Ellin6067; f__; g__; s__	1.0
5596b720d7389f70c370834705a1e196	k__Bacteria; p__Planctomycetes; c__Planctomycetia; o__Pirellulales; f__Pirellulaceae; g__; s__	0.9
6ed097da09226a9f3be0c672d5f9058a	k__Bacteria; p__Cyanobacteria; c__Oscillatoriophycideae	0.6
ced7ab8fa3b5745dfca77ba59f2d07f8	k__Bacteria; p__Proteobacteria	0.6
e2b8c7823e22df545df0fa61410f48b2	k__Bacteria; p__OP3; c__BD4-9; o__; f__; g__; s__	1.0
483a3e489c2cc676146ef92283bd8a90	k__Bacteria; p__Proteobacteria; c__TA18; o__PHOS-HD29; f__; g__; s__	0.7
e2ea289578ca03b9e977718e8840e3de	k__Bacteria; p__Proteobacteria; c__Betaproteobacteria; o__MND1; f__; g__; s__	1.0
1069960056818cb9f8deb05754b0d9ef	k__Bacteria; p__Proteobacteria; c__Deltaproteobacteria; o__Myxococcales; f__OM27; g__; s__	1.0
b68a9ff3f058fe8f0fae5984ead5dc06	k__Bacteria; p__Proteobacteria; c__Alphaproteobacteria; o__Rickettsiales; f__; g__; s__	1.0
3be1cedb78427474bd895281803c3fb3	k__Bacteria; p__Planctomycetes; c__Planctomycetia; o__Planctomycetales; f__Planctomycetaceae; g__Planctomyces; s__	1.0
af2b4214c52d7c178668ec8315847151	k__Bacteria; p__Proteobacteria; c__Alphaproteobacteria; o__Rickettsiales; f__Rickettsiaceae; g__Rickettsia; s__	1.0
573a56c81540c172c618cc2111ead6ac	k__Bacteria; p__Proteobacteria; c__Gammaproteobacteria; o__Legionellales	0.9
24f4411d83616824b5dfdbfa9617bb99	k__Bacteria; p__Verrucomicrobia; c__[Spartobacteria]; o__[Chthoniobacterales]; f__[Chthoniobacteraceae]; g__Candidatus Xiphinematobacter; s__	0.9
56851a6bc7e23315972b948cb4ae07c0	k__Bacteria; p__Cyanobacteria; c__Chloroplast	0.8
076eb8a45a92e5a2b0f27da4674c9241	k__Bacteria; p__Bacteroidetes; c__Flavobacteriia; o__Flavobacteriales; f__Flavobacteriaceae; g__Flavobacterium; s__	1.0
e9ec492f876e40cb81ca7e2fe408fc6e	Unassigned	0.0
38b302667dcaa720bf905341a80597e8	k__Bacteria; p__Proteobacteria; c__Gammaproteobacteria; o__Xanthomonadales; f__Xanthomonadaceae; g__; s__	1.0
68a9841e2f8473af0b5f4fb9928db5e1	k__Bacteria; p__Firmicutes; c__Clostridia; o__Clostridiales; f__Christensenellaceae; g__; s__	0.7
e1dc7ba9aa7e5e0780cb7ab7b530547c	k__Bacteria; p__Proteobacteria; c__Alphaproteobacteria; o__Rhizobiales; f__Phyllobacteriaceae	0.9
f0f710ff1081899c9f24168ba8e6d4cf	Unassigned	0.0
706574ac143bdc048c47642e03c7ed81	k__Bacteria; p__Bacteroidetes; c__Sphingobacteriia; o__Sphingobacteriales; f__; g__; s__	1.0
97fb5214e9436e6ca12e6dd5815f943f	k__Bacteria; p__Bacteroidetes; c__Cytophagia; o__Cytophagales; f__Cytophagaceae	0.9
863185b9da1c26bd83025af0f4fae561	k__Bacteria; p__Acidobacteria; c__Holophagae; o__Holophagales; f__Holophagaceae; g__Geothrix; s__	1.0
f78e3270bf5389d0e30a308055c9ff90	k__Bacteria	1.0
e509643e854c2339bc4f26d623cd647f	k__Bacteria; p__Firmicutes; c__Clostridia; o__Clostridiales; f__Clostridiaceae; g__Clostridium; s__perfringens	1.0
6d5916be2b484a5deb5bb94e917efae8	k__Bacteria; p__Bacteroidetes	1.0
303736de5d76b23034fee14d42511ed0	k__Bacteria; p__Proteobacteria; c__Deltaproteobacteria; o__; f__; g__; s__	1.0
6b3ea87ae683b6e8d00b0c2b383328cd	k__Bacteria; p__Verrucomicrobia; c__Verrucomicrobiae; o__Verrucomicrobiales; f__Verrucomicrobiaceae; g__Prosthecobacter; s__	0.8
2273ff8acad755369815a361b617752d	k__Bacteria; p__Proteobacteria; c__Betaproteobacteria; o__Burkholderiales; f__Comamonadaceae	1.0
df759e3c8539fd300a7a48ac5dd1fdef	k__Bacteria; p__Firmicutes	0.6
105f6cef1621aebad94410b515d94949	k__Bacteria; p__Bacteroidetes; c__Cytophagia; o__Cytophagales; f__Cytophagaceae; g__Flectobacillus; s__	0.9
5fdaa8f1a02f2a52d3e0af8e4b07f027	k__Bacteria; p__Cyanobacteria; c__Chloroplast; o__Streptophyta; f__; g__; s__	0.9
5b2e24f71c5ff3b9cffdecb7c4252b35	k__Bacteria; p__Proteobacteria; c__Gammaproteobacteria; o__Pseudomonadales; f__Pseudomonadaceae; g__Pseudomonas; s__	1.0
f3c3aece3aca4d5bfc5f7ce6d8bbb18f	k__Bacteria; p__Proteobacteria; c__Alphaproteobacteria; o__Rickettsiales; f__; g__; s__	1.0
1c53924986b6bc5fd8ccfbc48b7cef36	Unassigned	0.0
2dda5fcc26e659f5aa62b5e80c757bdc	k__Bacteria; p__Proteobacteria; c__Betaproteobacteria; o__Rhodocyclales; f__Rhodocyclaceae; g__Dechloromonas; s__	0.7
2d0781231a65817cb10c40abb0923c4c	k__Bacteria; p__Proteobacteria; c__Alphaproteobacteria; o__Rickettsiales; f__; g__; s__	1.0
a6e16672a40959ccb2f62dc6c1630486	k__Bacteria; p__Planctomycetes; c__Planctomycetia; o__Pirellulales; f__Pirellulaceae; g__; s__	1.0
3b53088bb43d98f3db53d845afaf8a0a	k__Bacteria; p__Proteobacteria; c__Betaproteobacteria; o__Burkholderiales; f__Comamonadaceae; g__; s__	0.9
ae9c5c70e2306d376d96d7464160cec6	k__Bacteria; p__Cyanobacteria; c__Chloroplast; o__Stramenopiles; f__; g__; s__	1.0
843a8a5a9a576c2458e41e09dba92ae9	k__Bacteria; p__Bacteroidetes; c__Cytophagia; o__Cytophagales; f__Cytophagaceae; g__; s__	1.0
91aca2cae8209cb1f2a47c74b32dc3ed	k__Bacteria; p__Lentisphaerae; c__[Lentisphaeria]; o__Victivallales; f__Victivallaceae; g__; s__	1.0
fbf2a075cef5fba2dc3a0f5f15f55196	k__Bacteria; p__Proteobacteria; c__Alphaproteobacteria; o__Rhodobacterales; f__Hyphomonadaceae; g__; s__	1.0
e078b1df32586047bd9cb9f6c792dbb2	k__Bacteria; p__Proteobacteria; c__Gammaproteobacteria; o__Legionellales; f__Coxiellaceae; g__Aquicella; s__	1.0
66d9cdfd116abec6678e04c68f4902c6	k__Bacteria; p__Cyanobacteria; c__Chloroplast; o__Stramenopiles; f__; g__; s__	1.0
52aea550077c7be6ec6a5e5d56b1e5a6	k__Bacteria; p__Bacteroidetes; c__[Saprospirae]; o__[Saprospirales]; f__Saprospiraceae; g__; s__	1.0
ec5c72ad222ebb5e5b5602cede56dd58	k__Bacteria; p__Proteobacteria; c__Betaproteobacteria; o__Rhodocyclales; f__Rhodocyclaceae; g__Propionivibrio; s__	0.8
3770b17763c2c8416accc1b47153e6db	k__Bacteria; p__OD1; c__Mb-NB09; o__; f__; g__; s__	1.0
64f598aadde0a2023cf0fe2720c87018	k__Bacteria; p__Cyanobacteria; c__Chloroplast; o__Chlorophyta; f__Chlamydomonadaceae	0.6
c6be4e3814f3c7662c527f018205a82f	k__Bacteria; p__Proteobacteria; c__Gammaproteobacteria; o__Legionellales; f__; g__; s__	1.0
3f87ae35f683b4aa4441eefbab55fcf6	k__Bacteria; p__Proteobacteria; c__Betaproteobacteria; o__Rhodocyclales; f__Rhodocyclaceae; g__Dechloromonas; s__	0.7
920a118d4193c88a4938799f329a8ddd	k__Bacteria; p__Proteobacteria; c__Alphaproteobacteria	0.9
d217cd02ecc5f90925b37d2179f66287	k__Bacteria; p__Bacteroidetes; c__[Saprospirae]; o__[Saprospirales]; f__Saprospiraceae; g__; s__	1.0
2a92d0c99d97ff7b7080cce938ee7734	k__Bacteria; p__Bacteroidetes; c__Sphingobacteriia; o__Sphingobacteriales; f__; g__; s__	1.0
5a1bd1c7b1e3b0a549630651ff9c7253	k__Bacteria; p__Tenericutes; c__Mollicutes; o__; f__; g__; s__	0.8181818181818182
4778842c52ba659e689dab86ce4f41fe	k__Bacteria; p__Proteobacteria; c__Gammaproteobacteria; o__Xanthomonadales; f__Sinobacteraceae; g__; s__	1.0
c82a0eea0e783aaca97183f3bd5f4cec	k__Bacteria; p__Proteobacteria; c__Gammaproteobacteria; o__Legionellales	0.7
e65d2a2ae7226dce3946a20db3f8738e	k__Bacteria; p__Proteobacteria; c__Gammaproteobacteria; o__Pseudomonadales; f__Moraxellaceae	1.0
125f4a1521a6465713e6f31680312bdb	k__Bacteria; p__Proteobacteria; c__Alphaproteobacteria; o__Rhizobiales; f__Rhizobiaceae; g__Agrobacterium; s__	0.8
bd245b224227b61580a439add18cbe4d	Unassigned	0.0
a940d3aff2ca21614842a23ab2d98e50	k__Bacteria; p__Planctomycetes; c__Planctomycetia; o__Gemmatales; f__Gemmataceae; g__; s__	1.0
1a1201d27342c3f5119ab6fc1174521d	k__Bacteria; p__Proteobacteria; c__Alphaproteobacteria; o__Rhizobiales; f__Hyphomicrobiaceae; g__; s__	0.8
3aa11376af7468d512a1e81472628fe4	k__Bacteria; p__Proteobacteria; c__Betaproteobacteria; o__Methylophilales; f__Methylophilaceae	0.8
f6106545059160c96f30b90682b32ece	k__Bacteria; p__Proteobacteria; c__Gammaproteobacteria; o__Methylococcales; f__Methylococcaceae	0.8
04dde28be591768ef87dc6b9227e37de	k__Bacteria; p__Proteobacteria; c__Alphaproteobacteria; o__Sphingomonadales; f__Sphingomonadaceae; g__; s__	0.9
63c66c63d3b2ea613d848fe6fed0eaf7	k__Bacteria; p__Cyanobacteria; c__Nostocophycideae; o__Nostocales; f__Nostocaceae	1.0
106a7d92a53fe3a509197bdbaddd2b35	k__Bacteria; p__Actinobacteria; c__Thermoleophilia; o__; f__; g__; s__	1.0
75273fa5a659bae3ced5e8732c794e24	k__Bacteria; p__Bacteroidetes; c__[Saprospirae]; o__[Saprospirales]; f__Saprospiraceae; g__; s__	1.0
e0f66d04487e75afc25b35d04523a1a5	k__Bacteria; p__Verrucomicrobia; c__Verrucomicrobiae; o__Verrucomicrobiales; f__Verrucomicrobiaceae; g__; s__	1.0
6908e2104b53a08e261b121ee166b931	k__Bacteria; p__SR1; c__; o__; f__; g__; s__	1.0
7f5c5d536e9a0e91900115f31ed72d8e	k__Bacteria; p__Chloroflexi; c__Ellin6529; o__; f__; g__; s__	1.0
31eec4e7b9ec4d22d639dfe0b3fd9237	k__Bacteria; p__Actinobacteria; c__Actinobacteria; o__Actinomycetales; f__ACK-M1; g__; s__	0.9
9eece13c13f46bca998856d6e066126e	k__Bacteria; p__Proteobacteria; c__Alphaproteobacteria; o__Rhizobiales; f__Hyphomicrobiaceae; g__Devosia; s__	1.0
a187d0158f0de6bde0e7c0be44d98493	k__Bacteria; p__Bacteroidetes; c__Flavobacteriia; o__Flavobacteriales; f__Flavobacteriaceae; g__Flavobacterium; s__	1.0
ff63737510bb94734d5fc33fa0cf1cd8	k__Bacteria; p__Proteobacteria; c__Betaproteobacteria; o__Burkholderiales; f__Comamonadaceae; g__Methylibium; s__	0.6
e641bebce23db9dd009a1666181cad2c	k__Bacteria; p__Proteobacteria; c__Alphaproteobacteria; o__Rhodospirillales; f__Rhodospirillaceae; g__Novispirillum; s__	1.0
15e792d3b560727a2f309419badff99b	k__Bacteria; p__Proteobacteria; c__Alphaproteobacteria; o__Rickettsiales; f__; g__; s__	0.9
13892d6a8ac55136018b9d5b11eef340	k__Bacteria; p__Actinobacteria; c__Actinobacteria; o__Actinomycetales; f__; g__; s__	1.0
61bbe9c8e336ffec271cabcdea545956	k__Archaea; p__[Parvarchaeota]; c__[Parvarchaea]; o__YLA114; f__; g__; s__	1.0
b19264c8af89aef48b10b0a2b7760789	k__Bacteria; p__Bacteroidetes; c__Cytophagia; o__Cytophagales; f__Cytophagaceae; g__Emticicia; s__	1.0
c5bb272f19cd94f427471dccd5890d74	k__Bacteria; p__Proteobacteria; c__Deltaproteobacteria; o__Bdellovibrionales; f__Bdellovibrionaceae; g__Bdellovibrio; s__	1.0
f79f19389603f0e982ef2b788f3f592d	k__Bacteria; p__Actinobacteria; c__Acidimicrobiia; o__Acidimicrobiales; f__; g__; s__	1.0
be45b7e33fde6636468cccd41151b04d	Unassigned	0.0
fe229ca1681407f899b98a7bf9e971c5	k__Bacteria; p__Proteobacteria; c__Alphaproteobacteria	0.7
20cc3b3db1eca7bde85b9ad2abdd363d	k__Bacteria; p__Bacteroidetes; c__Flavobacteriia; o__Flavobacteriales; f__Cryomorphaceae; g__Fluviicola; s__	1.0
f7b20f61fb163f50edee438a66fde588	k__Bacteria; p__Proteobacteria; c__Betaproteobacteria; o__Nitrosomonadales; f__Nitrosomonadaceae; g__; s__	1.0
1790e7b2cc9f53bff30db06377652f2f	k__Bacteria; p__Proteobacteria; c__TA18; o__PHOS-HD29; f__; g__; s__	0.8
31b9583694895f4a647774651cc1072c	k__Bacteria; p__Proteobacteria; c__Alphaproteobacteria; o__Rhizobiales; f__; g__; s__	0.9
b1f05874f84117b7c47735c158f0582e	k__Bacteria; p__Cyanobacteria; c__Chloroplast; o__Stramenopiles; f__; g__; s__	1.0
72e370f0ba6da40966792afeb1670b98	k__Bacteria; p__Proteobacteria; c__Alphaproteobacteria	1.0
663150e884118c85516813879e93fa2a	k__Bacteria; p__Chloroflexi; c__Anaerolineae; o__Caldilineales; f__Caldilineaceae	1.0
8821b92ca0dd9a8af62f99e9fd91bcc3	k__Bacteria; p__OD1; c__; o__; f__; g__; s__	1.0
ff96251b93887577bb484e63e2ecad6a	k__Bacteria; p__Proteobacteria; c__Alphaproteobacteria; o__Rhizobiales; f__Rhizobiaceae; g__Rhizobium; s__	0.9
305f44d6af6ad3df80ea1c9f97c117fa	k__Bacteria; p__Proteobacteria; c__Deltaproteobacteria; o__Syntrophobacterales; f__Syntrophaceae; g__Desulfobacca; s__	1.0
e470b2d7441f8561744aa62e8e0222a1	k__Bacteria	1.0
7fdafacda12cf1b8df4d28fd6e8442c3	k__Bacteria; p__Actinobacteria; c__Acidimicrobiia; o__Acidimicrobiales; f__; g__; s__	1.0
e48bc380f712dcf0e7089c856e1a5cd5	k__Bacteria; p__Firmicutes; c__Clostridia; o__Clostridiales; f__[Acidaminobacteraceae]; g__Fusibacter; s__	0.7
6cc62b87c52175ef390c44e66c820a98	k__Bacteria; p__Proteobacteria; c__Deltaproteobacteria	1.0
65779091cc3272dd19c28a778630106c	k__Bacteria; p__Cyanobacteria; c__Chloroplast; o__Euglenozoa; f__; g__; s__	1.0
aacd1b0ff5af080d9b8f2917efb924a5	k__Bacteria; p__Bacteroidetes; c__Sphingobacteriia; o__Sphingobacteriales; f__; g__; s__	1.0
62ebb7dc87cb2672e8342f87b370d12b	k__Bacteria; p__Proteobacteria; c__Betaproteobacteria; o__Burkholderiales; f__Comamonadaceae; g__Hydrogenophaga; s__	0.7
1feb197d4945446beb85918afb09a952	k__Bacteria; p__Chloroflexi; c__Anaerolineae; o__envOPS12; f__; g__; s__	1.0
f3094d981ac86efd297557f6a3481bc0	k__Bacteria; p__Cyanobacteria; c__Chloroplast; o__Streptophyta; f__; g__; s__	1.0
4b388bee2c86236f5a406bd315909987	k__Bacteria; p__Firmicutes; c__Clostridia; o__Clostridiales; f__Ruminococcaceae; g__; s__	1.0
634b511d0f7bfc9fcc62db3433d92f98	k__Bacteria; p__Acidobacteria; c__Acidobacteriia; o__Acidobacteriales; f__Acidobacteriaceae	0.7
3d41b4d881604018b87dd7b2a9a13a84	k__Bacteria; p__Verrucomicrobia; c__[Spartobacteria]; o__[Chthoniobacterales]; f__[Chthoniobacteraceae]; g__Candidatus Xiphinematobacter; s__	0.9
0b07f4f79c917b87c2c0d4ac9fb06c04	k__Bacteria; p__Proteobacteria; c__Betaproteobacteria; o__Burkholderiales; f__Comamonadaceae; g__; s__	0.7
d336292cf4d382ad3d27149128c20585	Unassigned	0.0
95830f21a1f33fa75c000e33d96c4490	Unassigned	0.0
b1e723523263e9ae029bb3b05fb04e8f	k__Bacteria; p__Proteobacteria; c__Alphaproteobacteria; o__Rickettsiales; f__Rickettsiaceae; g__; s__	1.0
f5828dcc8a34585c9be2d7a42b2cbfc3	k__Bacteria; p__SR1; c__; o__; f__; g__; s__	1.0
f3a238fe3688e7d9cee8a9b9aa590e9f	k__Bacteria; p__Proteobacteria; c__Deltaproteobacteria; o__Myxococcales; f__; g__; s__	1.0
b45c3e939da9cf9af395d6ebecb29813	k__Bacteria; p__Proteobacteria; c__Gammaproteobacteria; o__Methylococcales; f__Methylococcaceae; g__Methylomonas; s__	0.9
fbf06d6cfb31a1126162dcd5e5a52864	k__Bacteria; p__Proteobacteria; c__Gammaproteobacteria; o__Methylococcales; f__Methylococcaceae	1.0
a59a6331684c32a428b9108b7d7aee4b	k__Bacteria; p__Proteobacteria; c__Deltaproteobacteria	1.0
1946249f20de6708504c82aeaf1f1a6c	k__Bacteria; p__Bacteroidetes; c__Cytophagia; o__Cytophagales; f__Cytophagaceae; g__Runella; s__	1.0
c087afd32bd7e015551819d43dc0c730	k__Bacteria; p__Chlorobi; c__Ignavibacteria; o__Ignavibacteriales; f__Ignavibacteriaceae; g__; s__	1.0
94fd241f1c31df3c45573f7850f92543	k__Bacteria; p__Proteobacteria; c__Alphaproteobacteria; o__Rhodospirillales; f__Acetobacteraceae; g__; s__	0.9
b13be9d8f466eb45bb92a7e74195e015	k__Bacteria; p__Bacteroidetes; c__[Saprospirae]; o__[Saprospirales]; f__Chitinophagaceae; g__; s__	1.0
db07cf506eb7276fa3fd15a1393ee5ab	k__Bacteria; p__Proteobacteria; c__Alphaproteobacteria	1.0
9c65786859636130338584b49be9a542	k__Bacteria; p__Proteobacteria; c__Alphaproteobacteria; o__Rickettsiales; f__; g__; s__	0.9
df394db6bb23a4cfd3a5b2938dfa7d42	k__Bacteria; p__Gemmatimonadetes; c__Gemmatimonadetes; o__Gemmatimonadales; f__A1-B1; g__; s__	0.8
feb59b815e8ef6d0ff722654328a5965	k__Bacteria; p__Proteobacteria; c__Gammaproteobacteria; o__Legionellales; f__Coxiellaceae; g__Aquicella; s__	1.0
4e70b977fde63a72dbad06872d38c236	k__Bacteria; p__Firmicutes; c__Clostridia; o__Clostridiales; f__Lachnospiraceae; g__; s__	0.9
4982429024ad5ac8a829fe867feed344	k__Bacteria; p__Chlamydiae; c__Chlamydiia; o__Chlamydiales	0.7
a886eb90cbeecd9aea6e95e63d13dd5d	k__Bacteria; p__Chloroflexi; c__Anaerolineae; o__SBR1031; f__A4b; g__; s__	1.0
f64bc3129b55b6b3ec3f14c390749231	k__Bacteria; p__Chlorobi; c__BSV26; o__PK329; f__; g__; s__	1.0
f454cc011e7144e33bda107977cb7b0a	k__Bacteria; p__Proteobacteria; c__Alphaproteobacteria; o__Caulobacterales; f__Caulobacteraceae; g__Phenylobacterium; s__	1.0
4f3a7b4959ca90db707ae59e69b44e35	k__Bacteria; p__Proteobacteria; c__Gammaproteobacteria; o__Pseudomonadales; f__Moraxellaceae; g__Perlucidibaca; s__	0.6
a8839deead58135290282492e1e28e4b	k__Bacteria; p__Bacteroidetes; c__[Saprospirae]; o__[Saprospirales]; f__Saprospiraceae; g__; s__	1.0
da593e0450bc99bfdb94bb1923c6f9bd	k__Bacteria; p__Firmicutes; c__Clostridia	0.6
61f57ee613ea61435189e25277c6f65f	k__Bacteria; p__Proteobacteria; c__Gammaproteobacteria; o__Alteromonadales; f__[Chromatiaceae]; g__Rheinheimera; s__	0.8
6bfbeaf17ca2587ad39f2b21aaff995a	k__Bacteria; p__Planctomycetes; c__OM190; o__CL500-15; f__; g__; s__	1.0
3259256e11c5eb3281a811db277e5905	k__Bacteria; p__Proteobacteria; c__Deltaproteobacteria; o__Desulfuromonadales; f__Desulfuromonadaceae; g__; s__	1.0
f6e71fbaba743ddeea0a960395fcecfb	k__Bacteria; p__Proteobacteria; c__Deltaproteobacteria; o__Myxococcales; f__; g__; s__	1.0
c68fefb3771ec58d62c8a3e1c57c4720	k__Bacteria; p__Proteobacteria; c__Betaproteobacteria; o__Burkholderiales; f__Comamonadaceae; g__; s__	0.6
e9e1a47e9250932a48a376ae3e812307	k__Bacteria; p__Verrucomicrobia; c__Verrucomicrobiae; o__Verrucomicrobiales; f__Verrucomicrobiaceae; g__; s__	0.9
bbb92fdf92a3a42042b956e5c90dd31b	k__Bacteria; p__Proteobacteria; c__Deltaproteobacteria; o__Myxococcales; f__; g__; s__	1.0
948d21c1127f8ad8ccf6f40efcae70e1	k__Bacteria; p__Proteobacteria; c__Betaproteobacteria; o__Burkholderiales; f__Comamonadaceae; g__Limnobacter; s__	0.9
5ff899040e2f234e95e9a130c6649ba6	k__Archaea; p__[Parvarchaeota]; c__[Parvarchaea]; o__WCHD3-30; f__; g__; s__	1.0
0ac74cc148ad9b6ea7375e041dc84ab2	k__Bacteria; p__Acidobacteria; c__Acidobacteria-6; o__iii1-15; f__; g__; s__	1.0
a92ebb3e6cef647ef9c932a2fb903d45	k__Bacteria; p__Proteobacteria; c__Alphaproteobacteria; o__Rhodospirillales; f__Acetobacteraceae; g__; s__	1.0
258f204892fc6dafc7a062720cb14b04	k__Bacteria; p__Cyanobacteria; c__Synechococcophycideae; o__Synechococcales; f__Acaryochloridaceae	0.8
bf9774c5b5367db931d35673db38d3f5	k__Bacteria; p__Chloroflexi; c__Anaerolineae; o__GCA004; f__; g__; s__	1.0
2c8d302aed58e4662bf055da0c1f1a6d	k__Bacteria; p__Cyanobacteria; c__Chloroplast; o__Chlorophyta; f__; g__; s__	1.0
1f2808c1ce47d882eb531ffcc1a38a2c	k__Bacteria; p__Cyanobacteria; c__Chloroplast; o__Euglenozoa; f__; g__; s__	1.0
87e24222c0f8ca25dccee9fd180031e8	k__Bacteria; p__Proteobacteria; c__Gammaproteobacteria; o__Enterobacteriales; f__Enterobacteriaceae	1.0
ba6ff0ace3c7d4b81688ac45916cf9a8	k__Bacteria; p__Proteobacteria; c__Deltaproteobacteria; o__Desulfobacterales; f__Desulfobacteraceae; g__; s__	1.0
a04672dbce4ef9e047d6e82a4fa14465	k__Bacteria; p__Bacteroidetes; c__Cytophagia; o__Cytophagales; f__[Amoebophilaceae]; g__SC3-56; s__	0.6
d000148d3b8b5e1750f99484b5392e93	k__Bacteria; p__TM7; c__TM7-1; o__; f__; g__; s__	1.0
1fcf32428a10c997209954b5837b9f7d	Unassigned	0.0
0f7735b3c06bb41382cec1327bdf29ff	k__Bacteria; p__Verrucomicrobia; c__Verrucomicrobiae; o__Verrucomicrobiales; f__Verrucomicrobiaceae; g__; s__	0.9
eb56f61bc740d712f87703f010fdfc86	k__Bacteria; p__Verrucomicrobia; c__Opitutae; o__Opitutales; f__Opitutaceae; g__; s__	1.0
1d164aa35a7faddb9f0690918a94895f	k__Bacteria; p__Proteobacteria; c__Alphaproteobacteria; o__Rhodobacterales; f__Rhodobacteraceae; g__Rhodobacter; s__	0.8
c6e1503cacb9957d34cdfe9bbee3c34a	k__Bacteria; p__OP3	1.0
def0e2723c48a1c6c1fb248dc3e52d34	k__Bacteria; p__Proteobacteria; c__Alphaproteobacteria; o__Rhodobacterales; f__Rhodobacteraceae; g__; s__	0.7
642b22d7dcf23a1ad64bbdedbe17abe8	k__Bacteria; p__Proteobacteria; c__Betaproteobacteria; o__Burkholderiales; f__Comamonadaceae	0.9
fe39f8f8b4c59554e65c48976142fdfa	k__Bacteria; p__Proteobacteria; c__Alphaproteobacteria; o__Rhodobacterales; f__Hyphomonadaceae; g__; s__	0.7
1a6305adcfecc8b857c1c9fed8375415	Unassigned	0.0
a4717fe9900d42ce94b94587d63a91c8	k__Bacteria; p__Bacteroidetes; c__Cytophagia; o__Cytophagales; f__Cytophagaceae; g__Leadbetterella; s__	1.0
6f8bee4f888312f75d14269b8ccf4a70	k__Bacteria; p__Firmicutes; c__Clostridia; o__Clostridiales; f__Lachnospiraceae	0.6
866b7c02eaf84608d7dd36bf41f04316	k__Bacteria; p__Proteobacteria; c__Gammaproteobacteria; o__Legionellales	0.7
c7a92481fcbb867a66dab910aeb9bead	k__Bacteria; p__Planctomycetes; c__Planctomycetia; o__Pirellulales; f__Pirellulaceae; g__; s__	0.7
bc8194df5ff6452da220eaac2072e931	k__Bacteria; p__Planctomycetes; c__Planctomycetia; o__Pirellulales; f__Pirellulaceae; g__; s__	1.0
bc776085812013bd93eda66fb4356496	k__Bacteria; p__Firmicutes; c__Clostridia; o__Clostridiales; f__Lachnospiraceae; g__; s__	0.8
1e2b1184599bd14eaa450db70a9d21c3	Unassigned	0.0
f541992c451ce10b60e42fcebfb9fc88	Unassigned	0.0
919dc8c452a5d0bf02758342827333d0	k__Archaea; p__[Parvarchaeota]; c__[Parvarchaea]; o__WCHD3-30; f__; g__; s__	1.0
c0fa770b13c5d12f807ac91703d535af	k__Bacteria; p__Bacteroidetes; c__Sphingobacteriia; o__Sphingobacteriales; f__; g__; s__	0.9
a36fe36b926b3c51f8786bf7ceb16618	k__Bacteria; p__Actinobacteria; c__Actinobacteria; o__Actinomycetales; f__; g__; s__	1.0
b2afd1b53bbf50f786281c33a44cc905	k__Bacteria; p__Proteobacteria; c__Alphaproteobacteria; o__Rhizobiales; f__; g__; s__	0.7
7e3382f1c40bacfa3106d5559912454f	k__Bacteria; p__Verrucomicrobia; c__Verrucomicrobiae; o__Verrucomicrobiales; f__Verrucomicrobiaceae; g__; s__	0.9
9ed29ac4d4866db8c3405873cf200ec3	k__Bacteria; p__Firmicutes; c__Clostridia; o__Clostridiales; f__[Mogibacteriaceae]; g__; s__	0.9
6f9836a64935fb790235c19048aac94a	k__Bacteria; p__Cyanobacteria; c__Nostocophycideae; o__Nostocales; f__Nostocaceae	1.0
604c4d763efbca769746f59cca9f260b	k__Bacteria; p__TM6; c__SJA-4; o__; f__; g__; s__	1.0
437bbc00ef32c33e0fb47d7d6bc947d5	k__Bacteria	1.0
67a2b2763461ae593cdce6fba02990e8	k__Bacteria; p__Proteobacteria; c__Alphaproteobacteria; o__Rhizobiales	0.6
486a821a0340008637fb62e3f987e578	Unassigned	0.0
51414ed059c0072a8699638dedbcd3b7	k__Bacteria; p__Proteobacteria; c__Alphaproteobacteria; o__Sphingomonadales; f__Sphingomonadaceae; g__Novosphingobium	0.6
cc5ec741d118440571e4b164e7a01aaf	k__Bacteria; p__Bacteroidetes; c__[Saprospirae]; o__[Saprospirales]; f__Saprospiraceae	1.0
89d4365cbff1e8afdd93f13089796d3f	Unassigned	0.0
c9be24787c4d7a80ec5ae6d27a88d133	k__Bacteria; p__Proteobacteria; c__Alphaproteobacteria; o__Rickettsiales; f__; g__; s__	1.0
93930fd022b79e81816ac5dd0e69f5ae	k__Bacteria; p__Cyanobacteria; c__Synechococcophycideae; o__Synechococcales; f__Synechococcaceae; g__Synechococcus; s__	1.0
5b9fea6b89a48372b8ef9c4c442dcd76	k__Bacteria; p__Proteobacteria; c__Alphaproteobacteria; o__BD7-3; f__; g__; s__	1.0
4ee7067802f2d57a9f8729e12a5b62b3	k__Bacteria; p__Verrucomicrobia; c__Opitutae; o__Opitutales; f__Opitutaceae; g__Opitutus; s__	0.6
a2289b53b2729add60ec113724929268	k__Bacteria; p__Cyanobacteria; c__Chloroplast; o__Chlorophyta; f__; g__; s__	1.0
c9f4a08b20eb599ecc38cf6fdb397ac3	k__Bacteria; p__Bacteroidetes; c__[Saprospirae]; o__[Saprospirales]; f__Saprospiraceae; g__; s__	1.0
9aefc384fed363bd7994783f07f1bebf	k__Bacteria; p__OP11; c__OP11-1; o__; f__; g__; s__	0.7142857142857143
84952103fe7c1bbaa1679f05836abee9	k__Bacteria; p__Proteobacteria; c__Alphaproteobacteria; o__Rhizobiales; f__; g__; s__	1.0
9695157c2c62f4d47cf25c5d652122d5	k__Bacteria; p__Proteobacteria; c__Alphaproteobacteria; o__Sphingomonadales; f__; g__; s__	0.7
7b75660b9bee34399c6b5b822b19752f	k__Bacteria; p__Proteobacteria; c__Alphaproteobacteria; o__; f__; g__; s__	1.0
5545f6e3bae760ac80ebd1d9e9824b5c	k__Bacteria; p__Proteobacteria; c__Betaproteobacteria; o__Burkholderiales; f__Comamonadaceae; g__; s__	0.7
77f4b5cfe637b342e8a3c155e36e5565	k__Bacteria; p__Bacteroidetes; c__[Saprospirae]; o__[Saprospirales]	0.8
f1ab00774a9835ef29ff6be4c49708be	k__Bacteria; p__SR1; c__; o__; f__; g__; s__	1.0
67416b5f6db2cb029bd260f63c425912	k__Bacteria; p__Proteobacteria; c__Alphaproteobacteria; o__BD7-3; f__; g__; s__	1.0
d8ee7c5eb94fd162bbea20776e664a14	Unassigned	0.0
1ac0d85124a2b16b4df4e4ee824f31a3	k__Bacteria; p__Proteobacteria; c__Alphaproteobacteria; o__Rhodospirillales; f__Rhodospirillaceae; g__Azospirillum; s__	1.0
c973c4e4c55b855f3f93cee669e51bfa	k__Bacteria; p__Actinobacteria; c__Actinobacteria; o__Actinomycetales; f__Sporichthyaceae; g__; s__	0.6
148419e1731edf4b3afb58122a61c8cc	k__Bacteria; p__Proteobacteria; c__Gammaproteobacteria; o__Xanthomonadales; f__Sinobacteraceae; g__Nevskia; s__ramosa	0.9
acb48adb13c6090224a60e2b692275a6	k__Bacteria; p__Planctomycetes; c__Phycisphaerae; o__Phycisphaerales; f__; g__; s__	1.0
73d3d00753e5ecd8c9606eae2f797994	k__Bacteria; p__Chloroflexi; c__Anaerolineae; o__SBR1031; f__A4b; g__; s__	1.0
7a3721ca42ebc18d4182a8e3e2a8e935	k__Bacteria; p__Proteobacteria; c__Alphaproteobacteria; o__Rhodospirillales; f__Rhodospirillaceae; g__; s__	1.0
e585acdaba00a5f7f748227d6c2e6883	k__Bacteria; p__Planctomycetes; c__Planctomycetia; o__Pirellulales; f__Pirellulaceae; g__; s__	1.0
eb7597e755994ec16f1587b29606fc59	k__Bacteria; p__Verrucomicrobia; c__Verrucomicrobiae; o__Verrucomicrobiales; f__Verrucomicrobiaceae; g__; s__	1.0
abb27ebf5942db2c7c34ad4a0f51e6ba	k__Bacteria; p__Proteobacteria; c__Gammaproteobacteria; o__Xanthomonadales; f__Xanthomonadaceae; g__; s__	1.0
1033c742dcb832cb255c2d2843ec301e	k__Bacteria; p__Cyanobacteria; c__Chloroplast; o__Stramenopiles; f__; g__; s__	1.0
1c5841638be8763a25ffc73bd54d2fdc	k__Bacteria; p__Chloroflexi; c__Anaerolineae; o__GCA004; f__; g__; s__	1.0
0f123c60ba5d28779a72ac4dc4a66d7f	k__Bacteria; p__Proteobacteria; c__Alphaproteobacteria; o__Sphingomonadales; f__; g__; s__	1.0
70d1c2bd43b2c16619181f8bf26b5c42	k__Bacteria; p__OD1	0.8888888888888888
859483cb4255a308a6f74fef694b126e	k__Bacteria; p__Bacteroidetes	1.0
18789336b1a937aa5c530139574af485	k__Bacteria; p__Planctomycetes; c__Planctomycetia; o__Pirellulales; f__Pirellulaceae; g__; s__	0.6
14dac428afe26e435af341789e7123db	k__Bacteria; p__Proteobacteria; c__Alphaproteobacteria; o__Rhodobacterales; f__Hyphomonadaceae; g__Hyphomonas; s__	1.0
2c07216caef299130ad7771d10e3bcad	k__Bacteria; p__Proteobacteria; c__Gammaproteobacteria; o__Methylococcales; f__Methylococcaceae; g__Methylocaldum; s__	0.7
38be9a0a158b787d5faf6dc55957ffbd	k__Bacteria; p__SR1; c__; o__; f__; g__; s__	1.0
54236aaec054e67517c4fb70fe424968	k__Bacteria; p__Firmicutes; c__Clostridia; o__Clostridiales; f__Peptostreptococcaceae; g__; s__	0.8
c3081a197ccf6bb1084e1821648f4be8	k__Bacteria; p__Cyanobacteria; c__Chloroplast; o__Stramenopiles; f__; g__; s__	1.0
32a1c5fe92331d0061ab9b6c307b05f0	k__Bacteria; p__Tenericutes; c__Mollicutes; o__Entomoplasmatales; f__; g__; s__	1.0
1af6d33f06cd794e89ddad1497cbae00	k__Bacteria	1.0
9a30466a7f6d673bb08cdf0bd674f805	k__Bacteria; p__Proteobacteria; c__Betaproteobacteria; o__SC-I-84; f__; g__; s__	0.8
1ed4111bd4e249e00d787cb1507377d0	k__Bacteria; p__Proteobacteria; c__Gammaproteobacteria	0.7
6f87e5521d6b8e0a2c0b03ad3d39cfce	k__Bacteria	1.0
5790668b7e02464ccf0bff38bed2879b	k__Bacteria; p__Proteobacteria; c__Deltaproteobacteria; o__Syntrophobacterales; f__Syntrophobacteraceae; g__; s__	0.8
921799c30564f9882a44800dd2871149	k__Bacteria; p__Proteobacteria; c__Betaproteobacteria; o__Burkholderiales; f__Oxalobacteraceae; g__Ralstonia; s__	1.0
6c541250747a073a7239bfd7909f2cda	k__Bacteria; p__Proteobacteria; c__Alphaproteobacteria; o__Rhodobacterales	0.6
07c33fb73e25dfaf87d270a2841a13d8	k__Bacteria; p__Verrucomicrobia; c__Verrucomicrobiae; o__Verrucomicrobiales; f__Verrucomicrobiaceae; g__; s__	1.0
c76d9e652bca01139c2a5e50d17487b8	k__Bacteria; p__Proteobacteria; c__Deltaproteobacteria; o__Bdellovibrionales; f__Bdellovibrionaceae; g__Bdellovibrio; s__	1.0
1c9ed1d4779e8709178c1545f66a32da	k__Bacteria; p__Bacteroidetes; c__Sphingobacteriia; o__Sphingobacteriales; f__; g__; s__	0.9
19ffb9603008f70beb4a0a955173ed5a	k__Bacteria; p__Proteobacteria; c__Alphaproteobacteria; o__Rickettsiales; f__; g__; s__	1.0
fafa57ced5a0bd60075d2525a809c238	k__Bacteria; p__Proteobacteria; c__Betaproteobacteria; o__Burkholderiales	1.0
419e4335c59318ec33e8f2cf56ad6e5e	k__Bacteria; p__Bacteroidetes; c__Cytophagia; o__Cytophagales; f__Cytophagaceae; g__; s__	0.9
0241e98753f0996d44a4568afcb176b6	k__Bacteria; p__Armatimonadetes; c__[Fimbriimonadia]; o__[Fimbriimonadales]; f__[Fimbriimonadaceae]; g__; s__	0.6
6c81963ceb3e95943af04e3617ca74e2	k__Bacteria; p__Proteobacteria; c__Gammaproteobacteria; o__Legionellales; f__Coxiellaceae; g__; s__	1.0
881b281070c300d0d19880ed9a0f130d	k__Bacteria; p__Proteobacteria; c__TA18; o__PHOS-HD29; f__; g__; s__	1.0
6a77e9a13c1b6a532a2e39025aa40599	k__Bacteria; p__Bacteroidetes; c__Flavobacteriia; o__Flavobacteriales; f__Flavobacteriaceae; g__Flavobacterium; s__	1.0
544697fb5855c87a2a656e05f401eab8	k__Bacteria; p__Planctomycetes; c__028H05-P-BN-P5; o__; f__; g__; s__	0.9
e053d8937e8b038fe9cb9873be503ea1	k__Bacteria; p__Bacteroidetes; c__Flavobacteriia; o__Flavobacteriales; f__Cryomorphaceae; g__; s__	1.0
2a4d73cc472282d5c51074670c3c7eac	k__Bacteria; p__Bacteroidetes; c__Bacteroidia; o__Bacteroidales; f__; g__; s__	1.0
8a762318f3d9886db38d8da3c7ea0c23	Unassigned	0.0
86169d8057f2e800a0bdee252058bf3c	k__Bacteria; p__Proteobacteria; c__Deltaproteobacteria; o__Myxococcales; f__OM27; g__; s__	1.0
8bc741173f99934181a332967a177bc0	k__Bacteria; p__Proteobacteria; c__Alphaproteobacteria; o__Rhizobiales; f__; g__; s__	0.7
4875d4ad788863b6ca87faa8f478f018	k__Bacteria; p__Proteobacteria; c__Alphaproteobacteria; o__; f__; g__; s__	0.6
048ead254da1b3d7ea76d49ba44e7e5b	k__Bacteria; p__Proteobacteria; c__Alphaproteobacteria; o__Rickettsiales; f__; g__; s__	0.7
7a03cca4b588924d63d64eba66bd8906	k__Bacteria; p__Actinobacteria; c__Actinobacteria; o__Actinomycetales; f__ACK-M1; g__; s__	1.0
ce76abde8001edc9616423ada2bbde78	Unassigned	0.0
0730de60c80d238cc118c02115c04beb	k__Bacteria; p__Acidobacteria; c__Solibacteres; o__Solibacterales; f__[Bryobacteraceae]; g__; s__	1.0
ad4cb5f3a235537aff4b88cd4425b52f	k__Bacteria; p__Proteobacteria; c__TA18; o__PHOS-HD29; f__; g__; s__	1.0
4e03d211890afe14e6ecc811f0142de3	k__Bacteria; p__Proteobacteria; c__Deltaproteobacteria; o__; f__; g__; s__	1.0
1b676653d660ea96c34687e0145cccdd	k__Bacteria; p__Bacteroidetes; c__[Saprospirae]; o__[Saprospirales]; f__Chitinophagaceae; g__; s__	1.0
7bc3bec08c6614eca2cda5e6ff56de8c	k__Bacteria; p__Spirochaetes; c__Spirochaetes; o__[Borreliales]; f__[Borreliaceae]; g__Borrelia; s__	0.8
ce34de9bcff2a73a525f7901bac8e7d3	k__Bacteria; p__Bacteroidetes	1.0
73b75efd5846a62ff2d77e81a580e132	k__Bacteria; p__Bacteroidetes; c__Sphingobacteriia; o__Sphingobacteriales; f__Sphingobacteriaceae; g__Pedobacter; s__	0.9
1f767bd2b69bf211a69bb018e9426402	k__Bacteria; p__Bacteroidetes; c__[Saprospirae]; o__[Saprospirales]; f__Saprospiraceae; g__; s__	0.9
3fac1a9a2ebc248698276f6f6fb07e60	k__Bacteria; p__Cyanobacteria; c__Chloroplast; o__Cryptophyta; f__; g__; s__	0.6
9eb0c14bb86a9585f23e40878a58e186	Unassigned	0.0
824425546223b8f3d5c7e06b3cd1cd5c	k__Bacteria; p__OP3	0.9
6abe873706cb6b0eec668fe8fbcad6d2	k__Bacteria; p__Actinobacteria; c__Actinobacteria; o__Actinomycetales; f__ACK-M1; g__; s__	1.0
b6b0033364dd87aced6d550569289ebe	k__Bacteria; p__Proteobacteria; c__Alphaproteobacteria; o__Rickettsiales; f__Rickettsiaceae; g__Rickettsia; s__	1.0
19cc57a4b82c63d3f210d0eafd07c75d	k__Bacteria; p__Proteobacteria; c__Alphaproteobacteria; o__Rickettsiales; f__; g__; s__	0.9
cf147fcb00f81c43d8e234b63060209a	k__Bacteria; p__Proteobacteria; c__Deltaproteobacteria; o__Spirobacillales; f__; g__; s__	0.8
5aa115a06728071bf0a640a7a527abbc	k__Bacteria; p__Cyanobacteria; c__; o__; f__; g__; s__	0.6
a77d81d8744b37fc537cc42a10d601d6	k__Bacteria; p__Proteobacteria; c__Alphaproteobacteria; o__Rhodobacterales; f__Rhodobacteraceae; g__Rhodobacter; s__	0.8
149dc0e285e4158994e6296a686f8871	k__Bacteria; p__Proteobacteria; c__Deltaproteobacteria; o__Myxococcales; f__OM27; g__; s__	1.0
1244e0765c4e22816f64dc0d9b2784c2	k__Bacteria; p__Proteobacteria; c__Deltaproteobacteria; o__Myxococcales; f__; g__; s__	1.0
5f257e507ba8988f36809d295398ebef	k__Bacteria; p__Firmicutes; c__Clostridia; o__Clostridiales; f__Lachnospiraceae; g__; s__	0.6
0e773049ea2d5b20735b0f9a365de0e4	k__Bacteria; p__Proteobacteria; c__Gammaproteobacteria; o__Alteromonadales; f__Alteromonadaceae; g__Cellvibrio; s__	1.0
06e85edf8629efc163ed3092171c6600	k__Bacteria; p__Proteobacteria; c__Betaproteobacteria; o__Burkholderiales; f__; g__; s__	0.9
ca60f76d5c8c0c7fae262d793e67a7d1	k__Bacteria; p__Actinobacteria; c__Actinobacteria; o__Actinomycetales; f__; g__; s__	1.0
8b334aea5863864a266f9466acba7991	k__Bacteria; p__Firmicutes; c__Clostridia; o__Clostridiales; f__Lachnospiraceae; g__Coprococcus; s__	0.6
f803b3c1e4329ccfb18ff6250b36835a	k__Bacteria; p__Acidobacteria; c__OS-K; o__; f__; g__; s__	1.0
cddf222091b766f49a924c6d7af58e30	k__Bacteria; p__Acidobacteria; c__Acidobacteria-6; o__iii1-15; f__RB40; g__; s__	1.0
51fa8b702c1a3087bc5ef06ce904f936	k__Bacteria; p__Proteobacteria; c__Gammaproteobacteria; o__Pseudomonadales; f__Moraxellaceae; g__Perlucidibaca; s__	0.9
ccc3d332c18bf411d9ef1522c07f4385	k__Bacteria; p__Proteobacteria; c__Alphaproteobacteria; o__Rickettsiales; f__; g__; s__	1.0
f2e9abff7b10964793dffb44ae57979b	k__Bacteria; p__Proteobacteria; c__Gammaproteobacteria; o__Alteromonadales; f__OM60; g__; s__	0.7
9f744de6fff19615ad53c7855695e6de	k__Bacteria; p__Proteobacteria; c__Betaproteobacteria; o__Burkholderiales; f__Comamonadaceae; g__Hydrogenophaga; s__	0.7
3acb16e3d6808d6b0bddcee64558ca83	k__Bacteria; p__Proteobacteria; c__Betaproteobacteria; o__Neisseriales; f__Neisseriaceae; g__; s__	0.6
41d5565e00c3f410fbfb2f03f25aa62f	k__Bacteria; p__Proteobacteria; c__Deltaproteobacteria; o__Myxococcales; f__Haliangiaceae; g__; s__	1.0
35b9e08ca1e0e616cc61fca5c6bc38e8	k__Bacteria; p__Tenericutes; c__Mollicutes; o__; f__; g__; s__	1.0
45c310417ef361f86b4c9fd2313b0d7a	k__Bacteria; p__Proteobacteria; c__Alphaproteobacteria; o__Sphingomonadales; f__Sphingomonadaceae; g__Novosphingobium; s__	0.6
38b9c683de5e8fde4af73056bd138da7	k__Bacteria; p__Bacteroidetes; c__Cytophagia; o__Cytophagales; f__Cytophagaceae; g__; s__	1.0
85622370d033be6db4295c7fb86132b9	k__Bacteria; p__Planctomycetes; c__Planctomycetia; o__Gemmatales; f__Gemmataceae; g__Gemmata; s__	0.8
a83c97de595df9001096a809c98beed7	k__Bacteria; p__OD1; c__ZB2; o__; f__; g__; s__	1.0
69c1a46d5bad6702f0716800c8f440fd	Unassigned	0.0
0b7a005ab6f2041e7610602c5f0b5b33	Unassigned	0.0
b4b1ae4fe6b7fc8b4aff18dc039576c9	k__Bacteria; p__Bacteroidetes; c__Flavobacteriia; o__Flavobacteriales; f__Cryomorphaceae; g__; s__	1.0
573a3b313781bfb29b695f6e292b3574	k__Bacteria; p__Actinobacteria; c__Actinobacteria; o__Actinomycetales; f__; g__; s__	1.0
619f82c35da8349da35c5921ec6a1599	k__Bacteria; p__Actinobacteria; c__Thermoleophilia; o__Gaiellales; f__; g__; s__	1.0
9a8283dafe4b7c5a7d55fd8d8c276c79	k__Bacteria; p__OP3; c__BD4-9; o__; f__; g__; s__	1.0
6c337f6c458fe484dbb91ee0d5510794	k__Bacteria; p__Firmicutes; c__Clostridia; o__Clostridiales; f__Lachnospiraceae; g__Epulopiscium; s__	1.0
a8ccae60f0f59ec20abd1bcb619e817e	k__Bacteria; p__Firmicutes; c__Clostridia; o__Clostridiales; f__Ruminococcaceae; g__Ruminococcus; s__	1.0
bd1ae965fe93573947e315eb2159e256	k__Bacteria; p__Bacteroidetes; c__Cytophagia; o__Cytophagales; f__Cytophagaceae; g__Emticicia; s__	1.0
ab8dee75199dfbd37f9e9f3677f00da1	k__Bacteria; p__Planctomycetes; c__Planctomycetia; o__Gemmatales; f__Gemmataceae; g__Gemmata; s__	0.9
3527486e909b6bece376488eef792552	k__Bacteria; p__Proteobacteria; c__Alphaproteobacteria; o__Rickettsiales; f__; g__; s__	0.9
2e47f437243d0bc3ed3e1a13ca32717c	k__Bacteria; p__Gemmatimonadetes; c__Gemm-1; o__; f__; g__; s__	1.0
c3b764e0e2e205c600656049617c7e90	k__Bacteria; p__Proteobacteria; c__Deltaproteobacteria; o__Spirobacillales; f__; g__; s__	1.0
9599dd52a26464a8a6d76ef84e4af845	k__Bacteria; p__Proteobacteria; c__Deltaproteobacteria; o__Bdellovibrionales; f__Bacteriovoracaceae; g__; s__	0.9
981838a488f484a418ea4233231677b3	k__Bacteria; p__Planctomycetes	1.0
0c9e33aac3d555eb20027d6a8da1cece	k__Bacteria; p__Proteobacteria; c__Betaproteobacteria; o__Procabacteriales; f__Procabacteriaceae; g__; s__	0.7
d824c44cb28ac7040392ff658caa4f6c	k__Bacteria; p__Bacteroidetes; c__Flavobacteriia; o__Flavobacteriales; f__Flavobacteriaceae; g__Flavobacterium; s__	1.0
8c30f6d990f80aab42f9caa9c33349ee	k__Bacteria; p__Proteobacteria; c__Alphaproteobacteria; o__Sphingomonadales; f__Sphingomonadaceae; g__Novosphingobium; s__	0.9
b7b14bfad4c34d21a606c33f7b27bf72	k__Bacteria; p__Bacteroidetes; c__Cytophagia; o__Cytophagales; f__Cytophagaceae; g__Leadbetterella; s__	1.0
94fbe4d8895b7315bb34f8f6911c7a7b	k__Bacteria; p__Proteobacteria; c__Deltaproteobacteria; o__Myxococcales; f__Polyangiaceae; g__; s__	1.0
a014e7a39aa3b074d691466e9f94b07d	Unassigned	0.0
943d1e0d4ff706c410213c56389f45db	k__Bacteria; p__Proteobacteria; c__Alphaproteobacteria; o__; f__; g__; s__	0.6
fa7ee705c58830ab697fcfe11eea9fb3	k__Bacteria; p__OD1; c__ZB2; o__; f__; g__; s__	1.0
1b2e91d2f387c8388df602892f2fd852	k__Bacteria; p__Proteobacteria; c__Alphaproteobacteria; o__Rhizobiales	0.6
15e84379afc6d8ce3951cf84be8274c3	k__Bacteria; p__Verrucomicrobia; c__Opitutae; o__Opitutales; f__Opitutaceae; g__; s__	1.0
7467a8ed1fe4081de255103858e1e7b8	k__Bacteria; p__Proteobacteria; c__Betaproteobacteria; o__Burkholderiales; f__Comamonadaceae; g__; s__	0.7
ca8ce93324bb8ca938d40baaf5634300	k__Bacteria; p__Proteobacteria; c__Alphaproteobacteria; o__Sphingomonadales; f__Sphingomonadaceae; g__Sphingomonas	0.7
fc4440834d5dd7e2587414a6ecc90876	k__Bacteria; p__Bacteroidetes; c__Cytophagia; o__Cytophagales; f__Cytophagaceae; g__; s__	1.0
af4c55c4d6f0970075b01cb0a579d8ac	Unassigned	0.0
85f3cf173b34854a0944a1c3f984d52b	k__Bacteria; p__Actinobacteria; c__Actinobacteria; o__Actinomycetales; f__; g__; s__	1.0
9dbc45984ce8de201698b59bc2750fda	k__Bacteria; p__Proteobacteria; c__Alphaproteobacteria; o__; f__; g__; s__	1.0
8fc1b15c29e51347bd041752e693c6a7	k__Bacteria; p__Proteobacteria; c__Alphaproteobacteria; o__Rhizobiales; f__; g__; s__	0.7
847d8cf133fdb896f78c7e467728cc3d	k__Bacteria; p__Bacteroidetes; c__Sphingobacteriia; o__Sphingobacteriales; f__Sphingobacteriaceae; g__; s__	0.9
2d4eb23dd6ff6632b0d11e17c35b1c5e	k__Bacteria; p__Bacteroidetes; c__Cytophagia; o__Cytophagales	0.7
8267dc34cd469cfeccef5d245bcc514e	k__Bacteria; p__Proteobacteria; c__Gammaproteobacteria; o__Methylococcales; f__Methylococcaceae; g__Methylomonas; s__	1.0
fd8b961e9cbf1ce96e23cea1f6a3ba5c	k__Bacteria; p__Proteobacteria	0.6
b00e2392551db18a5f467e420108dcd6	k__Bacteria; p__Cyanobacteria; c__Chloroplast; o__Stramenopiles; f__; g__; s__	1.0
9065cb24c96ae57230f67a81d5f0ef5b	k__Bacteria; p__Proteobacteria; c__Deltaproteobacteria; o__; f__; g__; s__	1.0
c962842d1a4c60a96ba6bdea97bf74d3	k__Bacteria; p__Proteobacteria; c__Deltaproteobacteria; o__Myxococcales; f__; g__; s__	1.0
ebea45904648d2420428d8fe768bc7d8	k__Bacteria; p__OP3	0.7
3659dd328616069bc44a4eac1af44249	k__Bacteria; p__Proteobacteria; c__Alphaproteobacteria; o__Rhizobiales; f__; g__; s__	0.7
b5ae7cd229c44278b87332888f3674bf	k__Bacteria; p__Proteobacteria	1.0
ca4d391fd60696cdc1d6211738c60ea6	k__Bacteria; p__Firmicutes; c__Clostridia; o__Clostridiales; f__Christensenellaceae; g__; s__	0.6
c86de4a1907500d7e7fef2457f50bdc8	k__Bacteria; p__Bacteroidetes; c__Flavobacteriia; o__Flavobacteriales; f__Cryomorphaceae; g__Fluviicola; s__	1.0
25cce6b0088dcea27840ffe00c9335a0	k__Bacteria; p__Verrucomicrobia; c__Verrucomicrobiae; o__Verrucomicrobiales; f__Verrucomicrobiaceae; g__Prosthecobacter; s__	0.8
16f20b1bd1fa0ebb70212e6baef845e7	k__Bacteria; p__Proteobacteria; c__Alphaproteobacteria; o__Rhodospirillales; f__Rhodospirillaceae; g__; s__	0.9
58e928cb65fe315a632208807b1a51f2	k__Bacteria; p__Proteobacteria; c__Betaproteobacteria; o__Burkholderiales; f__Comamonadaceae	0.9
3cc3cefd3fc5f2af6a2124e0fdea906d	k__Bacteria; p__Proteobacteria; c__Alphaproteobacteria; o__; f__; g__; s__	0.6
3efed48f484095578e5c38bb68e2abfb	k__Bacteria; p__Proteobacteria; c__Alphaproteobacteria	1.0
ebbe811b2e585e5bcc35461742894e48	k__Bacteria; p__Firmicutes; c__Clostridia; o__Clostridiales; f__[Mogibacteriaceae]; g__; s__	1.0
4038f25cad709488cfaa0e58de18eb56	k__Bacteria; p__TM6; c__SJA-4; o__; f__; g__; s__	0.9
984c65e13638e2ef32ba0bb178296a69	k__Bacteria; p__Proteobacteria; c__Betaproteobacteria; o__; f__; g__; s__	0.7
b4156f501077d33123561f65d6c4913c	k__Bacteria; p__Proteobacteria	0.9
e45beee626549a7c41e8ac4e111aeb1b	k__Bacteria; p__Bacteroidetes; c__Flavobacteriia; o__Flavobacteriales; f__Cryomorphaceae; g__Fluviicola; s__	1.0
6833ebc40ac3fd34b4abd5d183ca65c7	k__Bacteria; p__NKB19; c__TSBW08; o__; f__; g__; s__	1.0
b348d43e7d5b5de40a51b497f603d3c8	k__Bacteria; p__Bacteroidetes; c__Bacteroidia; o__Bacteroidales; f__Porphyromonadaceae; g__Paludibacter; s__	0.6
640d4b79db3984add58655d7b162d482	k__Bacteria; p__Proteobacteria; c__Alphaproteobacteria; o__Rhizobiales; f__Methylocystaceae	0.8
565fc6fa3899d10145fa246f35ac3326	k__Bacteria; p__Proteobacteria; c__Alphaproteobacteria; o__Rhizobiales; f__Hyphomicrobiaceae; g__Devosia; s__	1.0
b609d174440e5edccc98c87c1715af02	k__Bacteria; p__Cyanobacteria; c__4C0d-2; o__YS2; f__; g__; s__	1.0
de06c76551d9c756099d148a8204c331	k__Bacteria; p__Bacteroidetes; c__Bacteroidia; o__Bacteroidales; f__; g__; s__	0.6666666666666666
9da92fec3c31ebc548af5411dc7612c7	k__Bacteria; p__Bacteroidetes; c__Bacteroidia; o__Bacteroidales; f__Porphyromonadaceae	0.6666666666666666
acd5ad8e1f3827efed5bb4d945c737e6	k__Bacteria; p__Planctomycetes; c__Planctomycetia; o__Gemmatales; f__Gemmataceae; g__Gemmata; s__	1.0
a427cf0bd854f29c38ff989d56f16d0e	k__Bacteria; p__Actinobacteria; c__Actinobacteria; o__Actinomycetales; f__ACK-M1; g__; s__	0.9
3519324720ef920b570afa8cfc6f235f	k__Bacteria; p__Proteobacteria; c__Alphaproteobacteria; o__Sphingomonadales; f__Sphingomonadaceae; g__Sphingobium; s__	1.0
a8ab6a671eea863e2efc61e13f98ce41	k__Bacteria; p__Proteobacteria; c__Betaproteobacteria; o__Rhodocyclales; f__Rhodocyclaceae; g__Dechloromonas; s__	0.9
f3f1f8e5946c6545a8424f932b5ff412	k__Bacteria; p__SR1; c__; o__; f__; g__; s__	1.0
46123cce901f5e10b9bbc1e66c58bdc2	k__Bacteria; p__WPS-2; c__; o__; f__; g__; s__	1.0
2d44fb0e7faaf3a9392f1f192b0c26cd	k__Bacteria; p__Gemmatimonadetes; c__Gemmatimonadetes; o__KD8-87; f__; g__; s__	1.0
55ffe9445bd57de36a59d580e60ec262	k__Bacteria; p__Cyanobacteria; c__Synechococcophycideae; o__Synechococcales; f__Synechococcaceae; g__Synechococcus; s__	1.0
373fa421fcddc70af953dc4c2db0405f	Unassigned	0.0
944c2a06d876ee03a6ab251c5410fe7a	k__Bacteria; p__Proteobacteria	1.0
2456d6bd3dd4094408bd59810cb8b197	k__Bacteria; p__Bacteroidetes; c__Bacteroidia; o__Bacteroidales; f__; g__; s__	1.0
68407cabe865d4476ebeca9b81c10921	k__Bacteria; p__Proteobacteria; c__Deltaproteobacteria; o__Bdellovibrionales; f__Bacteriovoracaceae; g__; s__	0.8
2c4f692d94d73ee9afd4a6430fa0e3cf	k__Bacteria; p__Cyanobacteria; c__Chloroplast; o__Euglenozoa; f__; g__; s__	1.0
d57293daab6cfcf5cc075662fcfd1c5d	k__Bacteria; p__GN02; c__BD1-5; o__; f__; g__; s__	0.6
b0f1ede23fae73948c95bf045ef9e4c7	k__Bacteria; p__Proteobacteria; c__Gammaproteobacteria; o__Pseudomonadales; f__Moraxellaceae; g__Perlucidibaca; s__	1.0
6876fad11b359347b17718d0cd33af4c	k__Bacteria; p__Actinobacteria; c__Actinobacteria; o__Actinomycetales; f__Microbacteriaceae; g__; s__	0.7
0826d43e71d13aaae5abe79a17487d94	k__Bacteria; p__Firmicutes; c__Clostridia; o__Clostridiales; f__; g__; s__	1.0
4dc8732d1a6cc6f5f2c00f9b50d4ed8d	k__Bacteria; p__Proteobacteria; c__Alphaproteobacteria	0.6
87d0ea5e7a20e9575c77aafbad5a46cd	k__Bacteria; p__Proteobacteria; c__Betaproteobacteria; o__Burkholderiales; f__Oxalobacteraceae	0.8
e8fc854c8882a69a23e34ee667f4c7fe	k__Bacteria; p__Actinobacteria; c__Actinobacteria; o__Actinomycetales; f__ACK-M1; g__; s__	1.0
215587108a38ae45d5b8036452c79caa	k__Bacteria; p__Proteobacteria; c__Epsilonproteobacteria; o__Campylobacterales; f__Campylobacteraceae; g__Arcobacter; s__	1.0
2dd4829c52d594f991aa5c65de99e16f	k__Bacteria; p__Cyanobacteria; c__Chloroplast; o__Chlorophyta; f__Chlamydomonadaceae; g__; s__	0.6
886b5c29733e39053f74476f5bc53e78	k__Bacteria; p__Proteobacteria; c__Alphaproteobacteria; o__Rhizobiales; f__; g__; s__	0.9
d59182e73ad191df0b00275d3b5a1403	k__Bacteria; p__Bacteroidetes; c__Cytophagia; o__Cytophagales; f__Cytophagaceae; g__Leadbetterella; s__	1.0
a0c78b52a70dc1ce6d962897ac5d56d0	k__Bacteria; p__Proteobacteria; c__Gammaproteobacteria; o__Alteromonadales; f__OM60; g__; s__	0.8
44eebc038f7eeefbfe91ad5bf426c035	k__Bacteria; p__Bacteroidetes; c__Sphingobacteriia; o__Sphingobacteriales; f__; g__; s__	1.0
e80abf0278a9d4d436495e2500cc5d29	k__Bacteria; p__Acidobacteria; c__Holophagae; o__Holophagales; f__Holophagaceae; g__Geothrix; s__	1.0
c0b59625129663ea7dc01e1b09e1ce6c	Unassigned	0.0
7c875eb731eabc91dc0644f0ecedfc2b	k__Bacteria; p__Proteobacteria; c__Alphaproteobacteria; o__; f__; g__; s__	0.8
aea0be62a6337c69fbd072130adaec3e	k__Bacteria; p__Proteobacteria; c__Gammaproteobacteria; o__Alteromonadales; f__OM60; g__; s__	0.8
8d461d7d5cd98b30637757c15f93be75	k__Bacteria; p__Proteobacteria	0.8
4aa5e2d352f1a910ad2f5c8a3ecbc0d0	k__Bacteria; p__Gemmatimonadetes; c__Gemmatimonadetes; o__Gemmatimonadales; f__Gemmatimonadaceae; g__Gemmatimonas; s__	1.0
b5d7a7f809e5d74149bb1d3d8b7103d7	k__Bacteria; p__Bacteroidetes; c__Cytophagia; o__Cytophagales; f__Cyclobacteriaceae; g__; s__	0.7
aaebb975659503c33a0143fb9c795413	k__Bacteria; p__Proteobacteria; c__Deltaproteobacteria; o__Myxococcales; f__OM27; g__; s__	1.0
43835a5e08502dea78accbec5d950f42	k__Bacteria; p__Proteobacteria; c__TA18; o__CV90; f__; g__; s__	1.0
082fed1c6fec5683aa261321910beef3	k__Bacteria; p__Proteobacteria; c__Betaproteobacteria; o__Burkholderiales; f__Comamonadaceae; g__Hydrogenophaga; s__	0.7
25c622671d177d887345ec02bccefedf	k__Bacteria; p__Cyanobacteria; c__Chloroplast; o__Stramenopiles; f__; g__; s__	1.0
db3337d66ae4f85861c793c21a708acc	k__Bacteria; p__Bacteroidetes; c__Bacteroidia; o__Bacteroidales; f__SB-1; g__; s__	0.6
f0c817b7718f0d5c4d645c85fbfa972a	k__Bacteria; p__Proteobacteria; c__Gammaproteobacteria; o__Xanthomonadales; f__Xanthomonadaceae; g__; s__	0.8
caaa3350768d7cac19c187d330636fe1	k__Bacteria; p__Bacteroidetes; c__Sphingobacteriia; o__Sphingobacteriales; f__; g__; s__	1.0
c4faab98a239699332fe115893aecf4b	k__Bacteria; p__Proteobacteria; c__Alphaproteobacteria; o__BD7-3; f__; g__; s__	1.0
4eba5d6207488f7a26fd02e11beb9da1	k__Bacteria; p__Proteobacteria; c__Gammaproteobacteria; o__HOC36; f__; g__; s__	1.0
b7523d45b34b485775d3a793ab589e1f	k__Bacteria; p__Verrucomicrobia; c__Opitutae; o__Opitutales; f__Opitutaceae; g__Opitutus; s__	0.9
44f7abcbf249cead11bb207436fdf58a	k__Bacteria; p__Proteobacteria; c__Alphaproteobacteria; o__Sphingomonadales; f__Sphingomonadaceae; g__Sphingomonas; s__wittichii	0.8
26a177722b63bc9461af19ac429b6d76	k__Bacteria; p__Planctomycetes; c__Planctomycetia; o__Pirellulales; f__Pirellulaceae; g__; s__	1.0
ff7959a40e92ae7be1865b16af9c3d98	k__Bacteria; p__Proteobacteria; c__Deltaproteobacteria; o__MIZ46; f__; g__; s__	1.0
3985e3ed403552eaa82cb105e7120e53	k__Bacteria; p__Fibrobacteres; c__TG3; o__TG3-1	0.7
9ad63d125947d210df352c26e57a511e	k__Bacteria; p__Acidobacteria; c__Holophagae; o__Holophagales; f__Holophagaceae; g__; s__	1.0
458ba3d2672818253191fa080b718225	k__Bacteria; p__Cyanobacteria; c__Chloroplast; o__Euglenozoa; f__; g__; s__	1.0
47c8cf7992501d95c8383bdcd05e4cc7	k__Bacteria; p__Cyanobacteria; c__Synechococcophycideae; o__Pseudanabaenales; f__Pseudanabaenaceae; g__Leptolyngbya; s__	1.0
a014c61e30dcdc1dc1099bf7b589f5df	k__Bacteria; p__Bacteroidetes; c__[Saprospirae]; o__[Saprospirales]; f__Saprospiraceae; g__; s__	1.0
0d9c1def58c154465fea133a8c65ad3e	k__Bacteria; p__Proteobacteria	0.8
0bccb20b414c84d817d20c8a44734383	k__Bacteria; p__Actinobacteria; c__Actinobacteria; o__Actinomycetales; f__Microbacteriaceae	1.0
6fa7ded1dacb557b05b0ef8ebb22d01f	k__Bacteria; p__Firmicutes; c__Clostridia; o__Clostridiales; f__Peptostreptococcaceae; g__; s__	0.7
a0e6883601c934b78999fe318c40e1bf	k__Bacteria; p__Cyanobacteria; c__Chloroplast; o__Streptophyta; f__; g__; s__	1.0
53be06069a03ed97566177528b2d4703	k__Bacteria; p__GN02; c__BD1-5; o__; f__; g__; s__	0.6
28541afe0ab2ba7c09c12ab2bc188c0d	k__Bacteria; p__GN02; c__BD1-5; o__; f__; g__; s__	1.0
e1dabee6392c7a6ac5a643277b090cae	k__Bacteria; p__Proteobacteria; c__Alphaproteobacteria; o__Sphingomonadales; f__Sphingomonadaceae; g__Novosphingobium; s__	0.6
d32c826e4f7887f475f1d1051bc750ae	k__Bacteria; p__OD1; c__ZB2; o__; f__; g__; s__	1.0
ea1dc661c9aab021c135db75bf723975	Unassigned	0.0
af8a9cc6554ad4ac8ed2b753e823b6a8	k__Bacteria; p__Actinobacteria; c__Actinobacteria; o__Actinomycetales; f__Micromonosporaceae; g__Actinoplanes; s__	1.0
a02bfc39f8e5e17c8dfd15fc9e791aae	k__Bacteria; p__Fusobacteria; c__Fusobacteriia; o__Fusobacteriales; f__Fusobacteriaceae; g__u114; s__	0.8
d86225340101a8bd718e88d449b49c78	k__Bacteria; p__Proteobacteria	0.7
dae133a8aaceb3633cd452d87322202a	k__Bacteria; p__Bacteroidetes; c__Bacteroidia; o__Bacteroidales; f__; g__; s__	1.0
6d1c48d8124c5b2d04b2c672d95eacef	k__Bacteria; p__Acidobacteria	0.8
3b671b594d3b1ff8220c6273fb72fc6a	k__Bacteria; p__Proteobacteria; c__Deltaproteobacteria; o__GW-28; f__; g__; s__	1.0
47f4c0d2783f5fb3da30ec8985b0e490	k__Bacteria; p__Planctomycetes; c__Planctomycetia; o__Pirellulales; f__Pirellulaceae; g__; s__	1.0
6d9a619425598443b000fc279e1acc0c	k__Bacteria; p__Proteobacteria; c__Alphaproteobacteria; o__Rickettsiales; f__; g__; s__	1.0
0db592d422f04f1e9f8b33b193473f86	k__Bacteria; p__Proteobacteria; c__Gammaproteobacteria; o__Xanthomonadales; f__Xanthomonadaceae; g__Aquimonas; s__	0.6
2ed71c12a368a9e7ec8d2c1e8a65eb24	k__Bacteria; p__Proteobacteria; c__Epsilonproteobacteria; o__Campylobacterales; f__Helicobacteraceae; g__; s__	1.0
63275629b63cb41b7726524a72c3207b	k__Bacteria; p__Proteobacteria; c__Betaproteobacteria; o__Burkholderiales; f__Oxalobacteraceae; g__Herbaspirillum; s__	0.7
9f81bda80cc4a0fd86bd3f7595c3623d	k__Bacteria; p__Actinobacteria; c__Acidimicrobiia; o__Acidimicrobiales; f__C111; g__; s__	1.0
a9406d883aefeac33b63fa4b2eb30180	Unassigned	0.0
6bb1f10b4199a2228fef964e205a0436	k__Bacteria; p__Cyanobacteria; c__Chloroplast	0.7
2793ac0ef7ab168d9951c15ec1398d18	k__Bacteria; p__Proteobacteria; c__Deltaproteobacteria; o__Myxococcales; f__OM27; g__; s__	1.0
7bcf0017eb10193935c6cce853b2e76c	k__Bacteria; p__Proteobacteria; c__Alphaproteobacteria; o__Rickettsiales; f__; g__; s__	0.8
58be3b7dc03b22461a3e8c8575cb0081	Unassigned	0.0
2c50017e93081136143f39603bafe32e	k__Bacteria; p__Proteobacteria; c__Betaproteobacteria; o__Ellin6067; f__; g__; s__	1.0
1678411486a26c75ec15e52116746436	k__Bacteria; p__Spirochaetes; c__Spirochaetes; o__Spirochaetales; f__Spirochaetaceae; g__Spirochaeta; s__aurantia	1.0
c4747e120e47d11bac90a2cac57beaaa	k__Bacteria; p__Proteobacteria; c__Alphaproteobacteria; o__Sphingomonadales; f__; g__; s__	1.0
0861e778854ad539b57b38d2da08aaa4	k__Bacteria; p__Bacteroidetes; c__[Saprospirae]; o__[Saprospirales]; f__Chitinophagaceae; g__; s__	1.0
2eaa4081875f1a41e22072c4bc13a2b6	Unassigned	0.0
9b87acf072ae522543d081ac3c0998a7	k__Bacteria; p__Proteobacteria; c__Alphaproteobacteria; o__Rhodobacterales; f__Rhodobacteraceae; g__; s__	0.7
1df80a3cd55fe8f91c23941d2d7b6a6c	k__Bacteria; p__Actinobacteria; c__Acidimicrobiia; o__Acidimicrobiales; f__C111; g__; s__	1.0
ef72b6d4cda4fe18b38f794c296be601	k__Bacteria; p__Proteobacteria; c__Alphaproteobacteria; o__Rhodospirillales; f__Rhodospirillaceae; g__; s__	1.0
24cbe6e82472869a99d4b390d1b36893	k__Bacteria; p__Cyanobacteria; c__Synechococcophycideae; o__Synechococcales; f__Synechococcaceae; g__Synechococcus; s__	1.0
67139673b0d5c8f8ef4ae9dc70738f20	k__Bacteria; p__Proteobacteria; c__Alphaproteobacteria; o__Rickettsiales; f__Anaplasmataceae; g__Ehrlichia; s__	1.0
2b4f6a273d882c143243fcf27e5626c5	k__Bacteria; p__Proteobacteria; c__Alphaproteobacteria; o__Rhizobiales; f__; g__; s__	1.0
93affdb05b153d22b95ac8ef78da3782	k__Bacteria; p__Proteobacteria; c__Deltaproteobacteria; o__Spirobacillales; f__; g__; s__	1.0
c967a67291cdf1874510cd564380635b	k__Bacteria; p__TM6; c__SBRH58; o__; f__; g__; s__	1.0
dfc21f7e53d26e2ef53cb193a823e70c	k__Bacteria; p__Proteobacteria	1.0
c7ac9706a0959f87398660173d2e5a4a	k__Bacteria; p__Actinobacteria; c__Acidimicrobiia; o__Acidimicrobiales	1.0
725cf66f9080415efbf327ed259a969c	k__Bacteria; p__Bacteroidetes; c__Bacteroidia; o__Bacteroidales; f__Porphyromonadaceae; g__Paludibacter; s__	1.0
0ac03bf9dd9d12115253b9c2fe921fde	k__Bacteria; p__Acidobacteria; c__Holophagae; o__Holophagales; f__Holophagaceae; g__Geothrix; s__	1.0
19e9495669c20578a12f4cbba31b7af0	k__Bacteria	1.0
8b16bcb709e98fd25e5b7ca2f0ccdd99	k__Bacteria; p__OD1; c__ZB2; o__; f__; g__; s__	1.0
2c67b4855927240848c9502db8ac67e0	k__Bacteria; p__Actinobacteria; c__OPB41; o__; f__; g__; s__	1.0
a33651d4c760e638352da75425fcd683	k__Bacteria; p__Bacteroidetes; c__Flavobacteriia; o__Flavobacteriales; f__Cryomorphaceae; g__Fluviicola; s__	1.0
7bea7ef08f602ef6db2e302c71e2c8dd	k__Bacteria; p__Proteobacteria; c__Alphaproteobacteria; o__Rhizobiales; f__; g__; s__	1.0
3e1d148cd1a874aeb0be002ae6e5a906	k__Bacteria; p__Bacteroidetes; c__Flavobacteriia; o__Flavobacteriales; f__Flavobacteriaceae; g__Flavobacterium; s__	1.0
6176927e28a5b742c74dcc5b4a448dff	k__Bacteria; p__Proteobacteria; c__Gammaproteobacteria	0.8
62452aace6cce82573492612712c8894	k__Bacteria	1.0
ee72c39a17a2152bbb163aad1f45d1dd	k__Bacteria; p__Proteobacteria; c__Alphaproteobacteria; o__Rhodobacterales; f__Rhodobacteraceae; g__; s__	0.7
99ca54e7a2127df88a6b124c170f8fba	k__Bacteria; p__Bacteroidetes; c__Flavobacteriia; o__Flavobacteriales; f__Cryomorphaceae; g__; s__	1.0
208bfb2652fcf04edbc19a5c3407154e	k__Bacteria; p__Proteobacteria; c__Alphaproteobacteria; o__Rickettsiales; f__mitochondria; g__Bigelowiella; s__natans	1.0
56e8e66de32a060772ab987c695b3d3d	k__Bacteria; p__Proteobacteria; c__Alphaproteobacteria; o__Rickettsiales; f__mitochondria; g__Vermamoeba; s__vermiformis	1.0
5be8b3a833d5492b8fb51f24028df325	k__Bacteria; p__Bacteroidetes; c__[Saprospirae]; o__[Saprospirales]; f__Saprospiraceae; g__; s__	1.0
60517dbe34151cb4a9b11cfa4c65893f	k__Bacteria; p__Proteobacteria; c__Deltaproteobacteria; o__Spirobacillales; f__; g__; s__	1.0
d2870c63e41f25cc3621fad538ee012e	k__Bacteria; p__Bacteroidetes; c__[Saprospirae]; o__[Saprospirales]; f__Saprospiraceae; g__Lewinella	0.7
a9575ac363105e0c6fa2be111885f4f0	k__Bacteria; p__Firmicutes; c__Clostridia; o__Clostridiales; f__Clostridiaceae; g__Clostridium; s__	0.7
08f5e665926f7beb7d3173405a11f9ca	k__Bacteria; p__Bacteroidetes; c__Bacteroidia; o__Bacteroidales; f__SB-1; g__; s__	1.0
364a4da1af920fc0e0cb1e9572cb1af6	k__Bacteria; p__Proteobacteria; c__Betaproteobacteria; o__Procabacteriales; f__Procabacteriaceae; g__; s__	0.9
5de132099ace8cc3857ac3db06ce5b11	k__Bacteria; p__Proteobacteria; c__Alphaproteobacteria; o__Rhizobiales; f__; g__; s__	1.0
73674cdd4493ec788737f42397c03f77	k__Bacteria; p__Proteobacteria; c__Deltaproteobacteria; o__MIZ46; f__; g__; s__	1.0
eccb48bb30112b80c3079ffe577e2926	k__Bacteria; p__Gemmatimonadetes; c__Gemmatimonadetes; o__KD8-87; f__; g__; s__	1.0
b31693668ab99c2a119a99a4d9fcfc10	k__Bacteria; p__Proteobacteria; c__Alphaproteobacteria; o__Sphingomonadales; f__Sphingomonadaceae; g__Novosphingobium; s__	0.7
8ad4bada2bd704f0c7cb2f595c3a42a7	k__Bacteria; p__Proteobacteria; c__Gammaproteobacteria	0.6666666666666666
afe1dec9dcb3f1c21287640556cc6d8d	k__Bacteria; p__Proteobacteria; c__Deltaproteobacteria; o__Spirobacillales; f__; g__; s__	1.0
20f8ddbbf7525b71061f3b92a1e833ca	k__Bacteria; p__Bacteroidetes; c__Flavobacteriia; o__Flavobacteriales; f__Cryomorphaceae; g__Fluviicola; s__	1.0
5b5e3531490f753366b60736a7ad47bd	k__Bacteria; p__Bacteroidetes; c__[Saprospirae]; o__[Saprospirales]; f__Chitinophagaceae; g__; s__	1.0
95544f0c19100bb942e8dd4d6ba37493	k__Bacteria; p__Actinobacteria; c__Actinobacteria; o__Actinomycetales; f__ACK-M1; g__; s__	1.0
95d104f8ff529e54606f1269d4a1a0b5	k__Bacteria; p__Proteobacteria; c__Alphaproteobacteria; o__BD7-3; f__; g__; s__	1.0
806aebb9d8fe4d17a221cbcddb54ea3c	k__Bacteria; p__Proteobacteria; c__Betaproteobacteria; o__Thiobacterales; f__; g__; s__	0.9
2701f5de53531b46b28c51823229addc	k__Bacteria; p__Proteobacteria; c__Deltaproteobacteria; o__Myxococcales; f__; g__; s__	1.0
a38daa70adf03d68acd0821f8c81e458	k__Bacteria; p__Proteobacteria; c__Gammaproteobacteria; o__Methylococcales; f__Crenotrichaceae; g__Crenothrix	1.0
a6e7be9e676b53f79aeea68a3f435efb	k__Bacteria; p__Planctomycetes; c__Planctomycetia; o__Pirellulales; f__Pirellulaceae; g__; s__	1.0
1b7efbf47ba54c72170d17b05694f58e	k__Bacteria; p__Actinobacteria; c__Acidimicrobiia; o__Acidimicrobiales; f__JdFBGBact; g__; s__	1.0
f0cb40465279e613c47a0678c91bd48c	k__Bacteria; p__Chloroflexi; c__Anaerolineae; o__SHA-20; f__; g__; s__	0.7
01335fefaf29c0cc0f80a985781fb713	k__Bacteria; p__Cyanobacteria; c__Chloroplast; o__Stramenopiles; f__; g__; s__	1.0
be3f0e603f2972557ec6ef30c1381aca	k__Bacteria; p__Planctomycetes; c__Planctomycetia; o__Gemmatales; f__Gemmataceae; g__Gemmata; s__	1.0
fa3d487999cc604f0d065bc09b28c37e	k__Bacteria; p__Proteobacteria; c__Betaproteobacteria; o__Rhodocyclales; f__Rhodocyclaceae	0.7
937245b18d7a4347c3fd228b75967ed9	k__Bacteria; p__Proteobacteria; c__Alphaproteobacteria; o__; f__; g__; s__	1.0
5b7d1e0df55f3bd20851f91caf90b580	k__Bacteria; p__Actinobacteria; c__Acidimicrobiia; o__Acidimicrobiales; f__C111; g__; s__	1.0
3f8f7440d19c7e9f93985c2a15ffb88f	k__Bacteria; p__Actinobacteria; c__Acidimicrobiia; o__Acidimicrobiales; f__C111; g__; s__	1.0
09afcb5afdbd4f72b9fb5f6029ebbdff	k__Bacteria; p__Bacteroidetes; c__Sphingobacteriia; o__Sphingobacteriales; f__; g__; s__	1.0
96f9ea137e9f818c822e055d72275a9f	k__Bacteria; p__Actinobacteria; c__Thermoleophilia; o__Solirubrobacterales; f__Patulibacteraceae; g__; s__	0.8
74156f6d1f5d56d5a4ac16ffd4fda936	k__Bacteria; p__Bacteroidetes; c__Cytophagia; o__Cytophagales; f__Cytophagaceae; g__Runella; s__	1.0
600334afbd422974b7e8d29e715faa10	k__Bacteria; p__Bacteroidetes; c__Sphingobacteriia; o__Sphingobacteriales; f__; g__; s__	1.0
3b0277c0c52a6cb5cf7a5e2ebd4e14a8	k__Bacteria; p__Proteobacteria; c__Alphaproteobacteria; o__Rickettsiales; f__mitochondria	1.0
1aeb38e57d448889157d3e116d800dc7	k__Bacteria; p__Firmicutes; c__Clostridia; o__Clostridiales; f__Clostridiaceae; g__Clostridium; s__	0.6
4d905a49f1bdb6b5335b4723fe903577	k__Bacteria; p__Chloroflexi; c__Anaerolineae; o__SJA-15; f__; g__; s__	1.0
d57a140af4b7185b5f4fafb19dd15ba4	k__Bacteria; p__SR1; c__; o__; f__; g__; s__	1.0
543aa26be7a6c55716186d5fd4998672	Unassigned	0.0
65cdffbc7f2c351e881d04d2faa6b393	k__Bacteria; p__Bacteroidetes; c__Bacteroidia; o__Bacteroidales; f__Prevotellaceae; g__Prevotella; s__copri	0.8
a1da4e4bfdf9b0b987aa4ea476410f9f	k__Bacteria; p__Firmicutes; c__Erysipelotrichi; o__Erysipelotrichales; f__Erysipelotrichaceae	1.0
d612f97fbbc1344c446ae714483bb968	k__Bacteria; p__Proteobacteria; c__Betaproteobacteria; o__Rhodocyclales; f__Rhodocyclaceae	1.0
037c1517bbef3c41b6e7d70c414cb12b	k__Bacteria; p__Planctomycetes; c__Planctomycetia; o__Pirellulales; f__Pirellulaceae; g__; s__	1.0
cbd984d484095c6dae7c941af745e8d3	k__Bacteria; p__Proteobacteria; c__Gammaproteobacteria; o__Xanthomonadales; f__Sinobacteraceae; g__; s__	1.0
77b2e56653b4b51147434f4c7ff8bda2	k__Bacteria; p__Actinobacteria; c__OPB41; o__; f__; g__; s__	1.0
6195f9528f0fe6dbb6a077f63e2aa952	k__Bacteria; p__Bacteroidetes; c__Flavobacteriia; o__Flavobacteriales; f__Cryomorphaceae; g__Fluviicola; s__	1.0
9f3d801e82e49f6b9c93d2e183a4ce74	k__Bacteria; p__Proteobacteria; c__Gammaproteobacteria; o__Xanthomonadales; f__Xanthomonadaceae	1.0
10b57fc0e1a3c56edcb5d3e25c07681d	k__Bacteria; p__Cyanobacteria; c__Chloroplast; o__Streptophyta; f__; g__; s__	1.0
3eb70e265f76ec52874b797f1e640e15	k__Bacteria; p__Proteobacteria; c__Alphaproteobacteria; o__Rhodospirillales	1.0
ca2c31500e2a5f38d6297e9ca16f3e89	k__Bacteria; p__Proteobacteria; c__Gammaproteobacteria; o__Xanthomonadales; f__Sinobacteraceae; g__; s__	1.0
4d4e9ac57f96e053ad435678a15717eb	k__Bacteria; p__Proteobacteria; c__Alphaproteobacteria; o__Rickettsiales; f__; g__; s__	1.0
b069a60f20f330e6a3b8a8c30511c6bc	k__Bacteria; p__Proteobacteria; c__Alphaproteobacteria; o__Sphingomonadales; f__Sphingomonadaceae; g__; s__	0.9
5774df04368ce33dd7e0fa40cafb1822	k__Bacteria; p__Verrucomicrobia; c__[Pedosphaerae]; o__[Pedosphaerales]; f__Ellin515; g__; s__	0.9
eda4e4e0dac4d6c0868d938f4f9211a1	k__Bacteria; p__Verrucomicrobia; c__Opitutae; o__Opitutales; f__Opitutaceae; g__Opitutus; s__	1.0
e1909b79dae8d5ee66fa3ae339a96a7c	k__Bacteria; p__Planctomycetes; c__Planctomycetia; o__Pirellulales; f__Pirellulaceae; g__; s__	1.0
c26f37ffdb9444df27135ac9d7d92e13	k__Bacteria; p__Proteobacteria; c__Gammaproteobacteria; o__Xanthomonadales; f__Sinobacteraceae; g__; s__	1.0
7a99ec280472818174e5c346d66d657b	Unassigned	0.0
c1e00ee4a6cfab92abf15bd7b32ce351	k__Bacteria; p__Chlorobi; c__OPB56; o__; f__; g__; s__	1.0
80ab22d1fdccbe73f0d04515a52afcb4	k__Bacteria; p__Bacteroidetes; c__Sphingobacteriia; o__Sphingobacteriales; f__; g__; s__	1.0
9aac957ed1def568d5821e4c2a52fcd3	k__Bacteria; p__Proteobacteria; c__Alphaproteobacteria; o__Rhizobiales	0.6
16c91b6970b10f848f8dd819545110ba	k__Bacteria; p__Proteobacteria; c__Alphaproteobacteria; o__Rhodospirillales; f__Rhodospirillaceae; g__; s__	1.0
030848e112faddfaf4b4c5f6b5d8cad8	k__Bacteria; p__Bacteroidetes; c__Sphingobacteriia; o__Sphingobacteriales; f__; g__; s__	1.0
00c1cfe4219b05f6939dabe940440d43	Unassigned	0.0
781da3925a6d6255d571d0e228df2e35	k__Bacteria; p__Proteobacteria; c__Gammaproteobacteria; o__Methylococcales; f__Crenotrichaceae; g__Crenothrix; s__	1.0
49330746786093791f896a2e6b12ecc9	k__Bacteria; p__Firmicutes; c__Clostridia; o__Clostridiales; f__Lachnospiraceae; g__Roseburia; s__	1.0
1028de08fdfd6f66e3aee997df106aa5	k__Bacteria; p__Proteobacteria; c__Betaproteobacteria; o__Neisseriales; f__Neisseriaceae; g__Vogesella; s__	0.7
de8939751f4eae61982e56c29e79cd9b	k__Bacteria; p__Bacteroidetes; c__[Saprospirae]; o__[Saprospirales]; f__Chitinophagaceae; g__; s__	1.0
9e8639f43fde49f8bc5523c817a1317e	k__Bacteria; p__Bacteroidetes	1.0
2cd688e03d8590e4e41265f267873a30	k__Bacteria; p__Proteobacteria; c__Deltaproteobacteria; o__Bdellovibrionales; f__Bacteriovoracaceae; g__; s__	0.9
9bbf7ddd4e8bd7f55aa088b08da3ef4e	k__Bacteria; p__Proteobacteria; c__Deltaproteobacteria; o__Bdellovibrionales; f__Bdellovibrionaceae; g__Bdellovibrio; s__	1.0
e748ab28995ffb116490b24d30cfe42f	k__Bacteria; p__Proteobacteria; c__Alphaproteobacteria; o__BD7-3; f__; g__; s__	1.0
e67c9cbe1e2d69a9e57daf096ae5ecd3	k__Bacteria; p__Proteobacteria; c__Alphaproteobacteria; o__; f__; g__; s__	1.0
e695e3a1cd78e94ae03bbd041333704a	k__Bacteria; p__Proteobacteria; c__Alphaproteobacteria; o__; f__; g__; s__	1.0
6f90066e6a6648293e80d42bb5c513c1	k__Archaea; p__[Parvarchaeota]; c__[Parvarchaea]; o__WCHD3-30; f__; g__; s__	1.0
ab23b976fbabcbdbef9d15e4ecbd88c2	k__Bacteria; p__Acidobacteria; c__BPC102; o__MVS-40; f__; g__; s__	1.0
6257740fafda17e89dee5585c49ac639	k__Bacteria; p__Actinobacteria; c__Acidimicrobiia; o__Acidimicrobiales; f__Microthrixaceae; g__; s__	1.0
18fce26c63c8951f339f3397f121888c	k__Bacteria; p__Cyanobacteria; c__Oscillatoriophycideae; o__Oscillatoriales; f__Phormidiaceae	0.6
e9db4584467a272ac26c6bad3ff0ad3b	Unassigned	0.0
d7670ef0bf71560f29e11e90a5714e72	k__Bacteria; p__Bacteroidetes; c__Sphingobacteriia; o__Sphingobacteriales; f__; g__; s__	0.7
186c8f292759e7047e5aaa9311b6925a	k__Bacteria; p__Acidobacteria; c__Solibacteres; o__Solibacterales; f__[Bryobacteraceae]; g__; s__	0.8
28a194d53b0c644031f60fa7b40c68c2	k__Bacteria; p__Proteobacteria; c__Gammaproteobacteria; o__Legionellales	0.7
1b73fc9ecaea19e2be12cbebdd7f9257	k__Bacteria; p__GN02; c__3BR-5F; o__; f__; g__; s__	1.0
988b34f735bec37c49ceb080ae5227c2	k__Bacteria; p__Proteobacteria; c__Alphaproteobacteria; o__Rickettsiales	0.7
852f302c9a082951b03f25f786de5033	k__Bacteria; p__Proteobacteria; c__Betaproteobacteria; o__Burkholderiales; f__Comamonadaceae; g__; s__	0.6
88b752a332bc63aad65008ffbd87273d	k__Bacteria; p__Proteobacteria; c__Alphaproteobacteria; o__Sphingomonadales; f__Sphingomonadaceae; g__Novosphingobium; s__	0.6
4fb9d5d28921d4c77343ff6391828d32	k__Bacteria; p__Planctomycetes; c__Planctomycetia; o__Gemmatales; f__Gemmataceae; g__Gemmata; s__	0.6
5cfbaa30b4974ba857fcbe2fc293e359	k__Bacteria; p__Cyanobacteria; c__Chloroplast; o__Stramenopiles; f__; g__; s__	1.0
8d4cfd3c18e913f5ea4c6273f72127c7	k__Bacteria; p__Verrucomicrobia; c__Opitutae; o__[Cerasicoccales]; f__[Cerasicoccaceae]; g__; s__	1.0
3167e53861a21bc5b971598e6302dc8d	k__Bacteria; p__Proteobacteria; c__Deltaproteobacteria; o__Desulfobacterales; f__Desulfobulbaceae; g__; s__	0.7
d187adae5e49a78ea136caa5e27c064f	k__Bacteria; p__Proteobacteria; c__Betaproteobacteria; o__Neisseriales; f__Neisseriaceae; g__Vogesella; s__	0.9
83b157c9e6286e1baab5c75e2b1a135b	k__Bacteria; p__Actinobacteria; c__Actinobacteria; o__Actinomycetales	0.7
eece29485e79b9b41fdae433634b0e54	k__Bacteria; p__Bacteroidetes; c__Flavobacteriia; o__Flavobacteriales; f__Flavobacteriaceae; g__Flavobacterium; s__	1.0
8fbbb56261f4f99f3060701a3c34d008	k__Bacteria; p__Proteobacteria; c__Deltaproteobacteria; o__Desulfovibrionales; f__Desulfovibrionaceae; g__Desulfovibrio	0.9
557dcf916bee14fbb22e4925a45c99fa	k__Bacteria; p__Proteobacteria; c__Betaproteobacteria; o__SC-I-84; f__; g__; s__	0.8
7a7157eab287f193a2227d12d555479c	k__Bacteria; p__Firmicutes; c__Erysipelotrichi; o__Erysipelotrichales; f__Erysipelotrichaceae; g__Erysipelothrix; s__	0.6
0b4bfc130288f4dcf643936cf7aa244e	k__Bacteria; p__Bacteroidetes; c__Sphingobacteriia; o__Sphingobacteriales; f__; g__; s__	1.0
80ac0a18f7631472595aebc3c6cd896b	k__Bacteria; p__Proteobacteria; c__Deltaproteobacteria; o__Myxococcales; f__; g__; s__	1.0
18c9a2abe246cf7b459b3abfafafadb8	k__Bacteria; p__Gemmatimonadetes; c__Gemmatimonadetes	1.0
9ff8b348db39e947e4560c0f0a587b71	k__Bacteria; p__Verrucomicrobia; c__[Spartobacteria]; o__[Chthoniobacterales]; f__[Chthoniobacteraceae]; g__; s__	0.6
50187c879dabb1a2b09648a6e1e72427	k__Bacteria; p__Proteobacteria; c__Alphaproteobacteria; o__Rhizobiales; f__; g__; s__	0.9
1723a77b352fbda71d8ec1ba3462e28c	k__Bacteria; p__Planctomycetes; c__Planctomycetia; o__Pirellulales; f__Pirellulaceae; g__; s__	1.0
d3f7a7c7a8e2610bbba3890d63910a66	k__Bacteria; p__Proteobacteria; c__Betaproteobacteria; o__Rhodocyclales; f__Rhodocyclaceae; g__Uliginosibacterium; s__	0.9
24331899d684f82f547193a1fcb53884	k__Bacteria; p__Proteobacteria; c__Deltaproteobacteria; o__Desulfuromonadales; f__Geobacteraceae; g__Geobacter; s__	0.9
a0e891e7198a5631c93f7d93d4b531ce	k__Bacteria; p__Bacteroidetes; c__Cytophagia; o__Cytophagales; f__Cytophagaceae	0.9
3c33ca81df8052ad8aad7021af8432ff	k__Bacteria; p__Bacteroidetes; c__[Saprospirae]; o__[Saprospirales]; f__Saprospiraceae; g__; s__	1.0
b8821cf16d84997446b66be1e4f561bc	k__Bacteria; p__Proteobacteria; c__Betaproteobacteria; o__; f__; g__; s__	0.7
f7db7f02995f3afa93a976b3cd55f95b	k__Bacteria; p__Proteobacteria; c__Alphaproteobacteria; o__Rhizobiales; f__; g__; s__	1.0
5d761dffdec722dac7304308c221beb2	k__Bacteria; p__Fusobacteria; c__Fusobacteriia; o__Fusobacteriales; f__; g__; s__	0.8
1c0897e9af964d4259f52be70c77c062	k__Bacteria; p__Actinobacteria; c__Thermoleophilia; o__; f__; g__; s__	1.0
275966c013aa3bd686b88a4e6a0a562a	k__Bacteria; p__Firmicutes; c__Clostridia; o__Clostridiales; f__; g__; s__	1.0
fae002c33c6e9c06c34320a614639db8	k__Bacteria; p__Proteobacteria; c__Betaproteobacteria; o__Burkholderiales; f__Comamonadaceae; g__Hydrogenophaga; s__	0.7
a583af6fb1d23ffea4373e1e400b99c0	k__Bacteria; p__Proteobacteria; c__Gammaproteobacteria; o__Legionellales; f__Coxiellaceae; g__; s__	0.9
e0403ab72d4da8d344743a47c1f8ffad	k__Bacteria; p__Proteobacteria; c__Betaproteobacteria; o__Burkholderiales; f__Comamonadaceae	1.0
07de3e936be0f2218bb7beae765b3c53	k__Bacteria; p__Proteobacteria; c__Gammaproteobacteria; o__Legionellales; f__Legionellaceae; g__; s__	0.8
780abfe54197817d77308a699f5b8802	k__Bacteria; p__Proteobacteria; c__Gammaproteobacteria; o__Legionellales; f__Coxiellaceae; g__Aquicella; s__	1.0
a9a1a14da04897e809c60cfd384ce3ad	k__Bacteria; p__Proteobacteria; c__Alphaproteobacteria; o__Rhodobacterales; f__Hyphomonadaceae; g__Hyphomonas; s__	1.0
db38ba2fa695c37457e548fadab38ec8	k__Bacteria; p__Proteobacteria; c__Deltaproteobacteria; o__NKB15; f__; g__; s__	1.0
f21deaaf351c9d12ec6da3ee6f2cad0c	k__Bacteria; p__Planctomycetes; c__Planctomycetia; o__Pirellulales; f__Pirellulaceae; g__; s__	1.0
803d060b19a2cde2271a515cad61acd4	k__Bacteria; p__Cyanobacteria; c__Synechococcophycideae; o__Synechococcales; f__Synechococcaceae; g__Prochlorococcus; s__	0.6
39363042ae7b6f91504635770f233aaf	k__Bacteria; p__Proteobacteria; c__Deltaproteobacteria; o__Myxococcales; f__; g__; s__	1.0
5609d36fd4a45c21786fa2b17eec24c9	k__Bacteria; p__Planctomycetes; c__Planctomycetia; o__Planctomycetales; f__Planctomycetaceae; g__Planctomyces; s__	1.0
2bb241ce1e1a032870473bc8db13c1e6	Unassigned	0.0
a9d9891e2267929030fc802bf6b39d8e	k__Bacteria	1.0
4bf4471029baa1b92f5dc41c3787f1bb	k__Bacteria; p__Firmicutes; c__Clostridia; o__Clostridiales; f__Clostridiaceae; g__; s__	0.9
8a954c4de46683fdc0a6eb83b7141102	k__Bacteria; p__Bacteroidetes; c__Sphingobacteriia; o__Sphingobacteriales; f__Sphingobacteriaceae; g__; s__	0.8
0bdd2549edaebf3248556d99e85ca432	k__Bacteria; p__Proteobacteria; c__Alphaproteobacteria; o__Rhodospirillales; f__; g__; s__	1.0
70a78c2fe9afdfc87bde838f0b7cc4e0	Unassigned	0.0
431b644f84ec4100fdc17f6dc063b5f3	k__Bacteria; p__Cyanobacteria; c__Chloroplast; o__Stramenopiles; f__; g__; s__	1.0
762e3f90cc73ec4db5ed05882a6006a9	k__Bacteria; p__Proteobacteria; c__Betaproteobacteria; o__Burkholderiales; f__Oxalobacteraceae; g__; s__	0.7
0e42287e03d2685deccefab84ce6ec77	k__Bacteria; p__Proteobacteria; c__Alphaproteobacteria; o__Rickettsiales; f__mitochondria; g__Phytophthora	0.6
4c4934bc5708423227d738a7feff6939	Unassigned	0.0
71b8ff0f2314d3a7c382b77aaa5df343	k__Bacteria; p__Proteobacteria; c__Alphaproteobacteria; o__BD7-3; f__; g__; s__	0.8
1473cf7782e10b2449733b9219e2a1a8	k__Bacteria; p__[Thermi]; c__Deinococci; o__Thermales; f__Thermaceae; g__Meiothermus; s__	1.0
02a56366203d084491e037cbb955014d	k__Bacteria; p__Verrucomicrobia; c__[Spartobacteria]; o__[Chthoniobacterales]; f__[Chthoniobacteraceae]; g__; s__	1.0
08ff39f8713ba908d82806bb2f44e05d	k__Bacteria; p__Chlamydiae; c__Chlamydiia; o__Chlamydiales; f__Chlamydiaceae	1.0
d7b724fd2f91c136f73f6dca44d32f3f	k__Bacteria; p__Proteobacteria	1.0
62cee55dd072a092f0d22b7cda791329	k__Bacteria; p__Proteobacteria; c__Gammaproteobacteria; o__Alteromonadales; f__[Chromatiaceae]; g__Rheinheimera; s__	1.0
b81f4429c198c08b21b5353a433a1308	k__Bacteria; p__GN02; c__GKS2-174; o__; f__; g__; s__	1.0
a23cca081a474f0176b634c8c8bdd377	k__Bacteria; p__Bacteroidetes; c__Flavobacteriia; o__Flavobacteriales; f__Flavobacteriaceae; g__; s__	0.9
58c7710528d361728316a1844ff56425	k__Bacteria; p__Firmicutes; c__Clostridia; o__Clostridiales; f__Ruminococcaceae; g__; s__	0.8
d83847000a6e344d308e54267c69854b	k__Bacteria; p__Proteobacteria; c__Gammaproteobacteria; o__Legionellales; f__Coxiellaceae; g__Rickettsiella; s__	1.0
149c42d74cc1805630422516c4c2c45b	k__Bacteria; p__Proteobacteria; c__Epsilonproteobacteria; o__Campylobacterales; f__Helicobacteraceae; g__Sulfurimonas; s__	1.0
9da6567c7baa6340d343e42f5635ec40	k__Bacteria; p__Bacteroidetes; c__Cytophagia; o__Cytophagales	1.0
22f832381d3eebaa23bf3cba022421a2	k__Bacteria; p__Proteobacteria; c__Alphaproteobacteria; o__Sphingomonadales; f__Sphingomonadaceae	0.9
0b2cf04eda23e379f4f1225819a10419	k__Bacteria; p__Proteobacteria; c__Alphaproteobacteria; o__Sphingomonadales; f__Sphingomonadaceae; g__Sphingobium; s__	1.0
bf48758187e6d46a95dabb6d4262d38b	k__Bacteria; p__Proteobacteria; c__Deltaproteobacteria; o__Desulfarculales; f__Desulfarculaceae; g__; s__	0.7
ec3d8cc0ca406e238fdb86159995f5e2	k__Bacteria; p__Proteobacteria; c__Betaproteobacteria; o__Methylophilales; f__Methylophilaceae; g__; s__	0.8
a2c580ecee5173293b9c54e189042f3f	k__Bacteria; p__Proteobacteria; c__Deltaproteobacteria; o__Spirobacillales; f__; g__; s__	1.0
0299ccacfed934f8535542d4e438912b	k__Bacteria; p__Proteobacteria; c__Betaproteobacteria; o__Rhodocyclales; f__Rhodocyclaceae; g__C39; s__	0.7
10eba57a0d5ddc6a9279e4ae48f64ac1	k__Bacteria; p__Chlamydiae; c__Chlamydiia; o__Chlamydiales; f__Parachlamydiaceae; g__Candidatus Protochlamydia; s__	0.6
c2b391c230f576b422cc11cac3442763	k__Bacteria; p__Bacteroidetes; c__Flavobacteriia; o__Flavobacteriales; f__Cryomorphaceae; g__; s__	1.0
03e96574fcdd88914e29900fa108e8f5	k__Bacteria; p__Proteobacteria; c__Epsilonproteobacteria; o__Campylobacterales; f__Campylobacteraceae; g__Sulfurospirillum; s__	1.0
a16a09d17356354294eb0d2030497379	k__Bacteria; p__Proteobacteria; c__Gammaproteobacteria; o__Xanthomonadales; f__Sinobacteraceae; g__; s__	1.0
9a1bb84aefdb9fe0792d307e68d21ae3	k__Bacteria; p__Proteobacteria; c__Betaproteobacteria; o__Burkholderiales; f__Comamonadaceae; g__Hydrogenophaga; s__	0.9
37ebf1e1508444ee5d8e3c1b8b6a2cde	k__Bacteria; p__OD1; c__ZB2; o__; f__; g__; s__	1.0
ce8d134d187089810856276280dc746e	k__Bacteria; p__Proteobacteria; c__Alphaproteobacteria; o__Rhizobiales; f__Rhizobiaceae; g__Agrobacterium; s__	0.6
864d5952d78734c3cbc5e62881cdadda	k__Bacteria; p__Cyanobacteria; c__Chloroplast; o__Streptophyta; f__; g__; s__	1.0
97336678f215c54b6e5ab564e56d2f1e	k__Bacteria; p__Verrucomicrobia; c__[Spartobacteria]; o__[Chthoniobacterales]; f__[Chthoniobacteraceae]; g__DA101; s__	1.0
e511828f90849cc22a606f074473f935	k__Bacteria; p__Firmicutes; c__Bacilli; o__Bacillales; f__Bacillaceae; g__Bacillus; s__flexus	1.0
c7373535c13edb767202b865f9ed12ab	k__Bacteria; p__Chloroflexi; c__Anaerolineae; o__SJA-15; f__; g__; s__	0.9
bdb1b40e69ea5562c5fcefe66b1a5d48	k__Bacteria; p__Bacteroidetes; c__Cytophagia; o__Cytophagales; f__Cytophagaceae; g__Pontibacter; s__	0.8
d3c6e8197bc9bc92306cf1580a097c54	k__Bacteria; p__Verrucomicrobia; c__Opitutae; o__Opitutales; f__Opitutaceae; g__Opitutus; s__	0.8
e87cc69e1e807ff4f0e288229052ca8d	k__Bacteria; p__Proteobacteria; c__Deltaproteobacteria; o__Syntrophobacterales; f__Syntrophaceae; g__Desulfobacca; s__	1.0
d593a5c2d2662f3db45da2d54f86e7cf	k__Bacteria; p__Proteobacteria; c__Betaproteobacteria; o__Burkholderiales; f__Alcaligenaceae; g__; s__	0.9
3dd565088e6bb7708e6bf5c37a140222	Unassigned	0.0
e2ad2a272d8c8924e30094dc14cbf575	k__Bacteria; p__Proteobacteria; c__Deltaproteobacteria; o__Myxococcales	0.7
b053d0b7c8a1d869cc2db308da6944c6	k__Bacteria; p__Proteobacteria; c__Betaproteobacteria; o__Burkholderiales; f__Comamonadaceae	1.0
88941eaf40909ff2e981a223b962973e	k__Bacteria; p__Proteobacteria; c__Alphaproteobacteria; o__Rhodospirillales; f__Rhodospirillaceae; g__Magnetospirillum; s__	1.0
557c8eab5a870f49ddfce1aa444f826b	k__Bacteria; p__Proteobacteria; c__Alphaproteobacteria; o__Rhodobacterales; f__Rhodobacteraceae	1.0
90f3eec85de4e225428b7b61dc7b00b5	k__Bacteria; p__Proteobacteria; c__Betaproteobacteria; o__; f__; g__; s__	1.0
3e3a946d3af9a0b5a18cdb3538068447	k__Bacteria; p__Proteobacteria; c__Gammaproteobacteria; o__Methylococcales; f__Methylococcaceae	1.0
1dc19eb3128a21652dd4b00be65398c0	k__Bacteria; p__Proteobacteria; c__Alphaproteobacteria; o__Sphingomonadales; f__Sphingomonadaceae; g__; s__	0.9
25c7371c0f813495d9fc9831385ee9ec	k__Bacteria; p__Proteobacteria; c__Betaproteobacteria; o__Ellin6067; f__; g__; s__	1.0
99085a5b54d59f414fc68d38cb2f1be7	k__Bacteria; p__Proteobacteria; c__Alphaproteobacteria; o__Sphingomonadales; f__; g__; s__	0.8
7235a2d9a8aa28c56c85a329b9927c6d	k__Bacteria; p__Cyanobacteria; c__Synechococcophycideae; o__Pseudanabaenales; f__Pseudanabaenaceae; g__Pseudanabaena; s__	1.0
771af8bc1694285bcad288c333a1c56c	k__Bacteria; p__Proteobacteria; c__Deltaproteobacteria	0.7
524fa89d6efd19e8e75ff4c359009ee9	k__Bacteria; p__Proteobacteria; c__Alphaproteobacteria; o__Sphingomonadales; f__Sphingomonadaceae; g__; s__	0.9
ad6faf8484548647bc4ed45dd59fc269	k__Bacteria; p__Chlamydiae; c__Chlamydiia; o__Chlamydiales	1.0
e1f14582db3513c7a426ecff975931d0	k__Bacteria; p__Proteobacteria; c__Betaproteobacteria	1.0
c007fe0d368b4d5024b0ec8ce44e348d	k__Bacteria; p__Proteobacteria; c__Gammaproteobacteria; o__; f__; g__; s__	0.6
48a69de6aac32427087640de7d8d2fdc	k__Bacteria; p__Proteobacteria; c__Gammaproteobacteria; o__Methylococcales; f__; g__; s__	0.9
28633053d43d543f395945c4bc764f47	k__Bacteria; p__Chlorobi; c__OPB56; o__; f__; g__; s__	1.0
147afb5090c18dd45dc64fbc4df0510a	k__Bacteria; p__Proteobacteria; c__TA18; o__CV90; f__; g__; s__	1.0
5a43f4ee967c226697d9b5548f1f3492	k__Bacteria; p__Actinobacteria; c__Actinobacteria; o__Actinomycetales; f__Microbacteriaceae; g__Candidatus Aquiluna; s__rubra	0.9
b14d28c4c028526fefb993d75512d4fc	k__Bacteria; p__TM6	0.7
cba542e5ffdc9e2d0cb42a44c4ee0bba	k__Bacteria; p__Actinobacteria; c__Thermoleophilia; o__Solirubrobacterales; f__Conexibacteraceae; g__; s__	0.8
28cc38a471052bd40dd4a0dae3ce5732	k__Bacteria; p__Fusobacteria; c__Fusobacteriia; o__Fusobacteriales; f__; g__; s__	0.8
03e67b28279f5ea55dc3524dda4a74e3	k__Bacteria; p__Bacteroidetes; c__Flavobacteriia; o__Flavobacteriales; f__[Weeksellaceae]; g__Chryseobacterium; s__	0.9
f58de949b780cc11ab7fd75ba8f68872	k__Bacteria; p__Proteobacteria; c__Alphaproteobacteria; o__Rhodobacterales; f__Rhodobacteraceae; g__Rhodobacter; s__	1.0
80ba60208069bece28c923ef808bf2d6	k__Bacteria; p__Proteobacteria; c__Gammaproteobacteria	1.0
47a3630b030e4a63f78bb6cde5af386c	k__Bacteria; p__Firmicutes; c__Clostridia; o__Clostridiales; f__Lachnospiraceae; g__Epulopiscium; s__	1.0
0107b4516443b7924fa83136ffc4a7dc	k__Bacteria; p__Firmicutes; c__Clostridia; o__Clostridiales	1.0
725db8a2a85a54c1c72a9c56f645a35c	k__Bacteria; p__Bacteroidetes; c__Sphingobacteriia; o__Sphingobacteriales; f__; g__; s__	1.0
1a39362701798d8c65cc218a3abfd92f	Unassigned	0.0
a75dfe64dde8e824e8d63a0aaa9e39e2	Unassigned	0.0
88642965624d83055a9341413f8087bc	k__Bacteria	1.0
616731a3427c48cbdb5fa23c0b0073f8	k__Bacteria; p__Proteobacteria; c__Gammaproteobacteria; o__Methylococcales; f__Crenotrichaceae; g__Crenothrix; s__	1.0
f1a0f89cf7c1f4996e56031baf36a29c	k__Bacteria; p__Proteobacteria; c__TA18; o__PHOS-HD29; f__; g__; s__	1.0
665dd305e4dbb5096387d8df6c0ded88	k__Bacteria; p__Bacteroidetes; c__Flavobacteriia; o__Flavobacteriales; f__Cryomorphaceae; g__; s__	1.0
58f243f4c4cf40b12a1bf942d879780e	k__Bacteria; p__Proteobacteria; c__Betaproteobacteria; o__Burkholderiales; f__Oxalobacteraceae	0.8
34c77db6f392dbdb6d32ae7d1c2ce585	k__Bacteria; p__Planctomycetes; c__Planctomycetia; o__Pirellulales; f__Pirellulaceae; g__Pirellula; s__	0.8
4e4cffe42391c65b515c164648a70c5f	k__Bacteria; p__Proteobacteria; c__Alphaproteobacteria; o__Rickettsiales; f__; g__; s__	0.9
3c5f52b560ad367bd51401c6fdaa1aaa	k__Bacteria; p__Cyanobacteria; c__Chloroplast; o__Cryptophyta; f__; g__; s__	1.0
85fce35acbf1f40509626b33162fa867	k__Bacteria; p__Proteobacteria; c__Alphaproteobacteria; o__Rhodobacterales; f__Rhodobacteraceae; g__Rhodobacter; s__	0.8
175ccfcda1167b265af89fae7d72e532	k__Bacteria; p__Firmicutes; c__Clostridia; o__Clostridiales	0.6
eb0eeedf31fa5c60d34940e361c861c1	k__Bacteria; p__Proteobacteria; c__Gammaproteobacteria; o__Methylococcales; f__Crenotrichaceae; g__Crenothrix; s__	1.0
aa2f117d673da4068257fce2567eed42	k__Bacteria; p__Proteobacteria; c__Alphaproteobacteria; o__; f__; g__; s__	0.6
ccc8caa80d24b436634c31faa4d980ef	k__Bacteria; p__Proteobacteria; c__Betaproteobacteria; o__Methylophilales; f__Methylophilaceae; g__; s__	0.9
f4e4268a4212611f94b87fd0279bb3e8	k__Bacteria; p__Bacteroidetes	1.0
8f778b62b34ec6d2dafe740746b80299	k__Bacteria; p__Planctomycetes; c__Planctomycetia; o__Gemmatales; f__Gemmataceae; g__Gemmata; s__	1.0
1d094c524f54a5bc463dbf3a4343961c	k__Bacteria; p__Bacteroidetes; c__Flavobacteriia; o__Flavobacteriales; f__Flavobacteriaceae; g__Flavobacterium; s__	1.0
351338784ac3c1728ad999e745f83b63	k__Bacteria; p__Elusimicrobia; c__Elusimicrobia; o__Elusimicrobiales; f__Elusimicrobiaceae; g__; s__	0.7
72ed31714396598a686db5bac3b7e5c5	Unassigned	0.0
09e9f9822adba4bde465f4a2f07e60f9	k__Bacteria; p__Proteobacteria; c__Alphaproteobacteria; o__Sphingomonadales; f__Sphingomonadaceae; g__; s__	0.6
a50d4e5c6c96554a135eefdf2f579f3d	k__Bacteria; p__Actinobacteria; c__Actinobacteria; o__Actinomycetales; f__Mycobacteriaceae; g__Mycobacterium; s__	1.0
38b6d9fb32ed9e8ed6528cd707a6f1ac	k__Bacteria; p__Proteobacteria; c__Betaproteobacteria; o__Burkholderiales; f__Comamonadaceae; g__; s__	0.8
03636b349e382fcd480d705aa6b4d290	k__Bacteria; p__OD1; c__; o__; f__; g__; s__	0.9
f52c1e9c6221e7d69a1b21e739115ee7	Unassigned	0.0
e8b6630eb01cecbef34e11b3987b27a7	k__Bacteria; p__Actinobacteria; c__Acidimicrobiia; o__Acidimicrobiales; f__C111; g__; s__	0.9
298a252cd7e83ccebd46876484d525bc	k__Bacteria; p__Proteobacteria; c__Alphaproteobacteria; o__Rhizobiales	1.0
ea1980d20f62ffdb45fa7e5b023cb5e1	k__Bacteria; p__Proteobacteria; c__Betaproteobacteria; o__Methylophilales; f__Methylophilaceae; g__; s__	0.8
c59adc831e9ccd469cc086a1cf9208c0	k__Bacteria; p__Proteobacteria; c__Betaproteobacteria; o__Methylophilales; f__Methylophilaceae; g__; s__	0.8
373f0546a460371a04f2ae6cb2beb8a2	k__Bacteria; p__Proteobacteria; c__Deltaproteobacteria; o__Myxococcales; f__; g__; s__	1.0
bdfff18ef351d4967d501a4ff646b1b1	k__Bacteria; p__Proteobacteria; c__Gammaproteobacteria; o__Pseudomonadales; f__Moraxellaceae; g__Perlucidibaca; s__	0.7
299d6add657bca87b577373f57538fa8	k__Bacteria; p__Proteobacteria; c__Alphaproteobacteria; o__Rhizobiales; f__Rhizobiaceae	0.8
a9950b2cacfc61b113eb6eb46d2d31c0	k__Bacteria; p__Proteobacteria; c__Alphaproteobacteria; o__Rhodospirillales; f__Rhodospirillaceae; g__Skermanella; s__	0.6
a9f6ff15209a453bb9d0c8f9757f6a4d	k__Bacteria; p__Proteobacteria; c__Gammaproteobacteria; o__Xanthomonadales; f__Xanthomonadaceae	1.0
8d8c45e0145a4285d0a9b189549bf35b	k__Bacteria; p__Proteobacteria; c__Deltaproteobacteria; o__Myxococcales; f__Myxococcaceae; g__Myxococcus; s__	0.6
3363319bdd9f593942578f4d8fc458bd	k__Bacteria; p__Proteobacteria; c__Alphaproteobacteria; o__Rhodospirillales; f__Rhodospirillaceae; g__; s__	0.8
49acee979ae2d9d6c2ed41b4f9acbd04	k__Bacteria; p__Proteobacteria; c__Alphaproteobacteria	0.7
528c5e262f17d1bb8334a2543cd22980	k__Bacteria; p__Bacteroidetes; c__[Saprospirae]; o__[Saprospirales]; f__Chitinophagaceae; g__; s__	1.0
be731f792af53894360929cfa2549cdf	k__Bacteria; p__OP3; c__koll11; o__; f__; g__; s__	1.0
890f28da636caaae5c7e40495a4bc323	k__Bacteria; p__Proteobacteria; c__Alphaproteobacteria; o__Rhodobacterales; f__Hyphomonadaceae; g__; s__	1.0
4b4716f539d5685cb87d4b6e098da6b9	k__Bacteria; p__Proteobacteria; c__Deltaproteobacteria; o__Spirobacillales; f__; g__; s__	0.9
af729674e9cf6922c83cdb47ccee4876	k__Bacteria; p__Planctomycetes; c__Planctomycetia; o__Pirellulales; f__Pirellulaceae; g__; s__	1.0
0cb72b7204d1281c2fe8e8fa1c999152	Unassigned	0.0
5d3a35608a2f53fe3705332710e1008e	k__Bacteria; p__Cyanobacteria; c__Chloroplast; o__Cryptophyta; f__; g__; s__	1.0
51c3814a2cd8eb6e32827a9951a9a1a4	k__Bacteria; p__Proteobacteria; c__Alphaproteobacteria; o__; f__; g__; s__	1.0
7d7a9e2ca84847beb516a466ca7e7c13	k__Bacteria; p__Proteobacteria; c__Deltaproteobacteria	1.0
8df9a79b47eeb573cebb30bd8e0f38e3	k__Bacteria; p__Chlorobi; c__OPB56; o__; f__; g__; s__	1.0
d2c040b8c3bf45ede970dd2a4ef5b32b	k__Bacteria; p__Chlorobi; c__OPB56; o__; f__; g__; s__	1.0
02684968cc4a53eaa5d11c610bf61f98	k__Bacteria; p__Proteobacteria; c__Betaproteobacteria	1.0
e917df3d030ba7e38f5bbadd2d4a51c3	k__Bacteria; p__Actinobacteria; c__Actinobacteria; o__Actinomycetales; f__ACK-M1; g__; s__	1.0
42f1ca53cbbf4ca0c50399244bb67112	k__Bacteria; p__Elusimicrobia; c__Endomicrobia; o__; f__; g__; s__	0.7
b5bbe08dab4f999b4b9178144a0e8253	k__Bacteria; p__Proteobacteria; c__Alphaproteobacteria; o__Sphingomonadales; f__Sphingomonadaceae; g__; s__	0.7
7331ca4b554707d90891bf9ca99bb126	k__Bacteria; p__Proteobacteria; c__Alphaproteobacteria; o__Rickettsiales; f__mitochondria; g__Vermamoeba; s__vermiformis	1.0
be60377806e6de4d5af50c8d335d69fd	k__Bacteria; p__Proteobacteria; c__Deltaproteobacteria; o__Bdellovibrionales; f__Bdellovibrionaceae; g__Bdellovibrio; s__	1.0
a48e54e82f1454f34e8e7ab09f709783	k__Bacteria; p__Planctomycetes; c__Planctomycetia; o__Gemmatales; f__Gemmataceae; g__Gemmata; s__	1.0
ce5b499ef3ffd99184d724c63b238a15	k__Bacteria; p__Actinobacteria; c__Thermoleophilia; o__Solirubrobacterales; f__Patulibacteraceae; g__; s__	1.0
21cf49c9ac8a5608dca0f8362ed68833	k__Bacteria; p__Chlamydiae; c__Chlamydiia; o__Chlamydiales; f__Rhabdochlamydiaceae; g__Candidatus Rhabdochlamydia; s__	0.7
52fee57d85c87ead411e3aaffdce19c0	k__Bacteria; p__Proteobacteria; c__Gammaproteobacteria; o__Xanthomonadales; f__Sinobacteraceae; g__; s__	1.0
73c2e27122ff4ae34fd5992b3f6c60f9	Unassigned	0.0
e0aa0d401beb3e186ba161ca00255068	k__Bacteria	1.0
1cbce803fa66de1546f54381d8ca366b	k__Bacteria; p__Proteobacteria; c__Deltaproteobacteria; o__Myxococcales; f__OM27; g__; s__	1.0
94547da62f27e5d0a3394d1408c64f1d	k__Bacteria; p__Proteobacteria; c__Betaproteobacteria; o__Methylophilales; f__; g__; s__	0.6
9c75dd1c9befcdc845f54084c5bb0d28	k__Bacteria; p__Verrucomicrobia; c__[Methylacidiphilae]; o__Methylacidiphilales; f__LD19; g__; s__	1.0
98eaaf6e4a3d9906b222bb5142100207	k__Bacteria; p__Proteobacteria; c__TA18; o__PHOS-HD29; f__; g__; s__	1.0
42e3dda39cb51ab501137d1034a265ce	k__Bacteria; p__Actinobacteria; c__Actinobacteria; o__Actinomycetales; f__Geodermatophilaceae; g__Geodermatophilus	0.7
167383de5405933900994b090748d3ab	k__Bacteria; p__Proteobacteria; c__Gammaproteobacteria; o__Methylococcales; f__Crenotrichaceae; g__Crenothrix; s__	0.9
4eb2f92137d28f0252b3c28d6b644614	k__Bacteria; p__Verrucomicrobia; c__[Spartobacteria]; o__[Chthoniobacterales]; f__[Chthoniobacteraceae]; g__DA101; s__	1.0
790ade027672138ee5cc96cdd716745b	k__Bacteria; p__Actinobacteria; c__Actinobacteria; o__Actinomycetales; f__; g__; s__	0.9
7c425fe3e6cafea150e8a330f0eac03e	k__Bacteria; p__Bacteroidetes; c__[Saprospirae]; o__[Saprospirales]; f__Chitinophagaceae; g__; s__	1.0
7a97dc1ebdf849015c5ae50ebb3f27c7	k__Bacteria; p__Verrucomicrobia; c__[Pedosphaerae]; o__[Pedosphaerales]; f__R4-41B; g__; s__	0.9
5bf0e815acd0bd033dc72f37967c9e9a	k__Bacteria; p__SR1; c__; o__; f__; g__; s__	1.0
7e67c800a2fee2346942932588d5d87d	k__Bacteria; p__Proteobacteria; c__Alphaproteobacteria; o__BD7-3; f__; g__; s__	1.0
4e41cdc1c5a0d934b08d6f752386f5e6	k__Bacteria; p__Bacteroidetes; c__Cytophagia; o__Cytophagales; f__Cytophagaceae; g__Pontibacter; s__	1.0
7fd18c775df78246834678c80658f331	k__Bacteria; p__Proteobacteria; c__Alphaproteobacteria; o__Rhizobiales	1.0
ae2afdebc5ac4f8405aca670dd517d45	k__Bacteria; p__Proteobacteria; c__Gammaproteobacteria; o__Pseudomonadales; f__Moraxellaceae; g__Acinetobacter; s__	0.8
77532f0c93b608cd9ed9b4a7ebb6aff7	k__Bacteria; p__Proteobacteria; c__Gammaproteobacteria	1.0
a6905131c22d1560f38bc907e87335e4	k__Bacteria; p__Bacteroidetes; c__Flavobacteriia; o__Flavobacteriales; f__[Weeksellaceae]; g__Chryseobacterium; s__	1.0
431ddcbb8f9eaf176e267a1d5e0f0886	k__Bacteria; p__SR1; c__; o__; f__; g__; s__	1.0
c24f235b4d0babcdb86b294f01803af6	k__Bacteria; p__Proteobacteria; c__Betaproteobacteria; o__Burkholderiales; f__Comamonadaceae; g__Limnohabitans; s__	0.8
6958c8b00a13bcb0c3db7d674c41c9b4	k__Bacteria; p__Firmicutes; c__Erysipelotrichi; o__Erysipelotrichales; f__Erysipelotrichaceae	1.0
504e44918af2d3180f558c18c04f46f5	k__Bacteria; p__Proteobacteria; c__Alphaproteobacteria; o__Rhizobiales; f__; g__; s__	0.9
b682d2ff5f93155effcc3a01ae034aef	k__Bacteria; p__Bacteroidetes; c__Flavobacteriia; o__Flavobacteriales; f__[Weeksellaceae]; g__Cloacibacterium; s__	0.9
0fe792b9b9964acd3bdc0c1de3ed4244	k__Bacteria; p__Cyanobacteria; c__Synechococcophycideae; o__Synechococcales; f__Synechococcaceae; g__Synechococcus; s__	1.0
3677944746e42358f3a4c5f286cd55c8	k__Bacteria; p__Bacteroidetes; c__[Saprospirae]; o__[Saprospirales]; f__Chitinophagaceae; g__; s__	1.0
abcea101feb8723ed1f2f805e406ca76	k__Bacteria; p__Proteobacteria; c__Gammaproteobacteria; o__Enterobacteriales; f__Enterobacteriaceae; g__Buchnera; s__	1.0
8ea020a7d3190060c70eca5124302076	k__Bacteria; p__Proteobacteria; c__Gammaproteobacteria; o__Xanthomonadales; f__Sinobacteraceae; g__; s__	0.6
54c3c0f6f943e94e17ebce2db314843f	k__Bacteria; p__Gemmatimonadetes; c__Gemmatimonadetes; o__Gemmatimonadales; f__A1-B1; g__; s__	0.8
86325d011ce07dca99d9b4e3336752a8	k__Bacteria; p__Proteobacteria; c__Alphaproteobacteria; o__Rhodospirillales; f__Acetobacteraceae; g__; s__	0.8
8da201cc11b68a789be84992dd088c30	k__Archaea; p__[Parvarchaeota]; c__[Parvarchaea]; o__WCHD3-30; f__; g__; s__	1.0
28e23017a249ecfc1a84f57c087b2a8c	k__Bacteria; p__Cyanobacteria; c__Chloroplast; o__Chlorophyta	0.6
670e2f6a95a1a5225b95f183d2cfbd55	k__Bacteria; p__Proteobacteria; c__TA18; o__CV90; f__; g__; s__	1.0
285a1502b401d77af5325dbc4e954bc4	k__Bacteria; p__Firmicutes; c__Clostridia; o__Clostridiales; f__; g__; s__	1.0
1f8a4d22018f996648612fd558ca7d9c	k__Bacteria; p__Proteobacteria; c__Alphaproteobacteria; o__Rhizobiales	1.0
900ce9eec0b9670bde53328e4ef07191	k__Bacteria; p__Firmicutes; c__Clostridia; o__Clostridiales; f__[Acidaminobacteraceae]; g__Fusibacter; s__	0.6
bbe677c5339c3355bff02b0d59d5ec03	k__Bacteria; p__OD1; c__ZB2; o__; f__; g__; s__	1.0
5d4e8d70650b7629d6d9854dbc470793	k__Bacteria; p__Proteobacteria; c__Alphaproteobacteria; o__Rickettsiales; f__; g__; s__	1.0
67f3be37ce64649c28b51c4b416db9da	k__Bacteria; p__Bacteroidetes; c__[Saprospirae]; o__[Saprospirales]; f__Chitinophagaceae; g__Sediminibacterium; s__	1.0
a1a913b7fd3774b3b4bd4a21eefc6012	k__Bacteria; p__Proteobacteria; c__Deltaproteobacteria; o__Desulfarculales; f__Desulfarculaceae; g__; s__	1.0
e58836618c6a75c268059cab135a8698	k__Bacteria; p__Proteobacteria	1.0
5df3cfa16ed2ca0ccf746bea86c47ac3	k__Bacteria; p__Proteobacteria; c__Deltaproteobacteria; o__Myxococcales; f__; g__; s__	1.0
f593afd13c75d65ae9b5aca2920d9dac	k__Bacteria; p__Firmicutes; c__Bacilli; o__Bacillales; f__Paenibacillaceae; g__Paenibacillus; s__	1.0
56696021228f7ab540384be909fb5d1c	k__Bacteria	1.0
1fae420c2e46df882893e8d23cf0a574	Unassigned	0.0
e982a64426dca11452e90f3b4f72fa23	k__Bacteria; p__Bacteroidetes; c__Cytophagia; o__Cytophagales; f__Flammeovirgaceae	0.6
0c28d2893a47eed9727c4eb068d1296d	k__Bacteria; p__Fibrobacteres; c__TG3; o__TG3-2; f__; g__; s__	0.6
2c40a60434c08616f513539461bbe8fc	k__Bacteria; p__Proteobacteria; c__Alphaproteobacteria; o__Rhizobiales; f__; g__; s__	0.9
b5e0b75797799cc355159113d64e64fa	k__Bacteria; p__Proteobacteria; c__Betaproteobacteria; o__Neisseriales; f__Neisseriaceae; g__; s__	0.6
dff7efa91dab35495c47ec8884bd1dc2	k__Bacteria; p__Firmicutes; c__Clostridia; o__Clostridiales; f__; g__; s__	1.0
e3063bd04844db59aef8c2cc7151bf15	k__Bacteria; p__Proteobacteria; c__Deltaproteobacteria; o__Bdellovibrionales; f__Bacteriovoracaceae; g__; s__	1.0
6bfa6616b731a73e57d0311664b46f1f	k__Bacteria; p__Proteobacteria; c__Gammaproteobacteria; o__Aeromonadales; f__Aeromonadaceae; g__; s__	0.7
946ea1c44aba7296dee498389b8dda1d	k__Bacteria; p__Proteobacteria; c__Betaproteobacteria; o__Burkholderiales; f__Comamonadaceae	1.0
c52eaf4282916069b7152c16663804cc	k__Bacteria; p__Bacteroidetes; c__Bacteroidia; o__Bacteroidales; f__[Paraprevotellaceae]	0.7
9fe850f7e7f054c8a35b1888d0fca509	k__Bacteria; p__Proteobacteria; c__Alphaproteobacteria; o__Rhizobiales; f__; g__; s__	1.0
9b77f4495ec1f80b502f10637a3eefd3	k__Bacteria; p__Planctomycetes; c__Planctomycetia; o__Gemmatales; f__Gemmataceae; g__Gemmata; s__	0.8
384fd094efe040eeb13a30b6aacaaa15	k__Bacteria; p__Cyanobacteria; c__Chloroplast; o__Streptophyta; f__; g__; s__	1.0
69e8d0ad9968d7ea70757e1ca2c192b8	Unassigned	0.0
8bffdae742c2b11aa76409c1ac224b08	k__Bacteria; p__Actinobacteria; c__Actinobacteria; o__Actinomycetales; f__ACK-M1; g__; s__	1.0
be84c677e83c72dded8850976ad8f44d	k__Bacteria; p__Proteobacteria; c__Alphaproteobacteria; o__Rhizobiales; f__; g__; s__	0.8
9dff4c338cb7332b03d1b942b38ecdcc	k__Bacteria; p__Proteobacteria; c__Alphaproteobacteria; o__Rhizobiales; f__Hyphomicrobiaceae; g__Hyphomicrobium; s__	0.6
69af4071548dd7d83e973e53ef4bb48e	k__Bacteria; p__Actinobacteria; c__Actinobacteria; o__Actinomycetales; f__ACK-M1; g__; s__	1.0
92110304ba7cf525b86ea77c89912943	k__Bacteria; p__Proteobacteria; c__Betaproteobacteria; o__Burkholderiales; f__Comamonadaceae	0.8
3febe29d3deb5f9ca8f7a2c9b71b80d3	k__Bacteria; p__Proteobacteria; c__Deltaproteobacteria; o__Bdellovibrionales; f__Bdellovibrionaceae; g__Bdellovibrio; s__	1.0
660ce91cd5c6af1fa7d92d33bb871654	k__Bacteria; p__Proteobacteria; c__Epsilonproteobacteria; o__Campylobacterales; f__Campylobacteraceae; g__Sulfurospirillum; s__	1.0
ca53359b70305ab877a3a9cfbe0a6e2e	k__Bacteria; p__Proteobacteria; c__Gammaproteobacteria; o__Legionellales; f__Legionellaceae	1.0
6d0dd7835b6261a819806c68a66cdadd	k__Bacteria; p__Proteobacteria; c__Betaproteobacteria; o__Procabacteriales; f__Procabacteriaceae; g__; s__	1.0
c44b0424a1a95ff262fccb5aa4c1aae9	k__Bacteria; p__Firmicutes; c__Clostridia; o__Clostridiales	0.6
99006887c645329a31016bc900b1ce5c	k__Bacteria; p__TM6; c__SBRH58; o__; f__; g__; s__	1.0
417a33ab4c32f1c9d06c94cb9e557531	k__Bacteria; p__Cyanobacteria; c__Chloroplast; o__Streptophyta; f__; g__; s__	1.0
875c8a1d1391f21bd1277a09bad86902	k__Bacteria; p__Proteobacteria; c__Alphaproteobacteria; o__Rhizobiales; f__; g__; s__	1.0
febf49d0a925f6a06c69d465d75c85ed	k__Bacteria; p__Proteobacteria; c__Betaproteobacteria; o__Methylophilales; f__Methylophilaceae; g__; s__	1.0
cb2840cc9e3dcd50ee29289a45e878f1	k__Bacteria; p__Planctomycetes; c__Planctomycetia; o__Pirellulales; f__Pirellulaceae; g__; s__	1.0
c5558057d3b5c17a4b4a780dc9d72db1	k__Bacteria; p__Bacteroidetes; c__[Saprospirae]; o__[Saprospirales]; f__Chitinophagaceae; g__; s__	1.0
a2fbe85dce4a6561e5d66d1b447ecb0a	k__Bacteria; p__Firmicutes; c__Erysipelotrichi; o__Erysipelotrichales; f__Erysipelotrichaceae; g__Erysipelothrix; s__	0.6
7f528300670c452e1c6ff3888fc771c0	k__Bacteria; p__Proteobacteria; c__Alphaproteobacteria; o__Rhizobiales; f__; g__; s__	0.6
4647d16dd0111cf068b7541d81cc9598	k__Bacteria; p__Bacteroidetes; c__Cytophagia; o__Cytophagales; f__Cytophagaceae; g__; s__	1.0
450352e2055e691052e799795d676849	k__Bacteria; p__Cyanobacteria; c__Chloroplast; o__Stramenopiles; f__; g__; s__	1.0
7734cfbfe9803c441ae846da4ce59447	k__Bacteria; p__Proteobacteria; c__Betaproteobacteria; o__Methylophilales; f__Methylophilaceae; g__; s__	0.6
6da9cda8264d374145c18c1e8669e66b	k__Bacteria; p__Bacteroidetes; c__Sphingobacteriia; o__Sphingobacteriales; f__Sphingobacteriaceae; g__Pedobacter	0.6
1e5becc4df2cc7f8b4bc3a08ea90713f	k__Bacteria; p__Bacteroidetes; c__Cytophagia; o__Cytophagales; f__Cytophagaceae; g__Adhaeribacter; s__	0.8
e83730bc967419b438006976b380837c	k__Bacteria; p__Bacteroidetes; c__Bacteroidia; o__Bacteroidales; f__Bacteroidaceae; g__Bacteroides; s__	0.7
5b75337b678de2a843677040e546db0d	k__Bacteria; p__Firmicutes; c__Clostridia; o__Clostridiales; f__[Acidaminobacteraceae]; g__Fusibacter; s__	0.6
376c9a3069250cd9eafb6d26c66e2698	k__Bacteria; p__SR1; c__; o__; f__; g__; s__	0.9
ef7b6b68fa685d5b01dc2299072043ea	k__Bacteria; p__Proteobacteria; c__TA18; o__CV90; f__; g__; s__	1.0
37c6181445c0a323820ef0c787a9d8e7	k__Bacteria; p__Proteobacteria; c__Betaproteobacteria; o__Rhodocyclales; f__Rhodocyclaceae	0.6
126fc16d524d6113a3629806e8886841	k__Bacteria; p__Proteobacteria; c__Betaproteobacteria; o__Neisseriales; f__Neisseriaceae	0.7
13b1c4e69e06c954cdb0eac38d38b105	k__Bacteria; p__Proteobacteria; c__Alphaproteobacteria	1.0
31a6d492753c16577709008e150eb7d2	k__Bacteria; p__Proteobacteria; c__Betaproteobacteria; o__Rhodocyclales; f__Rhodocyclaceae; g__; s__	0.8
a9d60a913fa2520718d2b2455ec0c1e1	k__Bacteria; p__Proteobacteria; c__Betaproteobacteria; o__Methylophilales; f__Methylophilaceae; g__; s__	0.8
2501e98aa7fce2e8bd51bcc6f46c2b36	Unassigned	0.0
5f407da72fcd7707fc0a3b7420f6b826	k__Bacteria; p__TM6; c__SJA-4; o__; f__; g__; s__	1.0
30bdd9f1698bbeb02aa54b1d9e782332	k__Bacteria; p__Bacteroidetes; c__Cytophagia; o__Cytophagales; f__Cytophagaceae; g__Cytophaga; s__	0.8
559d7bc7f44230864225635f0d672839	k__Bacteria; p__Proteobacteria; c__Betaproteobacteria	1.0
ff4d70d41c57df74e21a8ed7fb60d3b7	Unassigned	0.0
c36aff3182b023a61de723672106d5d3	k__Bacteria; p__TM6; c__SBRH58; o__; f__; g__; s__	0.8
13cb195a575dd6b50b8a6ffc5bc4f3ce	k__Bacteria; p__Cyanobacteria; c__Nostocophycideae; o__Nostocales; f__Nostocaceae; g__Anabaena	0.6
d15f0fb610702c841958ca27a5ff7b88	k__Bacteria; p__Proteobacteria; c__Alphaproteobacteria; o__; f__; g__; s__	0.7
b333bc179922e5eeb2062b7664d0b657	k__Bacteria; p__Actinobacteria; c__Acidimicrobiia; o__Acidimicrobiales; f__; g__; s__	0.9
3dc3db60b0a0f60f0fc776cac0b4b8cb	k__Bacteria; p__Proteobacteria; c__Alphaproteobacteria; o__Rhodospirillales; f__Acetobacteraceae; g__; s__	0.9
248d16b0902fc0fb861cf6e15316d510	k__Bacteria; p__Proteobacteria; c__Gammaproteobacteria; o__Pseudomonadales; f__Moraxellaceae; g__Perlucidibaca; s__	0.9
a0ebd58f1e6bf219d6b16fe0cc98813d	k__Bacteria; p__Actinobacteria; c__Actinobacteria; o__Actinomycetales; f__Nocardiaceae; g__Rhodococcus; s__	1.0
5a16154593c6d8751561f294d125f188	k__Bacteria; p__Proteobacteria; c__Alphaproteobacteria; o__Rhizobiales; f__Hyphomicrobiaceae; g__; s__	0.8
5fe647d96b1ce7716448906a8cf404ce	k__Bacteria; p__Proteobacteria; c__Alphaproteobacteria; o__Rhizobiales; f__Beijerinckiaceae; g__; s__	0.8
e70bfcae5ca5679dadf0b5e11d850f93	k__Bacteria; p__Actinobacteria	0.8
f88b74aa6dce1f8b02e893058c222421	k__Bacteria; p__Proteobacteria; c__Gammaproteobacteria; o__Legionellales; f__Coxiellaceae; g__; s__	1.0
a0e39bcc36a4744911ebab98f767f35e	k__Bacteria; p__Proteobacteria; c__Alphaproteobacteria; o__Rhizobiales; f__Rhizobiaceae	1.0
5503821a3871668e4d85ca92a1586336	k__Bacteria; p__Proteobacteria; c__Betaproteobacteria; o__Rhodocyclales; f__Rhodocyclaceae	1.0
46d3ea04e051822ae8ba88d60d848dbc	k__Bacteria	1.0
acb672a9a57a89a8fd98786484c577a8	k__Bacteria; p__Proteobacteria; c__Alphaproteobacteria	0.8
b84893e4899ae6c2de765ccb381dd783	k__Bacteria; p__Bacteroidetes; c__[Saprospirae]; o__[Saprospirales]; f__Saprospiraceae; g__; s__	1.0
6362d15a48096eec168f12c13551804e	k__Bacteria; p__Chlamydiae; c__Chlamydiia; o__Chlamydiales	0.8
dad4e7be70d15a206d5162de6d665a93	k__Bacteria; p__Proteobacteria; c__Deltaproteobacteria; o__Desulfovibrionales; f__Desulfovibrionaceae; g__Desulfovibrio; s__	1.0
02017392ba147f7890c09f7e12ddf70a	k__Bacteria; p__Proteobacteria; c__Alphaproteobacteria; o__Rhizobiales	1.0
b55b08c658bf8109a41114ca9802bd81	k__Bacteria; p__Bacteroidetes; c__Cytophagia; o__Cytophagales; f__Cytophagaceae; g__; s__	1.0
ac138f4daf2510c89ecca92ebf331f45	k__Bacteria; p__Proteobacteria; c__TA18; o__CV90; f__; g__; s__	1.0
cc62cc2d16779ff47d701b8beff47b79	k__Bacteria; p__Proteobacteria; c__Alphaproteobacteria; o__Caulobacterales; f__Caulobacteraceae; g__Phenylobacterium; s__	1.0
3e0971667a188fdc7dc84b9adc10da2e	k__Bacteria; p__Firmicutes; c__Clostridia; o__Clostridiales; f__Ruminococcaceae; g__Faecalibacterium; s__prausnitzii	0.9
9c63e8e3003c2d66aface7df84547478	k__Bacteria; p__Proteobacteria; c__Alphaproteobacteria; o__Rhodobacterales; f__Hyphomonadaceae; g__; s__	0.8
cafe00ff6702daa431f931fa85d9a9c7	k__Bacteria; p__Cyanobacteria; c__Chloroplast; o__Stramenopiles; f__; g__; s__	1.0
576ed83c51481d3ab77907b989a3889c	k__Bacteria; p__Actinobacteria; c__Actinobacteria; o__Actinomycetales; f__ACK-M1; g__; s__	0.9
6f84da128b44419e7945d8d1d1f7a4e8	k__Bacteria; p__Verrucomicrobia; c__[Pedosphaerae]; o__[Pedosphaerales]; f__; g__; s__	0.9
497c2e8fc7e927c10e4bb0b9c6465fd9	k__Bacteria; p__Proteobacteria; c__Gammaproteobacteria; o__Xanthomonadales; f__Sinobacteraceae; g__; s__	1.0
644edacdbb4a2ca4d0032f3bfccad38f	k__Bacteria; p__Proteobacteria; c__Alphaproteobacteria; o__Rhodospirillales; f__Rhodospirillaceae; g__; s__	0.9
3497a0fe4c45a32a36c6ab171e1d7ce0	k__Bacteria; p__Proteobacteria; c__Alphaproteobacteria; o__BD7-3; f__; g__; s__	1.0
3dedea65636648cd8773206490a746dd	k__Bacteria; p__Proteobacteria; c__Deltaproteobacteria; o__Myxococcales; f__; g__; s__	1.0
e4e95291804068d06641cbf8c37e3c22	k__Bacteria; p__Actinobacteria; c__Actinobacteria; o__Actinomycetales; f__; g__; s__	1.0
37a64664810a7ddd5a0756913dfde52c	k__Bacteria; p__Planctomycetes; c__Planctomycetia; o__B97; f__; g__; s__	0.6
a184e1b008b98509fcc20eeba6417790	k__Bacteria; p__Proteobacteria	0.9
f15676606590bec4298aa598f1a4b5c2	k__Bacteria; p__Proteobacteria; c__Alphaproteobacteria; o__Rickettsiales; f__Rickettsiaceae; g__Rickettsia; s__	0.8
92527ab7abb82fd6f2f9e9b95ddc0378	k__Bacteria; p__Bacteroidetes; c__Bacteroidia; o__Bacteroidales; f__Porphyromonadaceae; g__Paludibacter; s__	0.6
1d39f20a172030e857b103802348d40e	k__Bacteria; p__Proteobacteria; c__TA18; o__CV90; f__; g__; s__	1.0
fe556b5a846fa33941122ee02afbea31	k__Bacteria; p__Bacteroidetes; c__[Saprospirae]; o__[Saprospirales]; f__Saprospiraceae	1.0
95bbd618660f6cd6cd5b993196e8ec2c	k__Bacteria; p__Firmicutes; c__Clostridia; o__Clostridiales; f__Peptostreptococcaceae; g__; s__	1.0
07cd4fb9aa5a03b5f8bb443d04b9764e	k__Bacteria; p__Planctomycetes; c__Planctomycetia; o__Pirellulales; f__Pirellulaceae; g__; s__	1.0
f664bc36a61062d3b22100ac9d1ee5c1	k__Bacteria; p__Bacteroidetes; c__Cytophagia; o__Cytophagales; f__Cytophagaceae; g__Leadbetterella; s__	1.0
85482a6d57611d9252ce7643b1be04ce	k__Bacteria; p__Proteobacteria; c__Alphaproteobacteria; o__BD7-3; f__; g__; s__	1.0
f1c0fabdff315eed1626aea928fdce61	k__Bacteria; p__Proteobacteria; c__Gammaproteobacteria; o__Xanthomonadales; f__Sinobacteraceae; g__; s__	1.0
122336e2685f413d5ee7112179ed81f0	k__Bacteria; p__Planctomycetes; c__Planctomycetia; o__Pirellulales; f__Pirellulaceae; g__Pirellula; s__	1.0
667c5a3ae6c044993063319a4ca40046	k__Bacteria; p__[Thermi]; c__Deinococci; o__Deinococcales; f__Trueperaceae; g__Truepera; s__	0.7
c1bc279144d901c8b0b8d79c7d15db0c	k__Bacteria; p__Proteobacteria; c__Betaproteobacteria; o__Methylophilales; f__Methylophilaceae; g__; s__	0.9
4f95eb42030183a2ac1978845dc667b6	k__Bacteria; p__Chlamydiae; c__Chlamydiia; o__Chlamydiales; f__Rhabdochlamydiaceae; g__Candidatus Rhabdochlamydia; s__	0.6
63924a8eac2fe9dcedf56f467b5ac353	k__Bacteria; p__Actinobacteria; c__Actinobacteria; o__Actinomycetales; f__Microbacteriaceae	0.6
56689f48486b153a7f452fdca96c0dce	k__Bacteria; p__Actinobacteria; c__Acidimicrobiia; o__Acidimicrobiales; f__C111; g__; s__	0.9
a060f3430b76bea4a9d4f43a0c2a34be	k__Bacteria; p__Proteobacteria; c__Alphaproteobacteria; o__Rhodospirillales; f__Acetobacteraceae; g__; s__	0.8
b791c2192cdbc12f15e21c2beb78bfa1	k__Bacteria; p__SR1; c__; o__; f__; g__; s__	1.0
81a6bbcb5913561bbeeebf1977689840	k__Bacteria; p__Chlamydiae; c__Chlamydiia; o__Chlamydiales; f__; g__; s__	0.6
d10c707efa5ea9c6ab54ffbb84b3d2f0	k__Bacteria; p__Proteobacteria; c__Gammaproteobacteria; o__Xanthomonadales; f__Xanthomonadaceae; g__; s__	0.8
7e13a44079a3efdf6f09fe68141611d2	k__Bacteria	1.0
d33301391cffe2179c0e48035fa612de	k__Bacteria; p__Proteobacteria; c__Betaproteobacteria; o__Methylophilales; f__Methylophilaceae	0.8
98a2614157dfb1f466ef6916f88e966b	k__Bacteria; p__Proteobacteria; c__Gammaproteobacteria; o__Legionellales; f__Coxiellaceae; g__; s__	1.0
dbef37f4d7274634fd2a16cec9b96404	Unassigned	0.0
269f2d9892d4c9eeeb20a5a38bebddf3	k__Bacteria; p__TM6; c__SJA-4; o__; f__; g__; s__	0.9
698e6edf0a4599fe06e7100e3beece43	k__Bacteria; p__Proteobacteria; c__Betaproteobacteria; o__Rhodocyclales; f__Rhodocyclaceae	0.6
b246768766450cb9dfad8e0db18b150e	k__Bacteria; p__Proteobacteria; c__Betaproteobacteria; o__Burkholderiales; f__Comamonadaceae	0.8
a461dc19d227ee1e2f8235f976cd1c50	Unassigned	0.0
d294bcf8de840157f515200b9addcc12	k__Bacteria; p__Cyanobacteria; c__Chloroplast; o__Stramenopiles; f__; g__; s__	1.0
e91e46176bf520972452ab23ed62e915	k__Bacteria; p__Proteobacteria; c__Alphaproteobacteria; o__Rhizobiales; f__Hyphomicrobiaceae	0.7
02818be6b900aa9f00c42cb3d021a066	k__Bacteria; p__Planctomycetes; c__Planctomycetia; o__Pirellulales; f__Pirellulaceae; g__; s__	0.9
07d364e310a9708864291aeeb5a59f6c	k__Bacteria; p__Proteobacteria; c__Alphaproteobacteria; o__Rhodospirillales; f__Rhodospirillaceae; g__; s__	1.0
5dd9b7f258384718bef0b8780bdeb023	k__Bacteria; p__Verrucomicrobia; c__Verruco-5; o__WCHB1-41; f__RFP12; g__; s__	1.0
d271ecffd9a8768e224db233d0929296	k__Bacteria; p__Proteobacteria; c__Alphaproteobacteria; o__Rhizobiales	0.8
65743e35f7c8a7c4181eaa22ff1f0413	k__Bacteria; p__[Thermi]; c__Deinococci; o__Thermales; f__Thermaceae; g__Meiothermus; s__	1.0
c6e2d3f9276ba916c8604d0bc9c2550f	k__Bacteria; p__Proteobacteria; c__Deltaproteobacteria; o__Desulfuromonadales; f__Geobacteraceae; g__Geobacter; s__	1.0
d40c5b5c1a1744b84588061d44e9f3da	k__Bacteria; p__OD1; c__ZB2; o__; f__; g__; s__	1.0
ef4827271482e00f64da4de4d136e164	k__Bacteria; p__Proteobacteria	0.9
765b4e2e7a787eb76d34f87c8074e5d9	k__Bacteria; p__Bacteroidetes; c__Sphingobacteriia; o__Sphingobacteriales; f__; g__; s__	1.0
c59afe75768d8350c5d2f2cae0c25d3c	k__Bacteria; p__Cyanobacteria; c__Chloroplast; o__Streptophyta; f__; g__; s__	0.7
0517323bddc4f77e2d7e8664a76543a6	k__Bacteria; p__Planctomycetes; c__Planctomycetia; o__Gemmatales; f__Gemmataceae; g__Gemmata; s__	1.0
63bd82c826fe24740e5bea9b2d8f7909	k__Bacteria; p__Bacteroidetes; c__Sphingobacteriia; o__Sphingobacteriales; f__; g__; s__	0.9
6821c0f581ce0d3ca681c24d129a83cc	Unassigned	0.0
2eb96bbe5cc627b9177b9a064f376ceb	k__Bacteria; p__Proteobacteria; c__Betaproteobacteria; o__Burkholderiales; f__Comamonadaceae; g__Rubrivivax; s__gelatinosus	0.8
b0c63916c268d70b801023b0c414480b	k__Bacteria; p__Proteobacteria; c__Betaproteobacteria; o__Gallionellales; f__Gallionellaceae; g__Gallionella; s__	0.6
6efe2c8822743c88c99c3878858fb192	k__Bacteria; p__Firmicutes; c__Clostridia; o__Clostridiales; f__Clostridiaceae; g__Clostridium; s__	0.8
15e60d16bd609649cce1f015ca81a052	k__Bacteria; p__Chloroflexi; c__Thermomicrobia; o__JG30-KF-CM45; f__; g__; s__	1.0
450c8f8247313716d694c436649e4bc1	k__Bacteria; p__Proteobacteria; c__Betaproteobacteria; o__Neisseriales; f__Neisseriaceae; g__; s__	0.6
d63749b4bd60fee1183f598f1b877b20	k__Bacteria; p__Acidobacteria; c__Solibacteres; o__Solibacterales; f__[Bryobacteraceae]; g__; s__	0.8
f3e9031918340dd3f3e9f8be8f9413ad	k__Bacteria; p__Actinobacteria; c__Actinobacteria; o__Actinomycetales; f__Microbacteriaceae; g__Candidatus Rhodoluna; s__	0.7
0c9413d1f07b44a61a9c25482fdc3046	k__Bacteria; p__Proteobacteria; c__Gammaproteobacteria; o__Legionellales; f__Legionellaceae; g__Legionella; s__	0.9
be0ea48ec901ca705aba8adbefdd8187	k__Bacteria; p__Proteobacteria; c__Gammaproteobacteria; o__Xanthomonadales; f__Xanthomonadaceae; g__Aquimonas; s__	0.6
9ee9b32ef440e35c0085034f1a9465b6	k__Bacteria; p__Proteobacteria; c__Alphaproteobacteria; o__BD7-3; f__; g__; s__	1.0
6e6305ddd846f805a6c8a6c4ee039ad7	k__Bacteria; p__Planctomycetes; c__Phycisphaerae; o__WD2101; f__; g__; s__	1.0
2cd0888e4b26a8c1f2fdb7e223b24fd6	k__Bacteria; p__Cyanobacteria; c__Chloroplast; o__Chlorophyta	0.7
7b76539bf803003df3902f822fc05dd5	k__Bacteria; p__Planctomycetes; c__Planctomycetia; o__Pirellulales; f__Pirellulaceae; g__; s__	1.0
73d58151326bdd2ac4a1cb65fe4221b0	k__Bacteria; p__Proteobacteria; c__Deltaproteobacteria; o__Bdellovibrionales; f__Bdellovibrionaceae; g__Bdellovibrio; s__	0.7
a05c1155a1c4c87f094f2979be841c1f	k__Bacteria; p__Bacteroidetes; c__Cytophagia; o__Cytophagales; f__Cytophagaceae	0.8
20a46ee339802cf4eba2fe570c18e29a	Unassigned	0.0
5350b4b3432f820920aa68b2c0e262b0	k__Bacteria; p__Proteobacteria; c__Alphaproteobacteria; o__Rhodospirillales; f__; g__; s__	1.0
19f84e4216465c20e554e7886aecce5f	k__Bacteria; p__Proteobacteria; c__Alphaproteobacteria; o__Rhizobiales; f__; g__; s__	1.0
573cf54d960226b747da3422a6f06ec5	k__Bacteria	1.0
7f4eec77bc986962b6741360dbd48587	k__Bacteria; p__Cyanobacteria; c__Chloroplast; o__Streptophyta; f__; g__; s__	1.0
fdd4b1adfe614de2f1253750a878b23a	k__Bacteria; p__Proteobacteria; c__Betaproteobacteria; o__Burkholderiales; f__Comamonadaceae; g__Limnohabitans; s__	0.7
92aedb04590c91418de72b1c7b8dea79	k__Bacteria; p__Proteobacteria; c__Gammaproteobacteria; o__Xanthomonadales; f__Sinobacteraceae; g__; s__	1.0
4a34f0bf408d24ae0d519dd4dafb1cf7	k__Bacteria; p__Proteobacteria; c__Gammaproteobacteria; o__Pseudomonadales; f__Moraxellaceae; g__Perlucidibaca; s__	1.0
e46f9cf9bd756582462c7f4b8251daa9	k__Bacteria; p__Proteobacteria	1.0
5140bddba60d1d1c631654a6aa3fbe8b	k__Bacteria; p__Actinobacteria; c__Actinobacteria; o__Actinomycetales; f__ACK-M1; g__; s__	1.0
903a7b531d25e18f6a3f857ab0365432	Unassigned	0.0
bace756746d0b776c175c8d374817cde	k__Bacteria; p__Proteobacteria; c__Epsilonproteobacteria; o__Campylobacterales; f__Helicobacteraceae; g__; s__	1.0
e7e8291d63836240b44683aba98c03a2	k__Bacteria; p__Proteobacteria; c__Deltaproteobacteria; o__Desulfovibrionales; f__Desulfomicrobiaceae; g__Desulfomicrobium; s__	1.0
7011a975fb21eb64d7531172b0fd9e11	k__Bacteria; p__Firmicutes; c__Clostridia; o__Clostridiales; f__; g__; s__	0.9
5b2685116af6eb337350dd553c891874	k__Bacteria; p__Proteobacteria; c__Deltaproteobacteria	0.6
97cb32a01a23946f04440b7a9c6fcdd1	k__Bacteria; p__OD1; c__ABY1; o__; f__; g__; s__	1.0
2e4c3090656e78bb2b2c385679c5fe5c	k__Bacteria; p__Verrucomicrobia; c__Verrucomicrobiae; o__Verrucomicrobiales; f__Verrucomicrobiaceae	1.0
3cefdc4a3d20466c70194091e9324f30	k__Bacteria; p__Chloroflexi; c__Anaerolineae; o__SBR1031; f__A4b; g__; s__	1.0
9d8cefaca84ff97f51166bc0fd869e2f	k__Bacteria; p__Chlamydiae; c__Chlamydiia; o__Chlamydiales	0.8
7a2836a0b56416a89ac56e718bfe35b0	k__Bacteria; p__Cyanobacteria; c__Chloroplast; o__Euglenozoa; f__; g__; s__	1.0
63297c8f12b25a62bce0649eac8a48be	k__Bacteria; p__Proteobacteria; c__Alphaproteobacteria; o__Rhodobacterales; f__Hyphomonadaceae; g__; s__	1.0
434887253759db595ec959420f916672	k__Bacteria; p__Proteobacteria; c__Gammaproteobacteria; o__Pseudomonadales; f__Moraxellaceae; g__Perlucidibaca; s__	0.9
4ce6eda1ff8eee9fd005b5bee9fca196	k__Bacteria; p__TM6; c__SJA-4; o__; f__; g__; s__	0.9
6c07a06149433ef03f235cc97a062a71	k__Bacteria; p__Bacteroidetes; c__Bacteroidia; o__Bacteroidales; f__Porphyromonadaceae; g__Paludibacter; s__	1.0
d13b0973b5a844f5f497fa909202e3d6	k__Bacteria; p__Proteobacteria; c__Gammaproteobacteria; o__Alteromonadales; f__Alteromonadaceae; g__Cellvibrio; s__	1.0
257b1f05dbbf20c18fd9a287c2c74766	k__Bacteria; p__Bacteroidetes; c__[Saprospirae]; o__[Saprospirales]; f__Chitinophagaceae; g__; s__	0.8
d3b1a71eacc9410263a5bf79916c3e5d	k__Bacteria; p__Gemmatimonadetes; c__Gemmatimonadetes; o__Gemmatimonadales; f__Gemmatimonadaceae; g__Gemmatimonas; s__	1.0
09aa080e7955992f0b7540f4a51f6df2	k__Bacteria; p__Proteobacteria; c__Gammaproteobacteria; o__Alteromonadales; f__Alteromonadaceae; g__; s__	0.8
67c4d683c0077192b2029e877c566a79	k__Bacteria; p__Planctomycetes; c__Planctomycetia; o__Gemmatales; f__Gemmataceae; g__; s__	1.0
fe06b53480e080a9abd8d453406845e3	k__Bacteria; p__Firmicutes; c__Clostridia; o__Clostridiales; f__Ruminococcaceae; g__; s__	0.6
0f70329fa27f1cb51563912c2b03af21	k__Bacteria; p__Firmicutes; c__Clostridia; o__Clostridiales; f__EtOH8; g__; s__	1.0
7267c4cc118172b2a6de7a727d539bc4	k__Bacteria; p__Proteobacteria; c__Alphaproteobacteria; o__Rickettsiales; f__Rickettsiaceae; g__; s__	0.6
35ff0e88111884e68c5808665439902f	k__Bacteria; p__Proteobacteria; c__Deltaproteobacteria; o__MIZ46; f__; g__; s__	1.0
4aa45acf0dbc1b830c33f89b04b6466a	k__Bacteria; p__Proteobacteria; c__Alphaproteobacteria; o__Rhizobiales; f__; g__; s__	0.7
51efec51b058f25e6fec00ef91f609b2	k__Bacteria; p__Actinobacteria; c__Acidimicrobiia; o__Acidimicrobiales; f__; g__; s__	1.0
e9bf492e1ccd544543b706477eb8fcee	k__Bacteria; p__Firmicutes; c__Clostridia; o__Clostridiales; f__Peptostreptococcaceae; g__; s__	0.8
f554cf80272e74b38a2e4934f943b14a	k__Bacteria; p__Proteobacteria; c__Betaproteobacteria; o__Burkholderiales; f__Comamonadaceae	1.0
ec07a90f0dde24793cc391944be1f28b	k__Bacteria; p__Bacteroidetes; c__[Saprospirae]; o__[Saprospirales]; f__Saprospiraceae; g__; s__	1.0
567e4c3f9cdcbebb6120d7a673ae38c3	k__Bacteria; p__Proteobacteria; c__Gammaproteobacteria; o__Enterobacteriales; f__Enterobacteriaceae; g__Buchnera; s__	1.0
cc615cd4bc9040f18d4b75c3d2b265d5	k__Bacteria; p__Spirochaetes; c__[Leptospirae]; o__[Leptospirales]; f__Leptospiraceae; g__Leptospira; s__	1.0
6aa22401c73204291b867df9dffee38b	k__Bacteria; p__Proteobacteria; c__Alphaproteobacteria; o__Rickettsiales; f__mitochondria; g__; s__	1.0
f67ba52d17ff0e31feacece2b7a7a6ca	k__Bacteria; p__Bacteroidetes; c__Sphingobacteriia; o__Sphingobacteriales; f__; g__; s__	1.0
fb07d05fe0127c99a45d54c1f327c378	k__Bacteria; p__Proteobacteria; c__Alphaproteobacteria	0.9
73a6da642e2743d9568397415015570c	k__Bacteria; p__Proteobacteria; c__Gammaproteobacteria; o__Thiotrichales; f__Piscirickettsiaceae; g__Thiomicrospira; s__	0.6
531af161c6a4d42237c5be0ab1549147	k__Bacteria; p__Proteobacteria; c__Deltaproteobacteria; o__[Entotheonellales]; f__; g__; s__	1.0
342668bb8f59fab6fd1ad13c4b138bfd	k__Bacteria; p__Proteobacteria; c__Deltaproteobacteria; o__Bdellovibrionales; f__Bacteriovoracaceae; g__; s__	0.9
1b3aa15e8d81698346414d2cef05c77a	k__Bacteria; p__Proteobacteria; c__Alphaproteobacteria; o__Sphingomonadales; f__Sphingomonadaceae; g__Sphingomonas	0.6
6bb200a012c6e5742654ae92bdd4312d	k__Bacteria; p__Proteobacteria; c__Alphaproteobacteria	1.0
d442fbaa97c7e1bac24b50c03bb90268	k__Bacteria; p__Proteobacteria; c__Deltaproteobacteria; o__Syntrophobacterales; f__Syntrophaceae; g__Desulfobacca; s__	1.0
91eb2900a297d4b7786999260e294c6f	k__Bacteria; p__Proteobacteria; c__Gammaproteobacteria; o__Xanthomonadales; f__Xanthomonadaceae	1.0
5b61d893b953caeda5271aac56d4084f	k__Bacteria; p__Bacteroidetes; c__[Saprospirae]; o__[Saprospirales]; f__Saprospiraceae; g__; s__	1.0
0e7e3c1225c577fc86951ff1493ebee8	k__Bacteria; p__GN02; c__BD1-5; o__; f__; g__; s__	1.0
2bc05434c22499ada6b7e71854294d38	Unassigned	0.0
982ad16f79312db48c115c5d57532264	k__Bacteria; p__Proteobacteria; c__Betaproteobacteria	1.0
613772b91284654ef650bb156630afbb	k__Bacteria; p__Proteobacteria; c__Alphaproteobacteria; o__BD7-3; f__; g__; s__	1.0
5bad3aa6e6c6dd0a4647809cdbb8368e	Unassigned	0.0
31941bde08c553624a3fbd580f29d099	k__Bacteria; p__Proteobacteria; c__Alphaproteobacteria	0.9
73847a079cfd915901d4f1236bb7aebe	k__Bacteria; p__ZB3; c__BS119; o__; f__; g__; s__	1.0
a51b4e395efb865b723b9f26e0268124	k__Bacteria; p__Bacteroidetes; c__[Saprospirae]; o__[Saprospirales]; f__Chitinophagaceae; g__; s__	1.0
f56e7e38a93dbc832c8dba5a119013ea	k__Bacteria; p__Proteobacteria; c__TA18; o__PHOS-HD29; f__; g__; s__	1.0
e1be3de7033f9e751f93cdb38d2fd4e9	k__Bacteria; p__Armatimonadetes; c__[Fimbriimonadia]; o__[Fimbriimonadales]; f__[Fimbriimonadaceae]	1.0
b48a794f494a6fb174efbc2752585a1e	k__Bacteria; p__Proteobacteria; c__Alphaproteobacteria; o__Rhizobiales	0.6
39324d03980dbbbbc0fb64ad4f6acd2d	k__Bacteria; p__Bacteroidetes; c__Flavobacteriia; o__Flavobacteriales; f__Cryomorphaceae; g__; s__	1.0
d89f295fa9abae448cd24ce7e7408f7e	k__Bacteria; p__Proteobacteria; c__Betaproteobacteria; o__Procabacteriales; f__Procabacteriaceae; g__; s__	1.0
a2cbe49f4a41b791ccef2b7246d91388	k__Bacteria; p__Bacteroidetes; c__[Saprospirae]; o__[Saprospirales]; f__Saprospiraceae; g__; s__	0.9
fd65baa6ad28dd772b18e5a708f76541	k__Bacteria; p__Bacteroidetes; c__[Saprospirae]; o__[Saprospirales]; f__Saprospiraceae; g__; s__	1.0
cf0c4dc77ac1ccadb2441f7b716855ea	k__Bacteria	1.0
87302fc90e0339d155ad6a0af970a5db	k__Bacteria; p__Proteobacteria; c__TA18; o__CV90; f__; g__; s__	1.0
0ea845cf66246faef0e3d358f72d825f	k__Bacteria; p__Verrucomicrobia; c__[Pedosphaerae]; o__[Pedosphaerales]; f__; g__; s__	0.8
5df1b32c758ca8d463cd6ba895c15e9d	k__Bacteria; p__Proteobacteria; c__Alphaproteobacteria; o__Rickettsiales; f__Rickettsiaceae; g__; s__	0.8
c2b707386858c02f972e07dde419f502	k__Bacteria; p__Actinobacteria; c__Actinobacteria; o__Actinomycetales; f__ACK-M1; g__; s__	0.9
7e453b2f3ac2764738feb00b0a629be4	k__Bacteria; p__Proteobacteria; c__Deltaproteobacteria; o__NB1-j; f__JTB38; g__; s__	1.0
0d4bbd1c0349da059ca2862754d1a13b	k__Bacteria; p__OD1; c__ZB2; o__; f__; g__; s__	0.9
87feb13a45cbba1061cd9aa2a71a4c13	k__Bacteria; p__Proteobacteria; c__Alphaproteobacteria; o__Rhizobiales; f__; g__; s__	1.0
a2cfe737756303c075e6efa98fa75282	k__Bacteria; p__Bacteroidetes; c__Flavobacteriia; o__Flavobacteriales; f__Flavobacteriaceae; g__Flavobacterium; s__	1.0
404a976a0a3f7c4b75304f24790bc763	k__Bacteria; p__GN02; c__BD1-5; o__; f__; g__; s__	1.0
6ee349ae34e3f69b6b7a1aeae8ce05c1	k__Bacteria; p__Proteobacteria; c__Betaproteobacteria; o__Neisseriales; f__Neisseriaceae; g__Aquitalea	0.6
29918539c518e15615880944cd6f4237	k__Bacteria; p__Gemmatimonadetes; c__Gemmatimonadetes; o__Gemmatimonadales; f__Gemmatimonadaceae; g__Gemmatimonas; s__	1.0
522ee49ddb0c68f68ff7a058a8ea2fd0	k__Bacteria; p__Actinobacteria; c__Actinobacteria; o__Actinomycetales; f__Nocardiaceae; g__Rhodococcus; s__	1.0
1c10b79ae586baecd281f8500d03b96e	k__Bacteria; p__Proteobacteria; c__Gammaproteobacteria; o__Oceanospirillales; f__Alcanivoracaceae; g__Alcanivorax; s__	0.8
867e0cace30c3530eb1547de58316f11	k__Bacteria; p__Proteobacteria; c__Deltaproteobacteria; o__MIZ46; f__; g__; s__	1.0
00a9f9dce641e901e26fed42fef4983e	k__Bacteria; p__Proteobacteria; c__Deltaproteobacteria; o__Bdellovibrionales; f__Bdellovibrionaceae; g__Bdellovibrio; s__	1.0
67e6dd19d968ee2dd026307ad40ee41c	k__Bacteria; p__Cyanobacteria; c__Chloroplast; o__Stramenopiles; f__; g__; s__	0.9
187bced18cde41772d9c20ff0b2b7710	k__Bacteria; p__Bacteroidetes; c__[Saprospirae]; o__[Saprospirales]; f__Saprospiraceae; g__; s__	1.0
cdd95d87336c5bb83c0b5777fcdb1714	k__Bacteria; p__Planctomycetes; c__Planctomycetia; o__Pirellulales; f__Pirellulaceae; g__; s__	0.9
79132212dc632a06a91b56baea80026b	k__Bacteria; p__Proteobacteria; c__Deltaproteobacteria; o__Myxococcales; f__Myxococcaceae; g__Anaeromyxobacter; s__	1.0
e9e22e586df8a071735ddaf679c129b3	k__Bacteria; p__Proteobacteria; c__Betaproteobacteria; o__Rhodocyclales; f__Rhodocyclaceae; g__Propionivibrio; s__	0.9
e7b69fb191b2c8d85d0669de4ba88439	k__Bacteria; p__Proteobacteria; c__Gammaproteobacteria; o__Legionellales; f__Coxiellaceae; g__; s__	0.9
a7b69086fba46e92bb766815e68d5664	k__Bacteria; p__Proteobacteria; c__Alphaproteobacteria; o__Rhodobacterales; f__Hyphomonadaceae; g__; s__	1.0
074bfe48cf62bfc60fb866d5da0f2011	k__Bacteria; p__Cyanobacteria; c__Chloroplast; o__Stramenopiles; f__; g__; s__	1.0
cb2fcd891f57754d040c1e6012b17066	Unassigned	0.0
c1f82bfbf1f2bc6780bcff7a7ab4b0c1	k__Bacteria; p__Proteobacteria; c__Deltaproteobacteria; o__Desulfovibrionales; f__Desulfovibrionaceae; g__Desulfovibrio; s__putealis	0.9
cb8e4c7a69ecb5be97f9f206c8461182	k__Bacteria; p__Proteobacteria; c__Alphaproteobacteria; o__Rhizobiales	0.6
12b864f1b467728af69e51c295ae2fa8	k__Bacteria; p__Proteobacteria	0.6
866a35c91db2cf207adc4fe187ecac19	k__Bacteria; p__Bacteroidetes; c__Flavobacteriia; o__Flavobacteriales; f__Cryomorphaceae; g__Fluviicola; s__	1.0
b94814821a97bd847e226ba1fd1255db	k__Bacteria; p__Proteobacteria; c__Betaproteobacteria; o__Burkholderiales; f__; g__; s__	0.9
8b6df8e191789567404dd30bc6ec1014	k__Bacteria; p__Proteobacteria; c__Alphaproteobacteria; o__Rickettsiales; f__mitochondria; g__; s__	1.0
d3278ff170c3fe740dc2995f2bfd5c36	k__Bacteria; p__OD1	0.7777777777777778
64d8e3b41d02b27f7173d0bfa88b6f07	k__Bacteria; p__Bacteroidetes; c__Cytophagia; o__Cytophagales; f__Cytophagaceae; g__Leadbetterella; s__	1.0
8e41290d1027ded5cb24f0745b0551ac	k__Bacteria; p__Proteobacteria; c__Alphaproteobacteria; o__Rhodospirillales; f__Rhodospirillaceae; g__; s__	0.9
16d1a6f879731363727e3862535fcfca	k__Bacteria; p__Chloroflexi; c__Chloroflexi; o__[Roseiflexales]; f__; g__; s__	0.8
96c922f877ea8320b0dbb69789cdc1d2	k__Bacteria; p__Bacteroidetes; c__Cytophagia; o__Cytophagales; f__Cyclobacteriaceae; g__; s__	0.9
f120ec0193bd330a70fd0376f7614484	k__Bacteria; p__Armatimonadetes; c__[Fimbriimonadia]; o__[Fimbriimonadales]; f__[Fimbriimonadaceae]	1.0
d08675e73f13f1eb187646852fa7fc2f	k__Bacteria; p__Bacteroidetes; c__Bacteroidia; o__Bacteroidales; f__; g__; s__	1.0
37fcf96fec38d2f20b82249f166f9c76	Unassigned	0.0
deb0f278b81e3ae8571815cc4a1f0220	k__Bacteria; p__Proteobacteria; c__Gammaproteobacteria; o__Xanthomonadales; f__Xanthomonadaceae; g__Lysobacter; s__	1.0
af1b8d0341e9f44c645bcf29235893fa	k__Bacteria; p__OD1; c__ZB2; o__; f__; g__; s__	1.0
7ebdfe2f46e990b19764ce8778719596	k__Bacteria; p__Proteobacteria; c__Deltaproteobacteria; o__PB19; f__; g__; s__	1.0
4ee859fe0820ff848606eb10c76a8ba2	k__Bacteria; p__Bacteroidetes; c__[Saprospirae]; o__[Saprospirales]; f__Chitinophagaceae; g__; s__	1.0
6bbf8168fd8f2bd0f346d594f0b9a467	k__Bacteria; p__Planctomycetes; c__Planctomycetia; o__Gemmatales; f__Gemmataceae; g__; s__	1.0
64b0b2c7d6e676a8647ceb5414813bda	k__Bacteria; p__Proteobacteria; c__Gammaproteobacteria; o__Chromatiales; f__Chromatiaceae; g__; s__	1.0
3f0a75681ae2522554dae0e197898aeb	k__Bacteria; p__Proteobacteria; c__Alphaproteobacteria; o__Rhodospirillales; f__Rhodospirillaceae; g__; s__	0.6
a35257b1639e8a22d5e3206674bd316d	k__Bacteria; p__Bacteroidetes; c__[Saprospirae]; o__[Saprospirales]; f__Chitinophagaceae; g__; s__	1.0
9ee6e1c02f767074004aa6266fe9f05a	k__Bacteria; p__Proteobacteria; c__Gammaproteobacteria; o__Xanthomonadales; f__Sinobacteraceae; g__; s__	1.0
548857865ba180a8d71e4e0bd7dadd12	k__Bacteria; p__Firmicutes; c__Erysipelotrichi; o__Erysipelotrichales; f__Erysipelotrichaceae; g__Allobaculum; s__	0.8
adb9539bda0f4bfd23ac8a7483117238	k__Bacteria; p__Proteobacteria; c__Alphaproteobacteria; o__Rickettsiales; f__; g__; s__	1.0
6fe2a0d5d06aac6d8e7893570cac21cc	k__Bacteria; p__Chlorobi; c__Ignavibacteria; o__Ignavibacteriales; f__Ignavibacteriaceae; g__; s__	1.0
d84facf813c4def6fbc7d097434efd46	k__Bacteria; p__Proteobacteria; c__Alphaproteobacteria; o__Sphingomonadales; f__Sphingomonadaceae; g__; s__	0.9
34511440cc4484a51981f45dec57d8d1	k__Bacteria	1.0
c8c71308f796949436ee619e55724fc7	k__Bacteria; p__Cyanobacteria; c__Chloroplast; o__Cryptophyta; f__; g__; s__	1.0
72ddf309e92cc33a9c6720b5e376e6fe	k__Bacteria; p__Proteobacteria; c__Deltaproteobacteria; o__Myxococcales; f__Cystobacterineae; g__; s__	0.9
f5aeb349879d760370be9273b0e351d9	k__Bacteria; p__Actinobacteria; c__Actinobacteria; o__Actinomycetales; f__ACK-M1; g__; s__	1.0
15f8e1e60925069733a775c5b050ac0b	k__Bacteria; p__Proteobacteria; c__Deltaproteobacteria; o__; f__; g__; s__	0.7
fc7411ddf32dfdce002c8aba0c24688a	k__Bacteria; p__Planctomycetes; c__Planctomycetia; o__Pirellulales; f__Pirellulaceae; g__; s__	1.0
32f353aa55d9c8cfafce458f45db1511	k__Bacteria; p__Proteobacteria; c__Alphaproteobacteria; o__Caulobacterales; f__Caulobacteraceae; g__Asticcacaulis; s__biprosthecium	1.0
6b29aaf2fe6069460903158aee22ac8e	k__Bacteria; p__Proteobacteria; c__Deltaproteobacteria; o__Bdellovibrionales; f__Bdellovibrionaceae; g__; s__	1.0
1d5f83072fcc396d0d241ea0a9f6ebed	k__Bacteria; p__OP3; c__BD4-9; o__; f__; g__; s__	1.0
d03c6f4ca69b57ce04ad7a366245e774	k__Bacteria; p__Proteobacteria; c__Alphaproteobacteria; o__Rhodospirillales; f__Acetobacteraceae; g__; s__	0.7
d256a1f861681d2f341cd6a59ff87f52	k__Bacteria; p__Verrucomicrobia; c__Opitutae; o__Opitutales; f__Opitutaceae	1.0
744a1fa335aafb786fd15d755cabc1ec	k__Bacteria; p__Proteobacteria; c__Alphaproteobacteria; o__Rhodospirillales; f__Rhodospirillaceae	0.6
077c412e8de5238752e623831fa54f80	k__Bacteria; p__Actinobacteria; c__Thermoleophilia; o__Solirubrobacterales; f__; g__; s__	0.9
3cefcdc0e111e910727396b9f7df241e	k__Bacteria; p__Cyanobacteria; c__Chloroplast; o__Stramenopiles; f__; g__; s__	1.0
1a2843656de6db1887254478417284df	k__Bacteria; p__Proteobacteria; c__Deltaproteobacteria; o__Myxococcales; f__; g__; s__	1.0
4466518ca1ca9dff1459de7b2a3b226f	k__Bacteria; p__Bacteroidetes; c__Flavobacteriia; o__Flavobacteriales; f__Flavobacteriaceae; g__Flavobacterium; s__	1.0
f89eff07465024525947cddc0ad47ced	k__Bacteria; p__Actinobacteria; c__Actinobacteria; o__Actinomycetales; f__; g__; s__	1.0
16abd2bea13362c09fed8735bfe810c1	Unassigned	0.0
be09357bcbb09685ac8856807803a0bd	k__Bacteria; p__Bacteroidetes; c__[Saprospirae]; o__[Saprospirales]; f__Saprospiraceae; g__; s__	0.9
7c666e408f126d4a52e74f2300fa8913	k__Bacteria; p__GN02; c__BD1-5; o__; f__; g__; s__	0.6
80a15222a065ff9c3b4a96af7f0d6625	k__Bacteria; p__Bacteroidetes; c__Flavobacteriia; o__Flavobacteriales; f__Flavobacteriaceae; g__Flavobacterium; s__	1.0
6c264785f4c961f7d966d0e5f7e7c662	k__Bacteria; p__OD1; c__ZB2; o__; f__; g__; s__	1.0
7f5f42a6bffd041d5648683ed9af84fc	k__Bacteria; p__Chlamydiae; c__Chlamydiia; o__Chlamydiales	1.0
b791444b590b5bf021e689d8366734a3	k__Bacteria; p__Planctomycetes; c__Phycisphaerae; o__Phycisphaerales; f__; g__; s__	1.0
05f6edac22b1e86d3ee5891c56919bf9	k__Bacteria; p__Proteobacteria; c__Alphaproteobacteria; o__Rhizobiales; f__Hyphomicrobiaceae; g__Hyphomicrobium; s__	0.9
9327a7e99f5521210873d17a25cfaa8b	k__Bacteria; p__Planctomycetes; c__Planctomycetia; o__Pirellulales; f__Pirellulaceae; g__; s__	1.0
316e50c2e30ea03b196c883379d47a77	k__Bacteria; p__Proteobacteria; c__Gammaproteobacteria; o__Xanthomonadales; f__Sinobacteraceae; g__; s__	1.0
9ddc5d5c0091ac129ad657cdf77ac828	k__Bacteria; p__Bacteroidetes; c__Flavobacteriia; o__Flavobacteriales; f__Cryomorphaceae; g__; s__	1.0
94290117081d423cb51e1844fa915353	k__Bacteria; p__Planctomycetes; c__Planctomycetia; o__Pirellulales; f__Pirellulaceae; g__; s__	1.0
9a02567219258e6b227411f3daa90edd	k__Bacteria; p__Proteobacteria; c__Alphaproteobacteria; o__Rhizobiales; f__; g__; s__	1.0
a176924512ac7507dc63b6f8171d5a6d	k__Bacteria; p__Bacteroidetes; c__Sphingobacteriia; o__Sphingobacteriales; f__; g__; s__	0.8
a170e58296b4fad0397277ca182df1a4	k__Bacteria; p__Proteobacteria; c__Epsilonproteobacteria; o__Campylobacterales; f__Helicobacteraceae; g__; s__	1.0
4a49869d9af61dc9989b9b5de6b525c8	k__Bacteria; p__Proteobacteria; c__Gammaproteobacteria; o__Methylococcales; f__Methylococcaceae; g__; s__	0.6
0ce9a5ddb7d83de93775e3915fa12781	k__Bacteria; p__Armatimonadetes; c__[Fimbriimonadia]; o__[Fimbriimonadales]; f__[Fimbriimonadaceae]	0.7
7f260d5278ba62028f344ae511e6974b	k__Bacteria; p__Bacteroidetes; c__[Saprospirae]; o__[Saprospirales]; f__Saprospiraceae; g__Haliscomenobacter; s__	1.0
b175d1e9a1475ba7134ebc81d4050d8a	k__Bacteria; p__SR1; c__; o__; f__; g__; s__	1.0
fe03c0b06c46f7ea95bb7628d3ade397	k__Bacteria; p__OP11; c__WCHB1-64; o__K2-4-19; f__; g__; s__	0.7
751ed739dbd19023f8a798fdf63e4456	k__Bacteria; p__Proteobacteria; c__Alphaproteobacteria; o__Rickettsiales; f__; g__; s__	1.0
59af4cecd78ea56138def8574ae66fc6	k__Bacteria; p__Cyanobacteria; c__Chloroplast; o__Streptophyta; f__; g__; s__	1.0
ef9af8ccd14fc5c3e4a5a1cbbd963377	k__Bacteria; p__Proteobacteria; c__Deltaproteobacteria; o__Myxococcales; f__OM27; g__; s__	1.0
991777412eb0594ea99750cb3180f0b5	k__Bacteria; p__Proteobacteria; c__Alphaproteobacteria; o__Sphingomonadales; f__Sphingomonadaceae; g__Sphingomonas; s__echinoides	0.7
21d3e87a6ed26acbaa38a22af4ab9965	k__Bacteria; p__OP3; c__PBS-25; o__; f__; g__; s__	1.0
27edb269e0f8f35ade4cdc0ee7088c50	k__Bacteria; p__Gemmatimonadetes; c__Gemmatimonadetes; o__; f__; g__; s__	1.0
c82ef4698c24084e8e6a7830e016a7c5	k__Bacteria; p__Bacteroidetes	1.0
5b8048019daaf5451a6a3a2f41e1afda	k__Bacteria; p__Bacteroidetes; c__Bacteroidia; o__Bacteroidales; f__Bacteroidaceae; g__Bacteroides; s__	1.0
c5c65953e852adf4024486a31acd4f77	k__Bacteria; p__Proteobacteria; c__Betaproteobacteria; o__Burkholderiales	1.0
fee0e0f4b557ce57275cd32b12eda7cc	k__Bacteria; p__Bacteroidetes; c__VC2_1_Bac22; o__; f__; g__; s__	0.6
9acd4f9e962e84db0febddf24da9a292	k__Bacteria; p__Proteobacteria; c__Gammaproteobacteria; o__Pseudomonadales; f__Moraxellaceae; g__Perlucidibaca; s__	1.0
5815419474f7480dd8de9d20e5d426f2	k__Bacteria; p__Proteobacteria; c__Gammaproteobacteria; o__Xanthomonadales; f__Sinobacteraceae; g__; s__	1.0
4994b2641fd198ee8fa1f56112381f39	k__Bacteria; p__Proteobacteria; c__Deltaproteobacteria; o__Bdellovibrionales; f__Bdellovibrionaceae; g__; s__	1.0
cec1b273f39f167835444c56f63323e1	k__Bacteria; p__Proteobacteria; c__Alphaproteobacteria; o__Rhizobiales	1.0
7f4668ecad53c871685c93f37e3f698d	k__Bacteria; p__Proteobacteria; c__Betaproteobacteria; o__Methylophilales; f__Methylophilaceae; g__; s__	0.8
ee00d64376347e26b98b2b52db7f6fd1	k__Bacteria; p__Cyanobacteria; c__Chloroplast	0.7
476a79d5715740468b66f4b79dcc4aab	k__Bacteria; p__Proteobacteria; c__Alphaproteobacteria; o__BD7-3; f__; g__; s__	1.0
7a7ed54231bee535a0cb530ba028c29b	k__Bacteria; p__Bacteroidetes; c__Flavobacteriia; o__Flavobacteriales; f__Cryomorphaceae; g__; s__	1.0
a4ec1c956ca3ce63053e8ebda2a20831	k__Bacteria; p__Proteobacteria; c__Betaproteobacteria; o__Burkholderiales; f__Comamonadaceae	1.0
17e7cd2fbafd9c1e6210d74a68537a4c	k__Bacteria; p__Proteobacteria; c__Deltaproteobacteria; o__Myxococcales; f__OM27; g__; s__	1.0
38c6a5ec4a59674272d8d59e7b5c13e3	k__Bacteria; p__Bacteroidetes; c__Sphingobacteriia; o__Sphingobacteriales; f__; g__; s__	0.8
f220ce1feeb7c256fc82184668527f37	k__Bacteria; p__Cyanobacteria; c__Chloroplast; o__Stramenopiles; f__; g__; s__	1.0
cc6680988f4d8b4da34de3ccc43ace93	k__Bacteria; p__Bacteroidetes; c__Bacteroidia; o__Bacteroidales; f__; g__; s__	1.0
60bb4164a45c8134d882ad8c82c53721	k__Bacteria; p__OP3; c__BD4-9; o__; f__; g__; s__	1.0
f2c383030ec095f924006c7134307e6a	k__Bacteria; p__Verrucomicrobia; c__[Pedosphaerae]; o__[Pedosphaerales]; f__R4-41B; g__; s__	0.6
ff1ccc5bbee98c0dc80ce627a90e0201	k__Bacteria; p__Cyanobacteria; c__Nostocophycideae; o__Nostocales; f__Nostocaceae; g__Dolichospermum; s__	0.7
592583dc7a7dbbc4a0e18e8cd88e1849	k__Bacteria; p__Verrucomicrobia; c__Verrucomicrobiae; o__Verrucomicrobiales; f__Verrucomicrobiaceae; g__Luteolibacter; s__	1.0
5f2aeb69bf2ccf12e17298e19693c709	k__Bacteria; p__Cyanobacteria; c__Synechococcophycideae; o__Synechococcales; f__Synechococcaceae; g__Synechococcus; s__	1.0
477e13b3bd3afcb9688dd0bd9cf6b087	k__Bacteria; p__Proteobacteria; c__Alphaproteobacteria; o__Rhodospirillales; f__Acetobacteraceae; g__; s__	0.9
c7fe192f9308eee1426c1914de94d56d	k__Bacteria; p__OD1; c__ABY1; o__; f__; g__; s__	1.0
11948f4876b5527efdc2c23ac5b830cd	k__Bacteria; p__TM6; c__SBRH58; o__; f__; g__; s__	0.9
2ee7c8a543cb300d4eb29e47e7b27774	k__Bacteria; p__GN02; c__BD1-5; o__; f__; g__; s__	1.0
3689175ac11da1e0c09252ba5ad76288	k__Bacteria; p__Proteobacteria; c__Alphaproteobacteria	0.9
98e5b1a2eaefb3452d3150384235c77a	k__Bacteria; p__SR1; c__; o__; f__; g__; s__	1.0
f3e0b6031dc407987d2b749d3ffaae16	k__Bacteria; p__Proteobacteria; c__Alphaproteobacteria; o__Sphingomonadales; f__Sphingomonadaceae; g__Novosphingobium; s__	0.8
e5f65b02ae79622790177de7b9e446c4	k__Bacteria; p__Proteobacteria; c__Alphaproteobacteria; o__Rhodobacterales; f__Hyphomonadaceae; g__Hyphomonas; s__	1.0
863f72ff1f32dbc1ff40bdaa84b7929a	k__Bacteria; p__Proteobacteria; c__Alphaproteobacteria; o__Rickettsiales; f__; g__; s__	1.0
f32ec23129d2447302ea0bf551f59ef0	k__Bacteria; p__Verrucomicrobia; c__Verrucomicrobiae; o__Verrucomicrobiales; f__Verrucomicrobiaceae; g__Prosthecobacter; s__	0.7
65d370ae3ceb7de4175255463148ac94	k__Bacteria; p__Bacteroidetes; c__[Saprospirae]; o__[Saprospirales]; f__Saprospiraceae; g__; s__	1.0
23bf4e6f99e4e17a53b2ae4ae823fc80	k__Bacteria; p__Proteobacteria; c__Gammaproteobacteria; o__Legionellales; f__Coxiellaceae; g__; s__	0.8
89fcf48191e70647b8183fe35f434daf	k__Bacteria; p__Proteobacteria; c__Deltaproteobacteria; o__Bdellovibrionales; f__Bdellovibrionaceae; g__Bdellovibrio; s__	1.0
136f0785f27eab1c107a9b9f27205569	k__Bacteria; p__Proteobacteria; c__Alphaproteobacteria; o__Rhizobiales; f__Hyphomicrobiaceae; g__Hyphomicrobium; s__	0.9
2868d6eed31ef4cded0a140f086d52bf	Unassigned	0.0
efe45224f3679823a0afadccd2cdfccc	k__Bacteria; p__Planctomycetes; c__Planctomycetia; o__Pirellulales; f__Pirellulaceae; g__; s__	1.0
484fc4e39789191b5bb8f654e67a0f8e	k__Bacteria; p__Proteobacteria; c__Gammaproteobacteria; o__Chromatiales; f__; g__; s__	0.8
3505854c56697fba7fc68ed8dca69dd0	k__Bacteria; p__Cyanobacteria; c__Oscillatoriophycideae; o__Chroococcales; f__Xenococcaceae	0.6
2affc76f6633c104e0d46be9a0d3659d	k__Bacteria; p__Firmicutes; c__Clostridia; o__Clostridiales; f__[Acidaminobacteraceae]; g__NP25; s__	0.8
f0e8c045f07f6684e6ea7d5286603b64	k__Bacteria; p__Cyanobacteria; c__Chloroplast; o__Chlorophyta; f__; g__; s__	0.7
e492e31c9add053c5c0d4ff53483e2fb	k__Bacteria; p__Bacteroidetes	1.0
18988954ab8e393f34dc72835f3c2fd5	k__Bacteria; p__Proteobacteria; c__Gammaproteobacteria; o__Xanthomonadales; f__Xanthomonadaceae; g__; s__	1.0
7ec30a1fb6f34f99e23c3e820e71a526	k__Bacteria; p__Proteobacteria; c__Betaproteobacteria; o__Burkholderiales; f__Comamonadaceae; g__Limnobacter; s__	0.9
6baa6457c6a24c0e7d3631c03d329158	k__Bacteria; p__Firmicutes; c__Clostridia; o__Clostridiales; f__Clostridiaceae	0.6
d2460c990a6374bac34e8b07f580bd38	k__Bacteria; p__Proteobacteria; c__Deltaproteobacteria; o__Bdellovibrionales; f__Bdellovibrionaceae; g__Bdellovibrio; s__	1.0
a84f1108bc414cae2f391075fd7cbba6	k__Bacteria; p__Bacteroidetes; c__[Saprospirae]; o__[Saprospirales]; f__Chitinophagaceae; g__Sediminibacterium; s__	0.8
f7a2c92ed4c709dc8030288f524595d7	k__Bacteria; p__Chloroflexi; c__Anaerolineae; o__Caldilineales; f__Caldilineaceae; g__; s__	1.0
6c5fc1ae92febff832591d23a4a0e53b	k__Bacteria; p__Proteobacteria; c__Gammaproteobacteria; o__Methylococcales; f__Methylococcaceae; g__Methylocaldum; s__	0.8
4aa65c3185758afb0bdd77786a6b8efb	k__Bacteria; p__Cyanobacteria; c__Nostocophycideae; o__Nostocales; f__Nostocaceae	1.0
7f798d02a01719bbbe906503776a07c7	k__Bacteria; p__Proteobacteria; c__Alphaproteobacteria; o__BD7-3; f__; g__; s__	1.0
267511bc6970207df2db211d558c9520	k__Bacteria; p__Planctomycetes; c__Planctomycetia; o__Pirellulales; f__Pirellulaceae; g__; s__	1.0
9d0ce799bcdf73d0fff8708fbbabdc3f	k__Bacteria; p__Bacteroidetes; c__Flavobacteriia; o__Flavobacteriales; f__Cryomorphaceae; g__Fluviicola; s__	1.0
10b2bb405f21991a70d38ff38af73f41	k__Bacteria; p__Proteobacteria; c__Gammaproteobacteria; o__Alteromonadales; f__Alteromonadaceae; g__Cellvibrio; s__	1.0
d664d35d23c0772b753f86c107e5e837	k__Bacteria; p__Firmicutes; c__Clostridia; o__Clostridiales; f__Lachnospiraceae; g__; s__	0.8
bb8ae8695f42af0c787b5983c3e98bf3	k__Bacteria; p__Proteobacteria; c__Deltaproteobacteria; o__Bdellovibrionales; f__Bacteriovoracaceae; g__; s__	1.0
c82d261d69fbc7840cc47031b58107c4	k__Bacteria; p__Proteobacteria; c__Gammaproteobacteria; o__Thiotrichales; f__Piscirickettsiaceae; g__; s__	0.9
fcfd9d4d74a899c8444032d194fea0ad	k__Bacteria; p__Cyanobacteria; c__4C0d-2; o__YS2; f__; g__; s__	1.0
92736d25b5d3f23898bb8f2db70429fb	k__Bacteria; p__Firmicutes; c__Bacilli; o__Bacillales; f__Bacillaceae; g__Bacillus; s__	1.0
e7b5b18eb1bde7b48fb828d7782e6ba5	k__Bacteria; p__Proteobacteria; c__Alphaproteobacteria; o__Rhodobacterales; f__Rhodobacteraceae; g__; s__	0.8
11cb3028b189f54cfa93e63b106fb6b8	k__Bacteria; p__Proteobacteria; c__Deltaproteobacteria; o__Myxococcales; f__Haliangiaceae; g__; s__	1.0
16f47af4e464613b4c8ca2843366bdf3	k__Bacteria; p__Proteobacteria; c__Deltaproteobacteria; o__Bdellovibrionales; f__Bdellovibrionaceae; g__Bdellovibrio; s__	1.0
f99b6b0faced516b34a3e4d92cb42e4d	k__Bacteria; p__Proteobacteria; c__Betaproteobacteria; o__Rhodocyclales; f__Rhodocyclaceae; g__Dechloromonas; s__	0.8
99ea020500c001065a8c5558efdb8ceb	k__Bacteria; p__Acidobacteria; c__Solibacteres; o__Solibacterales; f__; g__; s__	0.9
181c7424d0c1ec8e833033a64d9e26dc	k__Bacteria; p__Proteobacteria; c__Alphaproteobacteria; o__Rickettsiales; f__; g__; s__	1.0
17db32aee5f2646d9b9dca1a0469c109	k__Bacteria; p__Bacteroidetes; c__Bacteroidia; o__Bacteroidales; f__; g__; s__	0.9
e1a8af63572b2ae505a935ce38c0175e	k__Bacteria; p__SR1; c__; o__; f__; g__; s__	1.0
c496e0002e56416cb5e2ca8ed30e3b9f	k__Bacteria; p__Proteobacteria; c__Alphaproteobacteria; o__Sphingomonadales; f__Sphingomonadaceae	0.8
00d55572bb8540d3ed4549cfa79d5e77	k__Bacteria; p__Proteobacteria; c__Alphaproteobacteria; o__Rickettsiales; f__mitochondria; g__Synedra; s__acus	1.0
8580fc25ea1da6fe107b868db6bb3b4c	k__Bacteria; p__Bacteroidetes; c__[Saprospirae]; o__[Saprospirales]; f__Saprospiraceae; g__; s__	0.7
acc6d717c091ef88d09849ee92af56bb	k__Bacteria; p__Proteobacteria; c__Alphaproteobacteria; o__Rhodospirillales; f__Acetobacteraceae; g__; s__	1.0
cb46a5dd79f004ba451a613f437d9e09	k__Bacteria; p__Proteobacteria; c__Alphaproteobacteria; o__Rhizobiales; f__Phyllobacteriaceae; g__Mesorhizobium; s__	0.6
e084f77f01dc195964199eca51611dfa	k__Bacteria; p__Proteobacteria; c__Alphaproteobacteria; o__Rickettsiales; f__; g__; s__	0.8
666b0ed71d697d0e3a509404d96efe01	k__Bacteria; p__Proteobacteria; c__Alphaproteobacteria; o__Sphingomonadales; f__Sphingomonadaceae	0.8
c5dae4d3a109ada370eb85577a5f9251	k__Bacteria; p__Proteobacteria; c__Gammaproteobacteria; o__Alteromonadales; f__Alteromonadaceae; g__Cellvibrio; s__	0.9
9f318a34cec842ceeeedf212220f0034	k__Bacteria; p__Proteobacteria; c__Alphaproteobacteria; o__Rickettsiales; f__; g__; s__	1.0
5769d4a23d75b8be58da61f5ce403150	k__Bacteria; p__Bacteroidetes; c__[Saprospirae]; o__[Saprospirales]; f__Chitinophagaceae; g__; s__	1.0
06725112fd6b04f5cf297757b01c7f3f	k__Bacteria; p__Proteobacteria; c__Alphaproteobacteria; o__Rhodospirillales; f__Acetobacteraceae; g__; s__	1.0
9e1afc36862e93b468174384c29f751f	k__Bacteria; p__Proteobacteria; c__Gammaproteobacteria; o__Methylococcales; f__Crenotrichaceae; g__Crenothrix; s__	1.0
aa932e3bf20af2d24409b65ac7b40a55	k__Bacteria; p__Proteobacteria; c__Betaproteobacteria; o__Methylophilales; f__Methylophilaceae; g__; s__	1.0
7cf4d2192b6b6dbe21768a35674a9a0f	k__Bacteria; p__Proteobacteria; c__Alphaproteobacteria	1.0
106392ba405d68f79d7cdae497907bd5	k__Bacteria; p__Proteobacteria; c__Deltaproteobacteria; o__; f__; g__; s__	0.6
bea14a8ee8b41de581a28eab7753cc4b	k__Bacteria; p__Bacteroidetes; c__[Saprospirae]; o__[Saprospirales]; f__Chitinophagaceae; g__; s__	1.0
f6aa6eb742268f98f620d76c158df389	k__Bacteria; p__Planctomycetes; c__OM190; o__CL500-15; f__; g__; s__	1.0
2ab659cf8c06601426eb20a87e37871b	k__Bacteria; p__Proteobacteria; c__Betaproteobacteria; o__Methylophilales; f__Methylophilaceae; g__; s__	0.8
0900138948e8263efb75e2741ede0ab2	k__Bacteria; p__Proteobacteria; c__Alphaproteobacteria; o__; f__; g__; s__	0.6
0b49ca86a3b8ee9d821bfe7a2d564849	k__Bacteria; p__Firmicutes; c__Erysipelotrichi; o__Erysipelotrichales; f__Erysipelotrichaceae	0.8
4b38e659fb0a80aadea14a11f6ae7525	k__Bacteria; p__Proteobacteria; c__Betaproteobacteria; o__Methylophilales; f__Methylophilaceae	0.8
988b1b7af1701921ae5abd027a7cab49	k__Bacteria; p__TM7; c__SC3; o__; f__; g__; s__	1.0
2e6827683cf871fadf3636d5216f6928	k__Bacteria; p__Firmicutes; c__Clostridia; o__Clostridiales	1.0
432dd739afe83139756056dd1f3ed007	k__Bacteria; p__Planctomycetes; c__OM190; o__CL500-15; f__; g__; s__	1.0
b2dfb1e265bc4d11a527600ff690c963	k__Bacteria; p__Proteobacteria; c__Alphaproteobacteria; o__Rhodospirillales; f__; g__; s__	1.0
06260be797bbebde5f0653c8e55c9168	k__Bacteria; p__Proteobacteria; c__Deltaproteobacteria; o__Spirobacillales; f__; g__; s__	1.0
c94a8d9093e8bc89cc166f565f57aa7c	k__Bacteria; p__Bacteroidetes; c__Flavobacteriia; o__Flavobacteriales; f__[Weeksellaceae]; g__Chryseobacterium; s__	0.9
7e3d2d603bf33f7c27a9ff28b85c2c02	k__Bacteria; p__Spirochaetes; c__[Leptospirae]; o__[Leptospirales]; f__Leptospiraceae; g__Leptospira; s__	1.0
f5b9de819d186b5b53af863de90f83c1	k__Bacteria; p__Proteobacteria; c__Deltaproteobacteria; o__Myxococcales	1.0
d2b197f443c7f9a442cbecd0bb485fdc	k__Bacteria; p__Actinobacteria; c__Actinobacteria; o__Actinomycetales	0.9
2195ce2da7b81c0ab66ff5485d2fb581	k__Bacteria; p__Bacteroidetes; c__Cytophagia; o__Cytophagales; f__Cyclobacteriaceae; g__; s__	0.9
ae22b6c18f4843249472033aa3185bbd	k__Bacteria; p__Proteobacteria; c__Betaproteobacteria; o__Burkholderiales; f__Comamonadaceae	1.0
69abed51b2930c865e97072058f20570	k__Bacteria; p__Cyanobacteria; c__Chloroplast; o__Streptophyta; f__; g__; s__	0.6
8e7a8951b22e23b6c5643eef84a35b78	k__Bacteria; p__Bacteroidetes; c__Cytophagia; o__Cytophagales; f__Cytophagaceae; g__Flectobacillus; s__	0.9
2db2d8f7eef1d526bbbb2b8e5fbff9f6	k__Bacteria; p__Proteobacteria; c__Deltaproteobacteria; o__Myxococcales; f__; g__; s__	1.0
d3ba5cc49a162fc38b07a149aa8cde8f	k__Bacteria; p__Proteobacteria; c__Gammaproteobacteria; o__Legionellales; f__Legionellaceae	1.0
c7003ea7829dbd2686de19ea6f2f5625	k__Bacteria; p__Firmicutes; c__Clostridia; o__Clostridiales; f__Ruminococcaceae; g__Ruminococcus; s__	0.9
8758e9507e870554b4cfd505ee7d534c	k__Bacteria; p__GN02; c__BD1-5; o__; f__; g__; s__	0.6
8cbbcb1c861e5ad57aff0d9702c53b00	k__Bacteria; p__Firmicutes; c__Clostridia; o__Clostridiales; f__Lachnospiraceae; g__Epulopiscium; s__	1.0
1549caa1b80c07b05f6707aa81314daf	k__Bacteria; p__Proteobacteria; c__Deltaproteobacteria; o__Desulfovibrionales; f__Desulfomicrobiaceae; g__Desulfomicrobium; s__	1.0
141a70468f4ad97715db5ed4985cfee8	k__Bacteria; p__Bacteroidetes; c__Flavobacteriia; o__Flavobacteriales; f__Flavobacteriaceae; g__; s__	0.6
ba1e50b8e06e3601bfa3e939a06c566f	k__Bacteria; p__Proteobacteria; c__Deltaproteobacteria; o__Bdellovibrionales; f__Bdellovibrionaceae; g__Bdellovibrio; s__	1.0
8f74cf425a1daff6b4e8e409485380de	k__Bacteria	1.0
7697e4ef6c5b668584e54c0ab2af4100	k__Bacteria; p__Proteobacteria; c__Deltaproteobacteria; o__Spirobacillales; f__; g__; s__	1.0
7a3035567659f4aa1f5aebc117246b0c	k__Bacteria; p__Bacteroidetes; c__[Saprospirae]; o__[Saprospirales]; f__Chitinophagaceae; g__; s__	0.8
a8d5266cc6b4cd7768932995df601293	k__Bacteria; p__Proteobacteria; c__Alphaproteobacteria; o__BD7-3; f__; g__; s__	1.0
2250e5434bf88107645f11d27b107b8e	k__Bacteria; p__SR1; c__; o__; f__; g__; s__	1.0
f747bff58fe30c4b57b7e7225f26d094	k__Bacteria; p__Proteobacteria; c__Deltaproteobacteria; o__Sva0853	0.7
866e56475fb6295089f3c7752c58387c	k__Bacteria; p__Elusimicrobia; c__Elusimicrobia; o__Elusimicrobiales; f__Elusimicrobiaceae; g__; s__	0.6
4e1580b91ddf1059f078458aeef245fd	k__Bacteria; p__Bacteroidetes; c__Bacteroidia; o__Bacteroidales; f__[Paraprevotellaceae]; g__[Prevotella]; s__	0.9
7890ad239ddba83ac8feb33957f5d226	k__Bacteria; p__Proteobacteria; c__Gammaproteobacteria; o__Pseudomonadales; f__Pseudomonadaceae; g__Pseudomonas; s__	1.0
7091b0d28123473d28170cb29958642a	Unassigned	0.0
4a4725c89832f9dfab2471f842004855	k__Bacteria; p__Verrucomicrobia; c__Opitutae; o__Opitutales; f__Opitutaceae; g__; s__	1.0
a414bfde26f5c2d406a918b6bf1bd56d	k__Bacteria; p__Verrucomicrobia; c__Opitutae; o__Opitutales; f__Opitutaceae; g__; s__	0.8
90722deef9e83620e8da65f9470ad9f5	k__Bacteria; p__Cyanobacteria; c__Chloroplast; o__Cryptophyta; f__; g__; s__	0.6
c89ff0e59fed8fc8b6c60feb148ea595	k__Bacteria; p__Planctomycetes; c__Planctomycetia; o__Planctomycetales; f__Planctomycetaceae; g__Planctomyces; s__	1.0
b3a935f608049073920eb6938d64643f	k__Bacteria; p__Proteobacteria; c__Alphaproteobacteria; o__Rhizobiales; f__Methylocystaceae; g__Pleomorphomonas	0.7
bfc7df0b6a91c999fdd20bdfe082521c	k__Bacteria; p__Proteobacteria; c__Alphaproteobacteria; o__Sphingomonadales; f__Sphingomonadaceae; g__Sphingomonas; s__wittichii	0.8
d8291cf2d14c493d28844d3199ce9ed3	k__Bacteria; p__Cyanobacteria; c__4C0d-2; o__SM1D11; f__; g__; s__	1.0
b975b857616ae70e82b895d9243c7c36	k__Bacteria; p__Proteobacteria; c__Alphaproteobacteria	0.6
d089ecc48999f18af01be6280b520679	k__Bacteria; p__Proteobacteria; c__Gammaproteobacteria	1.0
4f84b33630b80ef9cb9609acd2460479	k__Bacteria; p__Elusimicrobia; c__Elusimicrobia; o__Elusimicrobiales; f__Elusimicrobiaceae; g__; s__	0.7
07216bc2d7214e8d2f93274abacb9842	k__Bacteria; p__Chlamydiae; c__Chlamydiia; o__Chlamydiales; f__Parachlamydiaceae	1.0
bd501cac5758e0caf5f28100cdb9343e	k__Bacteria; p__Proteobacteria; c__Alphaproteobacteria; o__Rhizobiales; f__; g__; s__	0.9
bea1975bf6987f53d6711856b3a41ed5	k__Bacteria; p__Bacteroidetes; c__Sphingobacteriia; o__Sphingobacteriales; f__Sphingobacteriaceae; g__Pedobacter; s__	1.0
4a08df89183956c40d9df0f75eb1dcc7	Unassigned	0.0
11b9712f359e49b81449f7ac813ec010	k__Bacteria; p__Planctomycetes; c__Planctomycetia; o__Gemmatales; f__Gemmataceae; g__; s__	1.0
ae6cd186d67292607922f61f5bb7abc4	k__Bacteria; p__Cyanobacteria; c__Chloroplast; o__Chlorophyta; f__Chlamydomonadaceae; g__; s__	0.6
5153fb6eb702b492cff6e5989e1b203d	k__Bacteria; p__Bacteroidetes; c__[Saprospirae]; o__[Saprospirales]; f__Saprospiraceae; g__; s__	1.0
0c7d7e5d7195754671827f3f01e679e7	k__Bacteria; p__Gemmatimonadetes; c__Gemmatimonadetes; o__; f__; g__; s__	1.0
2cd429a1d9ff892e1ba54a21352d77fd	k__Bacteria; p__Bacteroidetes; c__Cytophagia; o__Cytophagales; f__Cytophagaceae; g__Dyadobacter; s__	1.0
1a9590fb6a4123759420cb8e2a26807f	k__Bacteria; p__Proteobacteria; c__Deltaproteobacteria; o__Spirobacillales; f__; g__; s__	0.8
747c55ac488317d8a6143b568c7f4328	k__Bacteria; p__Proteobacteria; c__Gammaproteobacteria; o__Legionellales; f__; g__; s__	1.0
ca9dcace345847dabe13e689e869f30e	k__Bacteria; p__Proteobacteria; c__Epsilonproteobacteria; o__Campylobacterales; f__Helicobacteraceae; g__; s__	1.0
6bdcd7b85e2243c56df05bbd74b7de40	k__Bacteria; p__Proteobacteria; c__Alphaproteobacteria; o__Rhodobacterales	0.8
0f40777535a25d6bf1dd716f82e3883f	k__Bacteria; p__Proteobacteria; c__Alphaproteobacteria; o__Caulobacterales; f__Caulobacteraceae; g__Asticcacaulis	0.9
27bef2b6c38f75ed00d2092e3a0b5658	k__Bacteria; p__Actinobacteria; c__Actinobacteria; o__Actinomycetales; f__; g__; s__	0.9
2be044024266554653cc368b28b6caee	k__Bacteria; p__TM6; c__SJA-4; o__; f__; g__; s__	0.8888888888888888
6639c576158ce4c0516ac6391b8c2eb7	k__Bacteria; p__Verrucomicrobia; c__[Spartobacteria]; o__[Chthoniobacterales]; f__[Chthoniobacteraceae]; g__Candidatus Xiphinematobacter; s__	0.9
05d64be92c64cb9f03bf62cda8302a04	k__Bacteria; p__Planctomycetes; c__Planctomycetia; o__Planctomycetales; f__Planctomycetaceae; g__Planctomyces; s__	1.0
a9cbaaa2b07b57142741efbf4daec1da	k__Bacteria; p__Proteobacteria; c__Betaproteobacteria; o__Burkholderiales; f__Burkholderiaceae; g__Burkholderia	0.8
37ac0ee2be75c2c2823b925d014aa823	k__Bacteria; p__Proteobacteria; c__Betaproteobacteria; o__Burkholderiales; f__Comamonadaceae; g__; s__	0.6
b41a1aef1f25eba9a60d9fe7f6ed6182	k__Bacteria; p__Bacteroidetes; c__Sphingobacteriia; o__Sphingobacteriales; f__; g__; s__	0.9
e9a0b6dc60f369d74a6c4241eb3f4e78	k__Bacteria; p__Cyanobacteria; c__Chloroplast; o__Stramenopiles; f__; g__; s__	1.0
036425691c1c68408d1572572a52bdf3	k__Archaea; p__Euryarchaeota; c__Thermoplasmata; o__E2; f__[Methanomassiliicoccaceae]; g__; s__	1.0
17c1a6f7bced63dca9a69c6c341fa257	k__Bacteria; p__Acidobacteria; c__Solibacteres; o__Solibacterales; f__; g__; s__	1.0
401acaf3653c78d17758f164c360e64a	k__Bacteria	1.0
d72b0bfb1caebc42ad783f8b55430879	k__Bacteria; p__Bacteroidetes; c__Flavobacteriia; o__Flavobacteriales; f__Cryomorphaceae; g__Fluviicola; s__	1.0
7263d3ebd06e1c61dba08c04b48ece99	Unassigned	0.0
e549c580f473290f2948268a83b2792a	k__Bacteria; p__Proteobacteria; c__Gammaproteobacteria; o__Legionellales; f__Coxiellaceae; g__; s__	0.6
37049447aa2d9b942bcbabb9d18179cd	k__Bacteria; p__Cyanobacteria; c__4C0d-2; o__SM1D11; f__; g__; s__	0.9
b5ae5436b249ffb2549dbe7ac097c3ca	Unassigned	0.0
afbfaa92e96465d3ebeebddcb650dd68	k__Bacteria; p__Acidobacteria; c__Sva0725; o__Sva0725; f__; g__; s__	1.0
a6a191498fc2aba792d7c20e3c67a96f	k__Bacteria; p__Bacteroidetes; c__Sphingobacteriia; o__Sphingobacteriales; f__; g__; s__	0.6
1096b7e270be7db25648d8da2a5f28eb	k__Bacteria; p__Proteobacteria; c__Alphaproteobacteria; o__Rhizobiales; f__; g__; s__	1.0
4c85199bbbd1c7dc69517001260b926b	k__Bacteria; p__Cyanobacteria; c__Chloroplast; o__Stramenopiles; f__; g__; s__	1.0
b3b8c32fc1441d766ad09922595a5c8f	Unassigned	0.0
1c56b71e78523a89ce20cd249803a54b	k__Bacteria; p__Bacteroidetes; c__Bacteroidia; o__Bacteroidales; f__Rikenellaceae; g__Blvii28; s__	1.0
2f00461be20c34d973e680b17cfca1df	k__Bacteria; p__Proteobacteria; c__Gammaproteobacteria; o__Methylococcales; f__Crenotrichaceae; g__Crenothrix	0.7
c2be6a254776551a00a04057035535b4	k__Bacteria; p__Bacteroidetes; c__Bacteroidia; o__Bacteroidales; f__; g__; s__	0.9
2ffa411f806515cbf53b4fd4241f9a96	k__Bacteria; p__Cyanobacteria; c__Chloroplast; o__Chlorophyta; f__; g__; s__	1.0
390416130fcffdb9c4cc1d449b1cb0d5	k__Archaea; p__[Parvarchaeota]; c__[Parvarchaea]; o__WCHD3-30; f__; g__; s__	1.0
fec2c5e1ee9844aeb3aca83cb2f35726	k__Bacteria; p__Proteobacteria; c__Alphaproteobacteria; o__Rhizobiales; f__Hyphomicrobiaceae	0.6
7b69449f83624db5da0217c0be48c799	k__Bacteria; p__Proteobacteria; c__Alphaproteobacteria; o__Rickettsiales; f__mitochondria; g__; s__	1.0
bbaca652115482daf008e5f53c234bb2	k__Bacteria; p__Planctomycetes; c__Planctomycetia; o__Pirellulales; f__Pirellulaceae; g__; s__	1.0
d23463aaa99a7a956ae47fe1540856f8	k__Bacteria; p__Proteobacteria; c__Deltaproteobacteria; o__Spirobacillales; f__; g__; s__	1.0
12df3487f1c1c35888add47703760d1b	k__Bacteria; p__Proteobacteria; c__Gammaproteobacteria	1.0
e9e32045c95fc4f3ee0cdae5b676d6f1	k__Bacteria; p__Proteobacteria; c__Deltaproteobacteria; o__Desulfobacterales; f__Desulfobulbaceae; g__; s__	0.8
51c43cd4d6bd7d3215bf0a313881f038	k__Bacteria; p__Gemmatimonadetes; c__Gemmatimonadetes; o__KD8-87; f__; g__; s__	1.0
d4063d232e27130824a4a3774f83150b	k__Bacteria; p__Proteobacteria; c__Deltaproteobacteria; o__Spirobacillales; f__; g__; s__	0.9
badb3a2b38cc10979ef2a2f150a45ed3	k__Bacteria; p__Proteobacteria; c__Deltaproteobacteria; o__Myxococcales; f__OM27; g__; s__	1.0
3a7b04e0a9c601750e12605abd2ad744	k__Bacteria; p__Bacteroidetes; c__Flavobacteriia; o__Flavobacteriales; f__Flavobacteriaceae; g__Flavobacterium; s__	1.0
2ed2083c6b0bad71969a16bbe0aee322	k__Bacteria; p__Proteobacteria; c__TA18; o__CV90; f__; g__; s__	1.0
e22b8a7023295be05a33658869947e7d	k__Bacteria; p__Cyanobacteria; c__Chloroplast; o__Streptophyta; f__; g__; s__	1.0
9b04762eb08f997a94fa3e585045f0a5	k__Bacteria; p__Proteobacteria; c__Alphaproteobacteria; o__; f__; g__; s__	1.0
eb2a9ee1163f717a83bc6bd3bfea93f8	k__Bacteria; p__Bacteroidetes	1.0
c33de98338ba3453a2259002a2b92dd5	k__Bacteria; p__Proteobacteria; c__Gammaproteobacteria	1.0
6c590e6b627e381130a036dbf0cb2761	k__Bacteria; p__Verrucomicrobia; c__Verrucomicrobiae; o__Verrucomicrobiales; f__Verrucomicrobiaceae; g__Luteolibacter; s__	1.0
170d54917ab8978e27ac1b3e838ce29d	k__Bacteria; p__Firmicutes; c__Clostridia; o__Clostridiales; f__Clostridiaceae; g__Sarcina; s__	0.6
9166c02cd9d346bd14437edc3f287400	k__Bacteria; p__Bacteroidetes; c__[Saprospirae]; o__[Saprospirales]; f__Saprospiraceae; g__; s__	0.9
213c5b798692e65a428ed05218b3ba0d	k__Bacteria; p__Chloroflexi; c__Chloroflexi; o__[Roseiflexales]; f__; g__; s__	0.7
6f7c5835ed7bc8b052a1c1c26985c9e9	k__Bacteria; p__Verrucomicrobia; c__Verruco-5; o__WCHB1-41; f__RFP12; g__; s__	1.0
8e7cdb7cda3b651fb8d6d36a0d51f8dc	k__Bacteria; p__Actinobacteria; c__Actinobacteria; o__Actinomycetales; f__ACK-M1; g__; s__	1.0
5e551a0474891fabca84ac3846b8cd25	k__Bacteria; p__Planctomycetes; c__Planctomycetia; o__Pirellulales; f__Pirellulaceae; g__; s__	1.0
2ce89be3720e16af8a4a19e981aa614a	k__Bacteria; p__Bacteroidetes; c__[Saprospirae]; o__[Saprospirales]; f__Chitinophagaceae; g__; s__	1.0
f771ad9eb2485791f3a8722437093db8	k__Bacteria; p__Proteobacteria; c__Alphaproteobacteria; o__; f__; g__; s__	1.0
d62aa34d499c1d6943e31fe63c46756b	Unassigned	0.0
fb0b796a262e6b8bcf06d608271269f6	k__Bacteria; p__Verrucomicrobia; c__[Spartobacteria]; o__[Chthoniobacterales]; f__[Chthoniobacteraceae]; g__Candidatus Xiphinematobacter; s__	0.6
6096c36025e8c23f78ba4ad4a75544f5	k__Bacteria; p__Chlamydiae; c__Chlamydiia; o__Chlamydiales; f__Parachlamydiaceae	1.0
59b3b72303dd2b76af2b54acc2480af1	k__Bacteria; p__Bacteroidetes; c__Flavobacteriia; o__Flavobacteriales; f__Cryomorphaceae; g__; s__	0.9
74d00c8a75f1c03b2b17f6241af3eee8	k__Bacteria; p__Lentisphaerae; c__[Lentisphaeria]; o__Victivallales; f__Victivallaceae; g__; s__	0.9
46476747d564846110971b4bfd9ad4a4	k__Bacteria; p__Proteobacteria; c__Epsilonproteobacteria; o__Campylobacterales; f__Helicobacteraceae; g__Sulfuricurvum; s__kujiense	1.0
07aa1c0cf5cf4eab9ef09b929076a02b	k__Bacteria; p__Planctomycetes; c__Planctomycetia; o__Pirellulales; f__Pirellulaceae; g__; s__	1.0
a38cc8e73ebb1e10d7b28869edf5effc	k__Bacteria; p__Proteobacteria; c__Alphaproteobacteria; o__; f__; g__; s__	1.0
e4491259374311a5a14c57c625fe509b	k__Bacteria; p__Proteobacteria; c__Gammaproteobacteria; o__Alteromonadales; f__[Chromatiaceae]; g__; s__	1.0
a57f05fbccb85e63a575a02e536d0379	k__Bacteria; p__Planctomycetes; c__Phycisphaerae; o__Phycisphaerales; f__; g__; s__	0.7
3e54eca25018a27ef4830a741a2d1900	k__Bacteria; p__Actinobacteria; c__Acidimicrobiia; o__Acidimicrobiales; f__C111; g__; s__	1.0
7eec31f20c80c535138c8c4e06ae9970	k__Bacteria; p__Proteobacteria; c__Deltaproteobacteria; o__Syntrophobacterales; f__Syntrophaceae; g__Syntrophus; s__	0.6
a304dd66ce47084ccf7a99f527c661e9	k__Bacteria; p__Verrucomicrobia; c__[Spartobacteria]; o__[Chthoniobacterales]; f__[Chthoniobacteraceae]	1.0
05c3d64ab1892106d1da582c280bc590	k__Bacteria; p__Bacteroidetes; c__Flavobacteriia; o__Flavobacteriales; f__Cryomorphaceae; g__; s__	1.0
57ac1eeca74be48c06ee5d9274879e6b	k__Bacteria; p__Bacteroidetes; c__[Saprospirae]; o__[Saprospirales]; f__Saprospiraceae; g__; s__	1.0
6652ea9b3798b2c8ccac3bc140b4fc81	k__Bacteria; p__Proteobacteria; c__Alphaproteobacteria; o__Rhizobiales	0.6
648c42abcc1a1239bc2adaf7b1d4b7ae	k__Bacteria; p__Bacteroidetes; c__[Saprospirae]; o__[Saprospirales]; f__Chitinophagaceae; g__; s__	0.9
3045f17f498658eff254c14db0891705	k__Bacteria; p__Chlorobi; c__OPB56; o__; f__; g__; s__	1.0
4793e217ad026b1ef21f733224c6d5ca	k__Bacteria; p__Cyanobacteria; c__Chloroplast; o__Chlorophyta; f__Chlamydomonadaceae	0.7
79c1e0cd5a959708f78069bf3f70c505	k__Bacteria; p__Cyanobacteria; c__Chloroplast; o__Chlorophyta; f__; g__; s__	1.0
41409fc78f7c0d46129bcc86bcb9f613	k__Bacteria; p__Proteobacteria; c__TA18; o__PHOS-HD29; f__; g__; s__	1.0
767caffe5b01d68288dd00b1a6c3e104	k__Bacteria; p__Actinobacteria; c__Acidimicrobiia; o__Acidimicrobiales; f__C111; g__; s__	1.0
cf49bb79bbb7696bd94f13429b48230b	k__Bacteria; p__Proteobacteria; c__Deltaproteobacteria; o__NKB15; f__; g__; s__	1.0
e3cee4185a1fefcd283b6dc23144fe30	k__Bacteria; p__Chloroflexi; c__Anaerolineae; o__Caldilineales; f__Caldilineaceae; g__; s__	0.7
b372d626551ec75d6a963624ce36b20b	k__Bacteria; p__Proteobacteria; c__Betaproteobacteria; o__Burkholderiales; f__Comamonadaceae; g__; s__	0.6
f510b1bd93c2bd9ffcd62091af03fa37	k__Bacteria; p__Proteobacteria; c__Deltaproteobacteria; o__Desulfarculales; f__Desulfarculaceae; g__; s__	0.6
bdca0410030a77cfd8014abc65196ac4	k__Bacteria; p__Proteobacteria; c__Alphaproteobacteria; o__Rhodospirillales; f__Rhodospirillaceae; g__; s__	0.6
c4d39f69d0a1403c843c0f49ca60e712	k__Bacteria; p__Proteobacteria; c__Alphaproteobacteria; o__Rickettsiales; f__; g__; s__	0.9
f5625e25f8d5f7d24cce7da2fadc13ef	k__Bacteria; p__Proteobacteria; c__Betaproteobacteria; o__Rhodocyclales; f__Rhodocyclaceae	0.6
0b09919a1d36b4db6c6570a864ded6db	k__Archaea; p__Crenarchaeota; c__MCG; o__; f__; g__; s__	0.7777777777777778
fba77e314faf9a3d09f255672abe327f	k__Bacteria; p__Proteobacteria; c__Gammaproteobacteria; o__Alteromonadales; f__Alteromonadaceae; g__Glaciecola; s__	0.6
e93961eedc5b3cbe4d4aaa356ca20220	k__Bacteria; p__Chlamydiae; c__Chlamydiia; o__Chlamydiales	1.0
0dfc11f79f5d18db393eb92cd2e7b98c	k__Bacteria; p__Bacteroidetes; c__Bacteroidia; o__Bacteroidales; f__; g__; s__	1.0
595307cd73b89f0bd079a3e6548e7b78	k__Bacteria; p__Proteobacteria; c__Alphaproteobacteria; o__Rhizobiales; f__; g__; s__	1.0
ebb06001c48add174d0ffb0f96d7aa5f	Unassigned	0.0
10f3b5959526309acd823ee33a70c0bb	Unassigned	0.0
85663ed63c4edc54ba912715126c5791	k__Bacteria; p__Verrucomicrobia; c__[Methylacidiphilae]; o__Methylacidiphilales; f__; g__; s__	0.7
043c1479493d59b49ee1bed9f79cc238	k__Bacteria; p__Actinobacteria; c__Thermoleophilia; o__Gaiellales; f__; g__; s__	1.0
0e7d0a437f1d48c4b4db5f8263e0ab01	k__Bacteria; p__Proteobacteria; c__Alphaproteobacteria; o__Rhizobiales; f__Phyllobacteriaceae	0.9
22f5a13c344cde9fd4d3f89d586c9634	k__Archaea; p__Crenarchaeota	0.75
9f61ac0fdf242b925d679d15534fa4ff	k__Bacteria; p__Bacteroidetes; c__Cytophagia; o__Cytophagales; f__Cytophagaceae; g__Flectobacillus; s__	1.0
c9b30c06e71b6d70125d930e137c525f	k__Bacteria; p__Bacteroidetes; c__[Saprospirae]; o__[Saprospirales]; f__Chitinophagaceae; g__; s__	1.0
f018e528adfe1809b980557fb2d08d10	Unassigned	0.0
ecb9a5bd21c2e89897212d9774357e54	k__Bacteria; p__Proteobacteria; c__Gammaproteobacteria; o__Legionellales	0.9
9c49925e23fadd05a50a50358fda725b	k__Bacteria; p__Cyanobacteria; c__Chloroplast; o__Streptophyta; f__; g__; s__	0.8
5e80e82d011e87d5a5147c07350c07ea	k__Bacteria; p__Actinobacteria; c__Actinobacteria; o__Actinomycetales; f__Microbacteriaceae	1.0
440602ba4c5b436a9d48ac2faab86d2a	k__Bacteria; p__Proteobacteria; c__Alphaproteobacteria; o__Rickettsiales; f__; g__; s__	0.8
f51bbc46996631bc039d5c18b219c84b	k__Bacteria; p__Bacteroidetes; c__Flavobacteriia; o__Flavobacteriales; f__Cryomorphaceae; g__Fluviicola; s__	1.0
66a204393210c888524ac918297b93fc	k__Bacteria; p__Bacteroidetes; c__Cytophagia; o__Cytophagales; f__Cytophagaceae; g__; s__	1.0
2ff945b43818b7c0414ad6dbb9c24a88	k__Bacteria; p__Proteobacteria; c__Alphaproteobacteria; o__Rickettsiales; f__; g__; s__	1.0
2f8df4a721ae5d404a2e00f2712468c0	k__Bacteria; p__Actinobacteria; c__Actinobacteria; o__Actinomycetales; f__Mycobacteriaceae; g__Mycobacterium; s__	1.0
92a02ae69fdef766b7578682078f327d	Unassigned	0.0
b0e35dad0e88a48575ff9969636b934a	k__Bacteria; p__Actinobacteria; c__Acidimicrobiia; o__Acidimicrobiales; f__C111; g__; s__	1.0
d3d629cd86c3cef34e7535ca75e9258a	k__Bacteria; p__Proteobacteria	0.7
2a8352da95b1c0d168d5498297db3b4e	k__Bacteria; p__Bacteroidetes; c__Flavobacteriia; o__Flavobacteriales; f__[Weeksellaceae]; g__Cloacibacterium; s__	0.9
89bb06e6edd70482e609b4eab5c5a860	k__Bacteria; p__Firmicutes; c__Clostridia; o__Clostridiales; f__Ruminococcaceae; g__; s__	0.6
0a94e40b09f5d36afe20cea5cd7efac0	k__Bacteria; p__Bacteroidetes; c__Flavobacteriia; o__Flavobacteriales; f__Flavobacteriaceae; g__Flavobacterium; s__	0.8
df508fd3766d0923429721ec4a52837e	k__Bacteria; p__Planctomycetes; c__Planctomycetia; o__Gemmatales; f__Gemmataceae; g__Gemmata; s__	0.6
6801a6ce5e6db2c33c432bd3ce4e2008	k__Bacteria; p__Firmicutes; c__Clostridia; o__Clostridiales; f__Clostridiaceae; g__; s__	0.6
e92f5450ee09a5794236d5d5c842c207	k__Bacteria; p__Proteobacteria; c__TA18; o__CV90; f__; g__; s__	1.0
16963742c86d58599e31a32e117f2e43	k__Bacteria; p__Bacteroidetes; c__Cytophagia; o__Cytophagales; f__Cytophagaceae; g__Flectobacillus; s__	1.0
90eb21539f5c087477e15734c581a2a1	k__Bacteria; p__Planctomycetes; c__Planctomycetia; o__Pirellulales; f__Pirellulaceae; g__; s__	1.0
7d8ec6ed3581f2df8a15ec0fb575e61e	k__Bacteria; p__Bacteroidetes; c__Cytophagia; o__Cytophagales; f__Cytophagaceae; g__; s__	1.0
3d3fdd151f1a5c5821f0f4c2ae1d3e9c	k__Bacteria; p__Proteobacteria; c__Deltaproteobacteria; o__Myxococcales; f__; g__; s__	1.0
ccb90fb49890dc30feff97755a0a605e	k__Bacteria; p__Proteobacteria; c__Deltaproteobacteria; o__Spirobacillales; f__; g__; s__	1.0
23ac332b9ffc761185e4659426361de2	k__Bacteria; p__Proteobacteria; c__Deltaproteobacteria; o__Spirobacillales; f__; g__; s__	1.0
dea60f60555ec53c3b3108d5df8971af	k__Bacteria; p__Proteobacteria; c__Gammaproteobacteria; o__Thiotrichales; f__Piscirickettsiaceae; g__; s__	0.6
93441dcba94ec634190c668b100d4226	k__Bacteria; p__Bacteroidetes; c__[Saprospirae]; o__[Saprospirales]; f__Saprospiraceae; g__; s__	0.9
ac78f7c1bf447f39080ae2d3e3aca158	k__Bacteria; p__Proteobacteria; c__Alphaproteobacteria; o__Rhizobiales; f__; g__; s__	0.7
f54a10d0acda096a903d8999549496a7	k__Bacteria; p__Cyanobacteria; c__Synechococcophycideae; o__Pseudanabaenales; f__Pseudanabaenaceae	0.8
7cf085b8a649608fb1d6e237a5ab0b72	k__Bacteria; p__Proteobacteria; c__Gammaproteobacteria; o__Oceanospirillales; f__Halomonadaceae	1.0
2c129bc47d1b1a449b6ceaeb45f9d02e	k__Bacteria; p__Planctomycetes; c__Phycisphaerae; o__WD2101; f__; g__; s__	1.0
c282b6a83269568d24a9692fd19c6157	k__Bacteria; p__Bacteroidetes; c__Flavobacteriia; o__Flavobacteriales; f__[Weeksellaceae]; g__Chryseobacterium; s__	1.0
3bdfc1b4aa8e82b6f36ff397260ad377	k__Bacteria; p__Verrucomicrobia; c__Opitutae; o__Opitutales; f__Opitutaceae; g__Opitutus; s__	1.0
8d242d86091be1c72c04130fd24c2c70	k__Bacteria; p__Proteobacteria; c__Alphaproteobacteria; o__Sphingomonadales	1.0
2e1961eea8e6f60852789a26e5392546	k__Bacteria; p__Cyanobacteria; c__Chloroplast; o__Cryptophyta; f__; g__; s__	1.0
6372af827db1b1a177b6634ce3eab9a0	Unassigned	0.0
20411b87b900323d799bfcb5d4ad0e39	k__Bacteria; p__Proteobacteria; c__Betaproteobacteria; o__Burkholderiales; f__Comamonadaceae	1.0
9c46f8a6f88adc59b27e93d8f4f23237	k__Bacteria; p__Proteobacteria; c__Deltaproteobacteria; o__Bdellovibrionales; f__Bdellovibrionaceae; g__Bdellovibrio; s__	1.0
4a85cfd5c753eaf0de08138f6a6b3ae4	k__Bacteria; p__Proteobacteria; c__Alphaproteobacteria; o__Rhodobacterales; f__Rhodobacteraceae	1.0
a68e1f9e7a431d8236b1eb949c206073	k__Bacteria; p__Cyanobacteria; c__Chloroplast; o__Stramenopiles; f__; g__; s__	1.0
9c1449a79db4e4c0e03f908d16417456	k__Bacteria; p__Chloroflexi; c__Chloroflexi; o__[Roseiflexales]; f__; g__; s__	0.9
9e6d21764d9a832a16db9f7ce34d32bb	k__Bacteria; p__Proteobacteria; c__Alphaproteobacteria; o__Rhodobacterales; f__Rhodobacteraceae	1.0
d7ee7b54e7cf627adc354c46730fd660	k__Bacteria; p__Proteobacteria; c__Gammaproteobacteria; o__Pseudomonadales; f__Pseudomonadaceae; g__Pseudomonas; s__	0.8
ef38bd71a52a483392e4fd78d997683c	k__Bacteria; p__Proteobacteria; c__Betaproteobacteria; o__Burkholderiales; f__Comamonadaceae; g__Hydrogenophaga; s__	0.9
9c97fa64361db9309e290e84222f34c6	Unassigned	0.0
cbcd39c69aed40b94df202b648e6fed8	k__Bacteria; p__Proteobacteria; c__Alphaproteobacteria; o__Rhodospirillales; f__Rhodospirillaceae; g__Novispirillum; s__	0.8
e9a77772ec5d6cb27fd724b09b9bf1a2	Unassigned	0.0
461fde653357d36e73814bad4eb890a8	k__Bacteria; p__Proteobacteria; c__Gammaproteobacteria; o__Methylococcales; f__Crenotrichaceae; g__Crenothrix; s__	0.8
bb88a0e597741b87645ef601bca96081	k__Bacteria; p__Proteobacteria; c__Alphaproteobacteria; o__Rhizobiales; f__; g__; s__	1.0
d3af2504f7351cfcbbfa1e005c9320a4	k__Bacteria; p__Cyanobacteria; c__Synechococcophycideae; o__Pseudanabaenales; f__Pseudanabaenaceae; g__Leptolyngbya; s__	1.0
2cda9912a5c33fdd12e9e8bbe8d49c02	k__Bacteria; p__Proteobacteria; c__Deltaproteobacteria; o__Bdellovibrionales; f__Bacteriovoraceae; g__; s__	0.8
657e0477a5afe3d01aaa65f453212542	k__Bacteria; p__OD1; c__; o__; f__; g__; s__	1.0
2ff6191849df741d274d6c26e3537aa2	k__Bacteria; p__Actinobacteria; c__Acidimicrobiia; o__Acidimicrobiales; f__C111; g__; s__	1.0
de956e47f5024250bf67e8e81d7f3e75	k__Bacteria; p__Proteobacteria; c__Betaproteobacteria; o__Burkholderiales; f__Comamonadaceae	1.0
e8123cb4ac25d02938a0761532b2b471	k__Bacteria; p__Proteobacteria; c__Alphaproteobacteria; o__Rhodospirillales	1.0
9a9bdc5f6c6fc30eb9384f63c3bbc8a6	k__Bacteria; p__Proteobacteria; c__Betaproteobacteria	1.0
ad7166c100422ec98e3321193b19bde5	k__Bacteria; p__Planctomycetes; c__Planctomycetia; o__Pirellulales; f__Pirellulaceae; g__; s__	1.0
ca46e418afd658cd1383dd938629c3bb	k__Bacteria; p__Bacteroidetes; c__[Saprospirae]; o__[Saprospirales]; f__Chitinophagaceae; g__; s__	1.0
d00d8c2785bb443df7b2b34f08106f4b	k__Bacteria; p__Bacteroidetes; c__Bacteroidia; o__Bacteroidales; f__[Paraprevotellaceae]; g__[Prevotella]; s__	1.0
73ce309abadb9cdc8b9886da5ef979d3	k__Bacteria; p__Bacteroidetes; c__Bacteroidia; o__Bacteroidales; f__Bacteroidaceae; g__Bacteroides	0.6666666666666666
fc5b09dd1f84dd82f5bb74aeee1620d8	k__Bacteria; p__Proteobacteria; c__Alphaproteobacteria; o__Rhizobiales; f__; g__; s__	1.0
fe1904a2cc1cf05e137d485dfab41b07	k__Bacteria; p__Proteobacteria; c__Alphaproteobacteria	0.8
f191754a350f0ed4cab06ce268a68bc3	k__Bacteria; p__Proteobacteria; c__Alphaproteobacteria; o__Sphingomonadales; f__Sphingomonadaceae; g__Novosphingobium; s__	0.6
bede8995140de0d958c0c41d918e9542	k__Bacteria; p__Bacteroidetes; c__[Saprospirae]; o__[Saprospirales]; f__Saprospiraceae; g__; s__	0.8
b9e47d91f44d8d3c6308b4cc9fd606c8	k__Bacteria; p__Proteobacteria; c__Deltaproteobacteria; o__Bdellovibrionales; f__Bacteriovoracaceae; g__; s__	0.9
51995d0ffcaf5f526cedb5174d103310	k__Bacteria; p__Cyanobacteria; c__Chloroplast; o__Streptophyta; f__; g__; s__	1.0
6081ffbb8d4f36a25a9052161a69c9fc	k__Bacteria; p__Verrucomicrobia; c__[Pedosphaerae]; o__[Pedosphaerales]	0.7
1342d4832cad651ec34e595d94499193	k__Bacteria; p__Proteobacteria; c__Betaproteobacteria; o__Burkholderiales; f__Comamonadaceae	0.9
1f0b674308f335a7de0164a2c2b6e2bf	k__Bacteria; p__Firmicutes; c__Bacilli; o__Bacillales; f__Bacillaceae; g__Bacillus; s__	0.9
aef0a9ee0ad6127c81343be149c2c11a	k__Bacteria; p__Planctomycetes; c__vadinHA49; o__DH61; f__; g__; s__	1.0
f38eedf512e8167e59c4504de5590d2e	k__Bacteria; p__Bacteroidetes; c__Flavobacteriia; o__Flavobacteriales; f__[Weeksellaceae]; g__Cloacibacterium; s__	1.0
a84966ec1a3a6c8d981817f258263958	k__Bacteria; p__Planctomycetes; c__Planctomycetia; o__Gemmatales; f__Isosphaeraceae; g__; s__	0.9
dfa08087d691a4f56e05fb7ee67879b1	k__Bacteria; p__Proteobacteria; c__Alphaproteobacteria; o__Rickettsiales; f__Rickettsiaceae; g__; s__	0.8
f03ba6ea238cc47d4fc0a34e8de25693	k__Bacteria; p__Proteobacteria	0.9
93e0ee09c3608f80e7550f0150ae3351	k__Bacteria; p__Planctomycetes; c__Planctomycetia; o__Pirellulales; f__Pirellulaceae; g__; s__	1.0
c01281edaac360327abfa2d8884dba0a	k__Bacteria; p__Actinobacteria; c__Actinobacteria; o__Actinomycetales; f__; g__; s__	0.7
e602518a4f3f2386b2f39fb4ac49f878	k__Bacteria; p__Proteobacteria; c__Alphaproteobacteria; o__Rickettsiales; f__Rickettsiaceae	1.0
a1cd2f060f2aed9c304df195b655cae1	k__Bacteria; p__Proteobacteria; c__Gammaproteobacteria; o__Xanthomonadales; f__Sinobacteraceae; g__; s__	0.8
ca3a42fc7dc58e4fcdde20b3bfeac279	k__Bacteria; p__Proteobacteria; c__Alphaproteobacteria; o__Rhodospirillales	0.7
8240ab8bfc12daf9d66b6c1cb13bb096	k__Bacteria; p__Planctomycetes; c__OM190; o__CL500-15; f__; g__; s__	1.0
be8a57feaad40d1936cc0f0283de0055	k__Bacteria; p__Proteobacteria; c__Alphaproteobacteria; o__Rhizobiales; f__Hyphomicrobiaceae; g__Pedomicrobium; s__	0.6
935b0156580c864f49aa4343a0a5dfe5	k__Bacteria; p__Proteobacteria; c__Alphaproteobacteria; o__Rhodobacterales	0.8
0613e21d888bb484f445bc34a5a1ca4d	k__Bacteria; p__Proteobacteria; c__Betaproteobacteria; o__Ellin6067; f__; g__; s__	1.0
db7a97efad987e09db7df9a33ddc15b3	k__Bacteria; p__Cyanobacteria; c__Nostocophycideae; o__Nostocales; f__Nostocaceae	1.0
f801fc74785c819e50d0087a29e72ec9	k__Bacteria; p__Bacteroidetes; c__Bacteroidia; o__Bacteroidales; f__Bacteroidaceae; g__Bacteroides; s__	0.7
0b8c5a7df6e35f614cdf8e03b8f5c454	k__Bacteria; p__Proteobacteria; c__Alphaproteobacteria; o__Rhizobiales; f__Rhizobiaceae; g__Agrobacterium; s__	1.0
05c152b90f4e5cbad3604e1d09649cd5	Unassigned	0.0
d3df467025c11d213685565beaa99068	k__Bacteria; p__Bacteroidetes; c__Bacteroidia; o__Bacteroidales	1.0
e0b043a148f2e4f0ed86a77e63095326	k__Bacteria; p__Proteobacteria; c__Alphaproteobacteria; o__BD7-3; f__; g__; s__	1.0
7bbccf67e8eb5d91ac7f14a14ffe4aa9	k__Bacteria; p__Chloroflexi; c__Dehalococcoidetes; o__GIF9; f__; g__; s__	1.0
d18ad1f6004396ff891a137a3ff077cb	k__Bacteria; p__Proteobacteria; c__Betaproteobacteria; o__Ellin6067; f__; g__; s__	0.6
1ba0682f8c43fa16b6b7fc92f059480f	k__Bacteria; p__Cyanobacteria; c__Chloroplast; o__Streptophyta; f__; g__; s__	1.0
d365ec9a830f863d07f2a979fa06544a	k__Bacteria; p__TM6; c__SJA-4; o__; f__; g__; s__	1.0
61e7f6dddce1c914db0fa7951c0de364	k__Bacteria; p__Bacteroidetes; c__Sphingobacteriia; o__Sphingobacteriales; f__; g__; s__	0.8
a4e08c2cfd09808a7744c2b56f9b79f2	k__Bacteria; p__Firmicutes; c__Clostridia; o__Clostridiales; f__Clostridiaceae; g__Clostridium; s__perfringens	1.0
72464e1a4fe20a6935f0c27700183b4b	k__Bacteria; p__Firmicutes; c__Clostridia; o__Clostridiales; f__Clostridiaceae; g__Clostridium; s__	1.0
462c5470f8e849ba4e7758b36dd5794c	k__Bacteria; p__Proteobacteria; c__Betaproteobacteria; o__Burkholderiales; f__Comamonadaceae; g__Hydrogenophaga; s__	0.7
bfbf6916e8ac45ae3eb630c5f7292108	k__Bacteria; p__Cyanobacteria; c__Chloroplast; o__Streptophyta; f__; g__; s__	1.0
9b9619347689968c549781c0fba615da	k__Bacteria; p__Synergistetes; c__Synergistia; o__Synergistales; f__Synergistaceae; g__vadinCA02; s__	0.6
c2893efdc1071ee79032b7c1c3fe3a5f	k__Bacteria; p__Proteobacteria; c__Betaproteobacteria; o__Burkholderiales; f__Comamonadaceae	0.9
4c0c7aac2523b3d5796c9dc2a3beefc8	k__Bacteria; p__Cyanobacteria; c__Chloroplast; o__Stramenopiles; f__; g__; s__	1.0
2cbd79d0158f0f5d3916cea11d586460	k__Bacteria; p__Proteobacteria; c__Alphaproteobacteria	0.75
30a5decc8a6c3fc2295950f0b23d9007	k__Bacteria; p__Proteobacteria; c__Deltaproteobacteria; o__Myxococcales; f__Nannocystaceae; g__Plesiocystis; s__	1.0
95a7a6fec0b7e78a0424e9013eb86376	k__Bacteria; p__Actinobacteria; c__Thermoleophilia; o__; f__; g__; s__	1.0
45a71908b26ab77e0a2065b5b2629806	k__Bacteria; p__Proteobacteria; c__Gammaproteobacteria; o__Methylococcales; f__Methylococcaceae; g__Methylocaldum; s__	0.8
9915aedcc1ea35d7924026092694f83c	k__Bacteria; p__Proteobacteria; c__Betaproteobacteria; o__Burkholderiales; f__Comamonadaceae; g__; s__	0.9
85e442c323aaa14d7ebbb469e1efc873	k__Bacteria; p__Bacteroidetes; c__Bacteroidia; o__Bacteroidales; f__; g__; s__	1.0
649607bdfc4543ed9bf969a15c690b9c	k__Bacteria; p__Cyanobacteria; c__Chloroplast; o__Stramenopiles; f__; g__; s__	1.0
4598222dcc4af3eba3a72bc3afb5333c	k__Bacteria; p__OD1; c__ZB2; o__; f__; g__; s__	1.0
7906aae5c74d2671343c4b7da242b5a3	k__Bacteria; p__Proteobacteria; c__Deltaproteobacteria	1.0
11c6b7b9ea76e9c0ec4008bced1c770c	k__Bacteria; p__Proteobacteria; c__Gammaproteobacteria; o__Xanthomonadales; f__Xanthomonadaceae; g__; s__	1.0
10afb54130aef3e0762ca1a7eb66a297	k__Bacteria; p__Proteobacteria; c__Betaproteobacteria; o__Burkholderiales; f__Comamonadaceae; g__; s__	0.8
f5aac8a875ffbe84db2f749599f0b8a7	k__Bacteria; p__Firmicutes; c__Clostridia; o__Clostridiales; f__Ruminococcaceae; g__; s__	1.0
4c53cc5b890b49c3f3be73e26b275b95	k__Bacteria; p__Cyanobacteria; c__Chloroplast	1.0
1f2ef032962cad268a76af1896fa46a6	k__Archaea; p__[Parvarchaeota]; c__[Parvarchaea]; o__YLA114; f__; g__; s__	1.0
45326ea697b1b5e711d4874e9335bf19	Unassigned	0.0
13ba1e1b7a046c2992c6828ec91a8cbe	k__Bacteria; p__Acidobacteria; c__[Chloracidobacteria]; o__RB41; f__Ellin6075; g__; s__	1.0
6a94bbb7a84fd255ff98f0053bb4a939	k__Bacteria; p__Proteobacteria; c__Betaproteobacteria; o__Procabacteriales; f__Procabacteriaceae; g__; s__	1.0
e124b1094f7c503904413674df83334b	k__Bacteria; p__Proteobacteria; c__Alphaproteobacteria; o__Rickettsiales; f__; g__; s__	0.6
0873622693c88d87d8da8014cd029217	k__Bacteria; p__OP3; c__PBS-25; o__; f__; g__; s__	1.0
d25206fd87a997f57e76449cb7b51d0e	k__Bacteria; p__Proteobacteria; c__Alphaproteobacteria; o__; f__; g__; s__	1.0
abd6deb420bbb206a75afa68494a58cf	k__Bacteria; p__Proteobacteria; c__TA18; o__PHOS-HD29; f__; g__; s__	1.0
362e57187150651dd4b368d705a5d833	k__Bacteria; p__Actinobacteria; c__OPB41; o__; f__; g__; s__	1.0
88432c0dd9a610218b063cff6087c60c	k__Bacteria; p__Firmicutes; c__Clostridia; o__Clostridiales; f__Christensenellaceae; g__; s__	1.0
928ea8084c10f92ad025b2286d611fdf	k__Bacteria; p__Verrucomicrobia; c__Opitutae; o__Opitutales; f__Opitutaceae	0.9
6ba662fd0082e2a1f87d6f652bdb2849	k__Bacteria; p__Actinobacteria; c__Acidimicrobiia; o__Acidimicrobiales; f__; g__; s__	1.0
37ed2c9acdb34c04a536d1872dd7e85d	k__Bacteria; p__Cyanobacteria; c__Chloroplast; o__Chlorophyta; f__Chlamydomonadaceae	0.6
1b336c3cca2d13a2dd4bd1f13df7d0e8	Unassigned	0.0
8df12869a32c49e21558bffb03fee9c8	k__Bacteria; p__Fibrobacteres	0.6
1f4bf9299edc58447ab836931261e2f6	k__Bacteria; p__Bacteroidetes; c__[Saprospirae]; o__[Saprospirales]; f__Chitinophagaceae; g__; s__	1.0
bf0d584e7be6232d3944246303cc4e33	k__Bacteria; p__Proteobacteria; c__Betaproteobacteria; o__Burkholderiales; f__Comamonadaceae	1.0
9438c15bb7858c4f1c7453e28615a76f	k__Bacteria; p__Proteobacteria; c__Betaproteobacteria; o__Methylophilales; f__Methylophilaceae; g__; s__	0.9
80f4bf26645c43174a7dffcf233d43c7	k__Bacteria; p__Proteobacteria; c__Betaproteobacteria; o__Methylophilales; f__Methylophilaceae; g__; s__	0.6
699a09105940f0408652f53f43ba231c	k__Bacteria; p__TM6	0.7
07f6db63f1d131cacffc6d7cf6d8f7e7	k__Bacteria; p__Proteobacteria; c__Alphaproteobacteria; o__Sphingomonadales; f__Erythrobacteraceae; g__; s__	0.7
b593184f89d593fef467d75c50f0ca31	k__Bacteria; p__Bacteroidetes; c__Flavobacteriia; o__Flavobacteriales; f__Flavobacteriaceae; g__Flavobacterium; s__	1.0
172605e8c70c28eaa0215dca732e94a3	k__Bacteria; p__TM7; c__TM7-1; o__; f__; g__; s__	1.0
023ac69fbad9eca23aa5b99330171130	k__Bacteria; p__Proteobacteria; c__Gammaproteobacteria; o__Alteromonadales; f__OM60; g__; s__	0.8
87f8d13d21cb02a80009e84aec639857	k__Bacteria; p__Bacteroidetes; c__Cytophagia; o__Cytophagales; f__Flammeovirgaceae; g__; s__	0.7
09edfeb9bd48f1efc9887fc5db1b6145	k__Bacteria; p__Bacteroidetes; c__Flavobacteriia; o__Flavobacteriales; f__[Weeksellaceae]; g__Chryseobacterium; s__	1.0
3441c8b33b1086e9f16ba54c40cf8ad1	k__Bacteria; p__Actinobacteria; c__Thermoleophilia; o__Gaiellales; f__; g__; s__	1.0
56c7221594a62bcec1a57d5716eb7de1	k__Bacteria; p__Proteobacteria; c__Alphaproteobacteria; o__Rickettsiales; f__mitochondria; g__Vermamoeba; s__vermiformis	1.0
551dd0c85d7be22e0b586e8888780da5	k__Bacteria; p__Proteobacteria; c__Gammaproteobacteria; o__Pseudomonadales; f__Moraxellaceae; g__Acinetobacter; s__rhizosphaerae	1.0
ee2c2c8db6f442933d80ca32f7c05ac0	k__Bacteria; p__Proteobacteria; c__Deltaproteobacteria; o__Myxococcales; f__; g__; s__	0.8
d4ce96d1dd73490a0f51ccbc0ad12657	k__Bacteria; p__Proteobacteria; c__Gammaproteobacteria; o__Methylococcales; f__; g__; s__	0.7
4a6e06159fc69a156130df6cdd213ca9	k__Bacteria; p__Proteobacteria; c__Alphaproteobacteria; o__BD7-3; f__; g__; s__	1.0
6ddd4f793b4d2dc770f675f335c3c7c7	k__Bacteria; p__Bacteroidetes; c__Cytophagia; o__Cytophagales; f__Cytophagaceae; g__; s__	1.0
4cd031582e9e29c298ec6d92ea3447ad	k__Bacteria; p__Proteobacteria; c__Betaproteobacteria; o__Rhodocyclales; f__Rhodocyclaceae; g__Dechloromonas; s__	0.7
7ababc1daa0171ef852ee35524be6238	k__Bacteria; p__Proteobacteria; c__Alphaproteobacteria; o__Sphingomonadales; f__Sphingomonadaceae; g__; s__	0.7
ec381237a823a66bc0614cc231d86ee0	k__Bacteria; p__Cyanobacteria; c__Chloroplast; o__Chlorophyta; f__; g__; s__	1.0
c39f0b607a599b99e8ac8d1d223292c3	Unassigned	0.0
aa4dc478ad25e1f8f3576c44d387f0db	k__Bacteria; p__Verrucomicrobia; c__[Spartobacteria]; o__[Chthoniobacterales]; f__[Chthoniobacteraceae]; g__Candidatus Xiphinematobacter; s__	0.7
a1835e2bae17177a1522b9327dca9527	k__Bacteria; p__Actinobacteria; c__Acidimicrobiia; o__Acidimicrobiales; f__C111; g__; s__	1.0
6eba3707ee4f57e79c7035daa43944d9	k__Bacteria; p__OD1; c__ZB2; o__; f__; g__; s__	1.0
292e8e3d53a3b6d7572b9b637879c3fb	k__Bacteria; p__Bacteroidetes; c__[Saprospirae]; o__[Saprospirales]; f__Chitinophagaceae; g__; s__	0.8
b85316bfd69b3751e5ace1f52ee13dd1	k__Archaea; p__[Parvarchaeota]; c__[Parvarchaea]; o__WCHD3-30; f__; g__; s__	1.0
a7b59add439b29d22f08c17518a0e3c1	k__Bacteria; p__Proteobacteria; c__Deltaproteobacteria; o__Bdellovibrionales; f__Bdellovibrionaceae; g__Bdellovibrio; s__	1.0
754d1501fa7ba06161f55edeea579314	k__Bacteria; p__Firmicutes; c__Clostridia; o__Clostridiales; f__; g__; s__	1.0
6d2b79b177adbe1a8e5b102e33d30d18	k__Bacteria; p__Proteobacteria; c__Alphaproteobacteria; o__; f__; g__; s__	0.625
b1e65536e7ed3e72e2fcd6898721c125	k__Bacteria; p__Proteobacteria; c__Deltaproteobacteria; o__Bdellovibrionales; f__Bdellovibrionaceae; g__Bdellovibrio; s__	0.7
6eafebfa9351a8dd3610687fd6b226ea	k__Bacteria; p__Proteobacteria; c__Betaproteobacteria; o__Rhodocyclales; f__Rhodocyclaceae; g__Uliginosibacterium; s__	0.9
f9a7525d81efcf51567d73716d443cd2	k__Bacteria; p__Nitrospirae; c__Nitrospira; o__Nitrospirales; f__[Thermodesulfovibrionaceae]; g__LCP-6; s__	1.0
2abcef368b152fdf91a0c6ba4f9881d5	k__Bacteria; p__Planctomycetes; c__OM190; o__agg27; f__; g__; s__	1.0
76277bd53592133a58aa2cf36f07f52d	k__Bacteria; p__Proteobacteria; c__Gammaproteobacteria; o__Pseudomonadales; f__Moraxellaceae	0.9
3c48e10633a13a1bb53c36f0d7b0f78d	k__Bacteria; p__Verrucomicrobia; c__[Pedosphaerae]; o__[Pedosphaerales]; f__Ellin515; g__; s__	1.0
af0f5c478914ab04d155b0e59180eef3	k__Bacteria; p__Chlamydiae; c__Chlamydiia; o__Chlamydiales; f__Rhabdochlamydiaceae; g__Candidatus Rhabdochlamydia; s__	0.6
23dd2025192b4e860dceaf228773470e	k__Bacteria; p__Firmicutes; c__Clostridia; o__Clostridiales; f__Christensenellaceae; g__; s__	1.0
e108d80129dbab4a154e5a153953f637	k__Bacteria; p__Bacteroidetes; c__Flavobacteriia; o__Flavobacteriales; f__Cryomorphaceae; g__Fluviicola; s__	1.0
8f324030f87b685607b45a88137ada85	k__Bacteria; p__Firmicutes; c__Bacilli; o__Lactobacillales; f__Lactobacillaceae; g__Lactobacillus; s__	0.7
5c24019cb0482c1115416510540edddb	k__Bacteria; p__Proteobacteria; c__Betaproteobacteria; o__Burkholderiales; f__Comamonadaceae	1.0
b7d3d983aed22aec17da08add852c3fc	k__Bacteria; p__Firmicutes; c__Bacilli; o__Bacillales; f__[Exiguobacteraceae]; g__Exiguobacterium; s__	1.0
68c5597ebb8fa80bed7b6cb902c73fcb	k__Bacteria; p__Verrucomicrobia; c__Verrucomicrobiae; o__Verrucomicrobiales; f__Verrucomicrobiaceae; g__; s__	1.0
1c0ffe71190494c353549bd20da1fe70	k__Bacteria; p__Bacteroidetes; c__Cytophagia; o__Cytophagales; f__Cytophagaceae; g__Hymenobacter; s__	0.6
41b61c50b73bfeafca24c043f40d0075	k__Bacteria; p__Actinobacteria; c__Acidimicrobiia; o__Acidimicrobiales; f__C111; g__; s__	1.0
b09a2cbec9cdd00910566e2c59257989	k__Bacteria; p__Proteobacteria; c__Deltaproteobacteria	1.0
4f82afe923f2f32500ddbcfa0006f36d	k__Bacteria; p__Proteobacteria; c__Gammaproteobacteria; o__Methylococcales; f__Methylococcaceae; g__Methylomonas; s__	0.9
e12c5b57c402008afaa85eb33ad23d05	k__Bacteria; p__Proteobacteria; c__Alphaproteobacteria; o__Sphingomonadales; f__Sphingomonadaceae; g__Sphingomonas; s__wittichii	0.8
aeacf5c047a7bd6bcaa076b1c41fe3f4	k__Bacteria; p__Bacteroidetes; c__Flavobacteriia; o__Flavobacteriales; f__Cryomorphaceae; g__; s__	1.0
b024362dbd698afaf324e3b9bf88ed73	k__Bacteria; p__Cyanobacteria; c__Chloroplast; o__Cryptophyta; f__; g__; s__	1.0
4963bcbd1fc40828d2cc42a626a78d0c	k__Bacteria; p__Planctomycetes; c__Planctomycetia; o__Pirellulales; f__Pirellulaceae; g__; s__	1.0
29cd7a1b05b5a3b2b7b65411df106d44	k__Bacteria; p__Firmicutes; c__Erysipelotrichi; o__Erysipelotrichales; f__Erysipelotrichaceae	1.0
ba0648708cb077f3a0675ec8d6dd15b5	k__Bacteria; p__Planctomycetes; c__Planctomycetia; o__Planctomycetales; f__Planctomycetaceae; g__Planctomyces; s__	1.0
e8040ec216cc3ba48013bcdc889ce890	k__Bacteria	1.0
df265f16c410cc930147ddf6a7afacc8	k__Bacteria; p__Actinobacteria; c__Actinobacteria; o__Actinomycetales; f__; g__; s__	1.0
076799dfaa15b375a31ab7c0f6255748	k__Bacteria; p__Firmicutes; c__Bacilli; o__Bacillales; f__Staphylococcaceae; g__Staphylococcus; s__	0.8
2bf4ebe9b59ea37f6c7f8b5d2af8a247	k__Bacteria; p__Proteobacteria; c__Gammaproteobacteria; o__Legionellales; f__Coxiellaceae; g__; s__	0.7
a2143656cfe09fdadde50e710082ac30	k__Bacteria; p__Bacteroidetes; c__Cytophagia; o__Cytophagales; f__Cytophagaceae	0.7
a8934384293c8f44782765af7d66cd60	k__Bacteria; p__Proteobacteria; c__Gammaproteobacteria; o__Thiotrichales; f__Thiotrichaceae; g__; s__	1.0
236033fa5533d508e7a6f0cfac033e16	k__Bacteria; p__Proteobacteria; c__Deltaproteobacteria; o__Spirobacillales; f__; g__; s__	1.0
3b352b995991dea823b2663e62a60761	k__Bacteria; p__Proteobacteria; c__Alphaproteobacteria; o__Rickettsiales; f__; g__; s__	0.8
85c77259b4ca624ce22325fe7c2235d2	k__Bacteria; p__Proteobacteria; c__Alphaproteobacteria; o__Rickettsiales; f__; g__; s__	1.0
e0ba42fcd87900969e6e1505887cc8ed	k__Bacteria; p__Cyanobacteria; c__4C0d-2	1.0
5f49b3f06f306b1ecc4b38cb96cedfce	k__Bacteria; p__Proteobacteria; c__Alphaproteobacteria; o__Sphingomonadales; f__Sphingomonadaceae; g__; s__	0.9
b2c75b5c2a2efd545c7f7a2793d4283f	k__Bacteria; p__Planctomycetes; c__Planctomycetia; o__Pirellulales; f__Pirellulaceae; g__; s__	1.0
4036b3fb28d5b281a151bd0bfb4eb688	k__Bacteria; p__Proteobacteria; c__Alphaproteobacteria; o__Rhodospirillales; f__Rhodospirillaceae; g__Azospirillum; s__	1.0
d34c59cbdd4eecd0b637f3c9c532afa7	k__Bacteria; p__Proteobacteria; c__Betaproteobacteria; o__; f__; g__; s__	1.0
1e85fb76c272b57949aac47796d7cd8e	k__Bacteria; p__Gemmatimonadetes; c__Gemmatimonadetes; o__Gemmatimonadales; f__A1-B1; g__; s__	0.8
bcaea5a24b8aec25e556eeb0d5e7e40b	k__Bacteria; p__OD1; c__ABY1; o__; f__; g__; s__	0.8888888888888888
9572c5bbcfa9f2d7eebc0cb4b0003469	k__Bacteria; p__OD1; c__; o__; f__; g__; s__	1.0
fbbb3586ce4ea87c44739c274298f30f	k__Bacteria; p__Actinobacteria; c__Acidimicrobiia; o__Acidimicrobiales; f__JdFBGBact; g__; s__	1.0
966dfdd3eb58cf84e62e99f97fcbbb50	Unassigned	0.0
1c29434675e73f6b68d690544a968a85	k__Bacteria; p__Proteobacteria; c__Betaproteobacteria; o__Burkholderiales; f__Oxalobacteraceae; g__; s__	0.8
6148c2297f9986c46be6043a77905157	k__Bacteria; p__Gemmatimonadetes; c__Gemmatimonadetes	1.0
b15cb62131201e15485ad291d08ef735	k__Bacteria; p__Planctomycetes; c__Planctomycetia; o__Gemmatales; f__Gemmataceae; g__; s__	1.0
02041bb2ce1645dba02f663c5e5affeb	Unassigned	0.0
15e5015900c1374262da1688dfcf873f	k__Bacteria; p__Bacteroidetes; c__Bacteroidia; o__Bacteroidales; f__Porphyromonadaceae; g__Parabacteroides	1.0
5e8cd408ff93b0968b8a348bdb4cecf2	k__Bacteria; p__Proteobacteria; c__Betaproteobacteria; o__Rhodocyclales; f__Rhodocyclaceae	0.6
ef67e072dc1fb5ae86e5fa2f3652b5d5	k__Archaea; p__[Parvarchaeota]; c__[Parvarchaea]; o__WCHD3-30; f__; g__; s__	1.0
1601f222962f5dcd415754cf87b29f71	k__Archaea; p__[Parvarchaeota]; c__[Parvarchaea]; o__WCHD3-30; f__; g__; s__	1.0
079841752684d4f16aefd4e7c91b585a	k__Bacteria; p__Bacteroidetes; c__[Saprospirae]; o__[Saprospirales]; f__Chitinophagaceae; g__; s__	1.0
546493ff1725dcece9c176aa49a82e13	k__Bacteria; p__Actinobacteria; c__Actinobacteria; o__Actinomycetales	1.0
77c0c776ba8edc52d326925fd546b68a	k__Bacteria; p__Bacteroidetes; c__Bacteroidia; o__Bacteroidales; f__Bacteroidaceae; g__Bacteroides; s__	0.7
410d39a07846f02950511f23a2fc3c0c	k__Bacteria; p__Bacteroidetes; c__Cytophagia; o__Cytophagales; f__Flammeovirgaceae	0.7
0cf38256ab8c80c67cba9eef6d58cde5	k__Bacteria; p__Proteobacteria; c__Gammaproteobacteria; o__Enterobacteriales; f__Enterobacteriaceae; g__Providencia; s__	0.8
841b62b3c5ed9bddb8b27fa45e61f6aa	k__Bacteria; p__Bacteroidetes; c__[Saprospirae]; o__[Saprospirales]; f__; g__; s__	1.0
60dc1151df043dff488d34cf992968ee	k__Bacteria; p__Proteobacteria; c__Deltaproteobacteria; o__Myxococcales; f__OM27; g__; s__	1.0
67c0d59fe51318c0c5a6c3d0a7d8bcbd	k__Bacteria; p__Gemmatimonadetes; c__Gemmatimonadetes; o__Gemmatimonadales; f__Gemmatimonadaceae; g__Gemmatimonas; s__	1.0
a6df04528d21c17d992cd4ba66b29386	k__Bacteria; p__TM7	1.0
489a3f2879e1e369d27a13127643145c	k__Bacteria; p__Actinobacteria; c__Actinobacteria; o__Actinomycetales; f__Mycobacteriaceae; g__Mycobacterium; s__	1.0
3a8206f1cd567b340979f3936117ee38	k__Bacteria; p__Proteobacteria; c__Deltaproteobacteria; o__Myxococcales; f__Myxococcaceae; g__Anaeromyxobacter; s__	1.0
a1f9bf0580e2c3a0a9c2fc6de5393fba	k__Bacteria; p__Proteobacteria; c__Gammaproteobacteria; o__Alteromonadales; f__Alteromonadaceae; g__Cellvibrio; s__	1.0
8a7d04519eb65559bc1edd00c5d26b8d	k__Bacteria; p__Bacteroidetes; c__[Saprospirae]; o__[Saprospirales]; f__Saprospiraceae; g__; s__	1.0
58b092f4a62ed736d20a2b5cd00b24e9	k__Bacteria; p__Bacteroidetes; c__[Saprospirae]; o__[Saprospirales]; f__Chitinophagaceae; g__; s__	0.6
2d7439b0721c9a146d891e117a416870	k__Bacteria; p__Proteobacteria; c__Alphaproteobacteria; o__Rickettsiales; f__mitochondria; g__Cyanophora; s__paradoxa	1.0
ce6eca718fe46deb55b256823d1d01a8	k__Bacteria	1.0
9ccefa45259badc3ab94ffc8699fbca5	k__Bacteria; p__Acidobacteria; c__Acidobacteria-6; o__iii1-15; f__; g__; s__	1.0
c35f141fb8c56ce4cfd0f432266484d3	k__Bacteria; p__Proteobacteria; c__Gammaproteobacteria; o__Pseudomonadales; f__Pseudomonadaceae; g__Pseudomonas; s__	0.6
12aa38a2dc699421defb19a1e1d5b01e	k__Bacteria; p__Verrucomicrobia; c__[Pedosphaerae]; o__[Pedosphaerales]; f__R4-41B; g__; s__	0.6
e6db11074d3ab2360996888b2e0c02ac	k__Bacteria; p__Cyanobacteria; c__Synechococcophycideae; o__Pseudanabaenales; f__Pseudanabaenaceae; g__Leptolyngbya; s__	1.0
c238ed870f0d5ef9a2742700a2d2463a	k__Bacteria; p__Proteobacteria; c__Betaproteobacteria; o__Rhodocyclales; f__Rhodocyclaceae; g__; s__	1.0
68a3cd07180c070b2b818c61c179c8ba	k__Bacteria; p__Proteobacteria; c__Gammaproteobacteria; o__Legionellales; f__Legionellaceae; g__Legionella; s__	0.9
14ba8eb591ae47f36fd3feb45a83051f	k__Bacteria; p__Proteobacteria; c__Alphaproteobacteria; o__Rhodobacterales; f__Rhodobacteraceae; g__; s__	0.7
d3b71621203d0442f52b9eb2ff0329a1	k__Bacteria; p__Chlamydiae; c__Chlamydiia; o__Chlamydiales; f__Rhabdochlamydiaceae; g__Candidatus Rhabdochlamydia; s__	0.6
94da2e8f0535bd40d07b9d9d99e10690	k__Bacteria; p__Bacteroidetes; c__Flavobacteriia; o__Flavobacteriales; f__[Weeksellaceae]; g__Chryseobacterium; s__	1.0
5d88256f1b864d2965ffd201c7976b1c	k__Bacteria; p__Cyanobacteria	0.8
685230adc0ce8244dbae43fa4198dc4d	k__Bacteria; p__OD1; c__ZB2; o__; f__; g__; s__	1.0
7403cbcdbe70470c4685f0003988807c	k__Bacteria; p__Proteobacteria; c__Betaproteobacteria; o__Neisseriales; f__Neisseriaceae; g__Chromobacterium; s__	0.9
da57156d0b63b9cb196a40655aba622f	Unassigned	0.0
0d77e8cc5748243fe2ccd3413c535af8	Unassigned	0.0
b688ce9888a301852b67b46efeedf2c7	k__Bacteria; p__Actinobacteria; c__Acidimicrobiia; o__Acidimicrobiales; f__; g__; s__	0.9
500a8d956f903b0ee8ac83fd9855d196	k__Bacteria; p__OD1; c__ZB2; o__; f__; g__; s__	1.0
3ad95d810426c659e2fbabca2f0186f4	k__Bacteria; p__Verrucomicrobia; c__[Spartobacteria]; o__[Chthoniobacterales]; f__[Chthoniobacteraceae]; g__Candidatus Xiphinematobacter; s__	0.9
1213bb9a1811735f22eab998bfbfff41	k__Bacteria; p__Chlamydiae; c__Chlamydiia; o__Chlamydiales	0.8
fc5a8d9da485a4d96af053d79da4eaf4	k__Bacteria; p__Bacteroidetes; c__Bacteroidia; o__Bacteroidales; f__; g__; s__	1.0
1811db177edfe82491852db6939abe44	k__Bacteria; p__Bacteroidetes; c__[Saprospirae]; o__[Saprospirales]; f__Chitinophagaceae; g__Sediminibacterium; s__	1.0
75ad419812856f186ea3eed6c759bfa2	k__Bacteria; p__Proteobacteria; c__Deltaproteobacteria; o__Myxococcales; f__OM27; g__; s__	1.0
fdc564534fc6d46293f0008ae184213a	k__Bacteria; p__Actinobacteria; c__Actinobacteria; o__Actinomycetales; f__Microbacteriaceae; g__; s__	0.6
5d070a00ee92475fca9dd21b6514e368	k__Bacteria; p__Lentisphaerae; c__[Lentisphaeria]; o__Victivallales; f__Victivallaceae; g__; s__	1.0
2914104023605978fc08563a97ef1bdd	k__Bacteria; p__OP8; c__OP8_1; o__SHA-124; f__; g__; s__	1.0
0c45c24f36a4494f0e0574571c7669ab	k__Bacteria; p__Cyanobacteria; c__4C0d-2; o__MLE1-12; f__; g__; s__	1.0
aa4693892aaa31340ccd5c99fcbce7b9	k__Bacteria; p__Proteobacteria; c__Gammaproteobacteria; o__Xanthomonadales; f__Xanthomonadaceae; g__; s__	1.0
fe13e62015a95a68a1164046f9371980	k__Bacteria	1.0
838d1ed7e4109def9bfb7cc64e259114	k__Bacteria; p__Bacteroidetes; c__Sphingobacteriia; o__Sphingobacteriales; f__; g__; s__	0.9
e83e0252c010765dac1dbbbad7805987	k__Bacteria; p__Verrucomicrobia; c__Verrucomicrobiae; o__Verrucomicrobiales; f__Verrucomicrobiaceae; g__Luteolibacter; s__	1.0
8954b0e7f1ce107f2007c7902984ea1d	k__Bacteria; p__Proteobacteria	1.0
2c57c3d5b051bb094d61726764dc36fc	k__Bacteria; p__Cyanobacteria; c__4C0d-2; o__SM1D11; f__; g__; s__	0.7
70dbd8e363e963f6223b2aaa7a9b7d2e	k__Bacteria; p__Bacteroidetes; c__Bacteroidia; o__Bacteroidales; f__Bacteroidaceae	0.9
5c63b219471c6b72dec7a778f355bd49	k__Bacteria; p__OP3; c__koll11; o__GIF10; f__; g__; s__	1.0
e0cfd0552bb4904ed5a14d0a5e13d0ea	k__Bacteria; p__Proteobacteria; c__Betaproteobacteria; o__Burkholderiales; f__Comamonadaceae; g__; s__	0.9
6716650a0558c0ccce6dec4eebd731a2	k__Bacteria; p__Firmicutes; c__Clostridia; o__Clostridiales; f__; g__; s__	1.0
3fba2b7344a1208fab3d90a01eed9650	k__Bacteria; p__Proteobacteria; c__Alphaproteobacteria; o__Rhizobiales; f__Methylocystaceae; g__Methylosinus; s__	0.8
334ebd8492e3cdaab4cfb1ed2ce3fe16	k__Bacteria; p__Proteobacteria; c__Alphaproteobacteria; o__Rhodobacterales; f__Hyphomonadaceae; g__; s__	0.7
aa37a92de428f470ad3f0ca092844a9f	k__Bacteria; p__Actinobacteria; c__Actinobacteria; o__Actinomycetales; f__ACK-M1; g__; s__	1.0
15169ed33f9d6158ccbbf4fc6be14cb6	k__Archaea; p__[Parvarchaeota]; c__[Parvarchaea]; o__WCHD3-30; f__; g__; s__	1.0
5a44f74a73dd73833e2c956cfb104dfc	k__Bacteria; p__Proteobacteria; c__Betaproteobacteria; o__; f__; g__; s__	0.9
30724cbda65dbf437d3959dbaaf0e4ec	k__Bacteria; p__Cyanobacteria; c__Chloroplast; o__Stramenopiles; f__; g__; s__	1.0
852c411ddc7d4281abd823933d99dc52	k__Bacteria; p__Proteobacteria; c__TA18; o__CV90; f__; g__; s__	1.0
0601dc6a59d1e5e155f799bb0c59b71f	k__Archaea; p__Euryarchaeota; c__Methanomicrobia; o__Methanosarcinales; f__Methanosaetaceae; g__Methanosaeta; s__	1.0
948f5c1af4296757430b280791a27799	k__Bacteria; p__Spirochaetes; c__Spirochaetes; o__Spirochaetales; f__Spirochaetaceae; g__Treponema; s__	1.0
34b3d95c6673c9cb74a391b3d9a2a0fd	k__Bacteria; p__Bacteroidetes; c__Sphingobacteriia; o__Sphingobacteriales; f__; g__; s__	0.8
9578e0d2035294562ef140fa897bd79d	k__Bacteria; p__Proteobacteria; c__Deltaproteobacteria; o__Spirobacillales; f__; g__; s__	1.0
ab59e72ef544dfc598fac81427d1d94b	k__Bacteria; p__Proteobacteria; c__Deltaproteobacteria; o__Spirobacillales; f__; g__; s__	1.0
626c90ea5b47e682b62f4d1d7b7f7314	k__Bacteria; p__Armatimonadetes; c__Armatimonadia; o__Armatimonadales; f__Armatimonadaceae	1.0
cd37624f2cf37dd4e907f5e95793d112	k__Bacteria; p__Actinobacteria; c__Actinobacteria; o__Actinomycetales; f__Cellulomonadaceae; g__Cellulomonas; s__	1.0
7f23772a7779d290ae300129ac2c2dec	k__Bacteria; p__OD1; c__; o__; f__; g__; s__	1.0
8c094a27e097c2eb33df4a57d7850f8c	Unassigned	0.0
e76bbe3fb5932027d9847745044b2be9	k__Bacteria; p__TM6; c__SJA-4; o__; f__; g__; s__	1.0
7d43d802320b758d7550e890c1b80be3	k__Bacteria; p__Proteobacteria; c__Deltaproteobacteria; o__Desulfovibrionales; f__Desulfovibrionaceae; g__Desulfovibrio; s__mexicanus	1.0
b20540fd5d01226f27ba780a2014d152	k__Bacteria; p__Proteobacteria; c__Gammaproteobacteria; o__Methylococcales	0.9
9ce998b4679c8fffb3c56180467bf717	k__Bacteria; p__Bacteroidetes; c__[Saprospirae]; o__[Saprospirales]; f__Saprospiraceae; g__; s__	0.9
b2dd1b459fffceb60ea1fcf5f0149289	k__Bacteria; p__Cyanobacteria; c__4C0d-2; o__MLE1-12; f__; g__; s__	1.0
6f63a5857cec53b12d4e29b8cc58da2a	k__Bacteria; p__Bacteroidetes; c__Sphingobacteriia; o__Sphingobacteriales; f__; g__; s__	0.7
9f554df571aaef9e8c4a5e24faa3ceb7	k__Bacteria; p__Actinobacteria; c__Thermoleophilia; o__Gaiellales; f__; g__; s__	0.9
b43cb7fb01e276cb10b5923c92462b2f	k__Bacteria; p__Acidobacteria; c__Holophagae; o__Holophagales; f__Holophagaceae; g__; s__	1.0
b8a6dc59e738d36c4f0547c5b90bd34e	k__Bacteria; p__Proteobacteria; c__Alphaproteobacteria; o__; f__; g__; s__	1.0
5373bf3c996ce656490cc56a6be6d13b	k__Bacteria; p__Bacteroidetes; c__Bacteroidia; o__Bacteroidales; f__Bacteroidaceae	0.9
23d6bc24383cb4afe22fbf54a2493d65	k__Bacteria; p__Proteobacteria; c__Alphaproteobacteria; o__Rhizobiales; f__Rhizobiaceae; g__Rhizobium; s__	0.9
fa4d50ffb1ab62d0cf2fc05491fc06e0	k__Bacteria; p__Proteobacteria; c__Alphaproteobacteria; o__Rhizobiales	1.0
7c9a57e91b954a8f897cf467098b2593	k__Bacteria; p__Proteobacteria; c__Alphaproteobacteria	1.0
a9515c2883a1b58b3aaf763a72274a0d	k__Bacteria; p__Proteobacteria; c__Betaproteobacteria; o__Burkholderiales; f__Comamonadaceae; g__Methylibium	0.6
f27acc972e1ae9c3776580e34e730848	k__Bacteria; p__Actinobacteria; c__Acidimicrobiia; o__Acidimicrobiales; f__C111; g__; s__	1.0
ec596dd86b1bbbbac8050bc8666bbf78	k__Bacteria; p__Gemmatimonadetes; c__Gemmatimonadetes; o__Gemmatimonadales; f__A1-B1; g__; s__	0.8
ca825361ee7f038aee699f0305eba9ac	k__Bacteria; p__Tenericutes; c__Mollicutes; o__RF39; f__; g__; s__	1.0
3b40406d5be746bd0af62d7d9d7e85a9	k__Bacteria; p__Proteobacteria; c__Deltaproteobacteria; o__Spirobacillales; f__; g__; s__	1.0
ce56aa18e07fc54b558a06c88a718d36	k__Bacteria; p__Proteobacteria; c__Alphaproteobacteria; o__Rickettsiales; f__; g__; s__	1.0
484c6db17ce8e18a4a05fda7f8213399	k__Bacteria; p__Proteobacteria; c__Alphaproteobacteria; o__Rickettsiales; f__; g__; s__	0.7
5391a9b3d3f6660f80ad23c895746ea5	k__Bacteria; p__Planctomycetes; c__Planctomycetia; o__Pirellulales; f__Pirellulaceae; g__; s__	1.0
f51d307f2da8a238d5dfb5205e3ee904	k__Bacteria; p__Proteobacteria; c__Gammaproteobacteria; o__Legionellales; f__Legionellaceae; g__; s__	0.8
3334d507283dc400c77e365168fb391b	k__Bacteria; p__Proteobacteria; c__Gammaproteobacteria; o__Methylococcales; f__Crenotrichaceae; g__Crenothrix; s__	0.7
eadc12fdc161eac0db6f889f699423e1	k__Bacteria; p__Proteobacteria; c__Betaproteobacteria; o__Burkholderiales; f__Comamonadaceae; g__; s__	0.6
9a7f47acd0b4858b933682904b6a4d14	k__Bacteria; p__Verrucomicrobia; c__Verrucomicrobiae; o__Verrucomicrobiales; f__Verrucomicrobiaceae; g__; s__	0.8
854c2244928892673a7b5f90db9dc489	k__Bacteria; p__Proteobacteria; c__Betaproteobacteria	1.0
2de5cac780545343ba71c3a93c8be804	k__Bacteria; p__Chloroflexi; c__Anaerolineae; o__A31; f__; g__; s__	1.0
66f8605cc9afe67d2d7cdd5bc5547759	k__Bacteria; p__Proteobacteria; c__Alphaproteobacteria; o__Rickettsiales; f__; g__; s__	1.0
30995c5ae82a82eca93424d507deacb5	k__Bacteria; p__Proteobacteria; c__Alphaproteobacteria; o__; f__; g__; s__	1.0
26dff9529a3201bad48ce7fb49d680a3	k__Bacteria; p__Bacteroidetes; c__Flavobacteriia; o__Flavobacteriales; f__Cryomorphaceae; g__Fluviicola; s__	1.0
0c42511391714744943d58dc6a2c5ab8	k__Bacteria; p__Proteobacteria; c__Alphaproteobacteria; o__Rhodobacterales; f__Rhodobacteraceae	1.0
65a332794e5d1ffb5fb38acea1aa7199	k__Bacteria; p__Proteobacteria; c__Deltaproteobacteria; o__Bdellovibrionales; f__Bdellovibrionaceae; g__; s__	1.0
323440d18d575374570f8357e70c2192	k__Bacteria; p__TM6	1.0
76687c4f578492c550827b7d5295ce3c	k__Bacteria; p__Proteobacteria; c__Betaproteobacteria; o__SC-I-84; f__; g__; s__	0.9
14638bdd300a752ee14647f238d0b24d	k__Bacteria; p__WPS-2; c__; o__; f__; g__; s__	1.0
99b0cc729093f010cc6f438c46daa870	k__Bacteria; p__Proteobacteria; c__Alphaproteobacteria; o__Sphingomonadales; f__Sphingomonadaceae; g__Novosphingobium; s__	0.8
7e05060e931ca63ebfc1a8b970904b3a	k__Bacteria; p__Proteobacteria; c__Alphaproteobacteria; o__Rhodobacterales; f__Rhodobacteraceae; g__; s__	0.8
74889a40ea0a4158314876c247e742d7	k__Bacteria; p__Proteobacteria; c__Gammaproteobacteria; o__Methylococcales; f__Methylococcaceae	1.0
d70f8cc7a14cfdebcd8651462e42d3e9	k__Bacteria; p__Bacteroidetes; c__Cytophagia; o__Cytophagales; f__Cytophagaceae; g__; s__	1.0
2c3e106ffcd470e7ec67ec3227cb7dc4	k__Bacteria	1.0
082b06ed437b4ac48ec48675cb6b87eb	k__Bacteria; p__Bacteroidetes; c__[Saprospirae]; o__[Saprospirales]; f__Chitinophagaceae	0.6
0fe707dcbad4f7903cc6840908a13204	k__Bacteria; p__Actinobacteria; c__Thermoleophilia; o__Solirubrobacterales; f__Patulibacteraceae; g__; s__	1.0
f265df4f8dda8cc99fe717fb7d8b586c	k__Bacteria; p__Actinobacteria; c__Actinobacteria; o__Actinomycetales; f__; g__; s__	0.9
fcfc93aeba165d928a386bacca9e63b0	k__Bacteria; p__Bacteroidetes; c__Cytophagia; o__Cytophagales; f__Cytophagaceae; g__Emticicia; s__	1.0
972da39fc02bc5ba99ec75c563414eeb	k__Bacteria; p__Proteobacteria; c__Betaproteobacteria	1.0
cccd3acde23dec329c4485f28e3da1e5	k__Bacteria; p__Planctomycetes; c__Planctomycetia; o__Planctomycetales; f__Planctomycetaceae; g__Planctomyces; s__	1.0
d5be5839e443200c469900fd4418d98f	k__Bacteria; p__Proteobacteria; c__Alphaproteobacteria; o__Rhizobiales; f__Hyphomicrobiaceae; g__Devosia; s__	1.0
a213a4caa2bf67e05a3bf46ab3a5bec5	k__Bacteria	1.0
c1d6dcc46ef111823f448ddbd35bd621	k__Bacteria; p__TM6	1.0
0af048909996903884f9603884c8be36	k__Bacteria; p__Proteobacteria; c__Gammaproteobacteria; o__Pseudomonadales; f__Pseudomonadaceae; g__Pseudomonas; s__	1.0
d489edabb82f072fe13317d6ea0338a5	k__Bacteria; p__Proteobacteria; c__Betaproteobacteria; o__SC-I-84; f__; g__; s__	0.7
6932c8597eb0d245acfc508d76002799	k__Bacteria; p__Bacteroidetes; c__Cytophagia; o__Cytophagales; f__Cytophagaceae; g__; s__	0.7
1c87b669bcdbdbb056d59d295eadc56a	k__Bacteria; p__Actinobacteria; c__Actinobacteria; o__Actinomycetales; f__ACK-M1; g__; s__	1.0
9ee1c8e8a50c398f168ea9ac08663486	k__Bacteria; p__Proteobacteria; c__Gammaproteobacteria; o__Chromatiales; f__Ectothiorhodospiraceae; g__Ectothiorhodospira; s__	1.0
5c72561fe0c3e90295b0a801d4a4756f	k__Bacteria; p__Cyanobacteria; c__Chloroplast; o__Streptophyta; f__; g__; s__	1.0
e7acfa3a35836e3a8869d9fe3484393a	k__Bacteria; p__Bacteroidetes; c__Sphingobacteriia; o__Sphingobacteriales; f__; g__; s__	0.8
c44124d7ff421715ea195ce325dd61f8	k__Bacteria; p__Cyanobacteria; c__Chloroplast; o__Streptophyta; f__; g__; s__	1.0
5d2fb58c38bd763c53fcb65411e4ce64	k__Bacteria; p__Proteobacteria; c__Deltaproteobacteria; o__Bdellovibrionales; f__Bacteriovoracaceae; g__; s__	0.9
da2fba1f0870e774138d17c61a9d2742	k__Bacteria; p__Actinobacteria; c__Acidimicrobiia; o__Acidimicrobiales; f__; g__; s__	0.8
2750b0fe9efd54bd6c2ebd1c6498e150	k__Bacteria; p__Proteobacteria; c__Alphaproteobacteria	1.0
835edbb1500d2b60d84102d377ac916d	k__Bacteria; p__Proteobacteria; c__Deltaproteobacteria; o__Myxococcales; f__; g__; s__	1.0
5905b47122ea85761eb98dbc8dfda3b8	k__Bacteria; p__Verrucomicrobia; c__Verruco-5; o__WCHB1-41; f__; g__; s__	0.9
9784bc4f45c780cbebaea3c0893e208a	k__Bacteria; p__Proteobacteria; c__Alphaproteobacteria; o__; f__; g__; s__	0.6
ac0027f338cdcedfec9810c14dcd0622	Unassigned	0.0
4c014d19a47f5c5c5dbc0e24f9c2d2b4	k__Bacteria; p__Proteobacteria; c__Gammaproteobacteria; o__Xanthomonadales; f__Xanthomonadaceae; g__Lysobacter; s__	0.6
fab284df6e6a65d5621c65370e7ac70e	k__Bacteria; p__Proteobacteria; c__TA18; o__PHOS-HD29; f__; g__; s__	1.0
679b50827d4a2d10f472deb5d6e68763	k__Bacteria; p__Proteobacteria; c__Alphaproteobacteria	1.0
58dee6f965808d495a565569101b39c3	k__Bacteria; p__Proteobacteria; c__Alphaproteobacteria; o__; f__; g__; s__	0.9
84081c4cf462c9f987b07001b96112a3	k__Bacteria; p__Verrucomicrobia; c__[Pedosphaerae]; o__[Pedosphaerales]; f__R4-41B; g__; s__	0.7
c0e7a4228f16cfd706b584546106a96d	k__Bacteria; p__Proteobacteria; c__Alphaproteobacteria; o__Rhizobiales; f__Rhizobiaceae; g__Rhizobium	0.7
62c3ebaf6009dc0f8576bc4762cc016a	k__Bacteria; p__Bacteroidetes; c__Flavobacteriia; o__Flavobacteriales; f__Cryomorphaceae; g__Fluviicola; s__	1.0
98a9eadf7e13fdc32ff4faa2fe3a8b74	k__Bacteria; p__Spirochaetes; c__[Leptospirae]; o__[Leptospirales]; f__Leptospiraceae; g__Leptospira; s__	1.0
100a186968c0161845f6f53dc35bdb7e	k__Bacteria; p__Proteobacteria; c__Alphaproteobacteria; o__Rhodobacterales; f__Hyphomonadaceae; g__; s__	0.9
dfb108559033b4b4ae2e547d29b2dcdd	k__Bacteria; p__Verrucomicrobia; c__Verrucomicrobiae; o__Verrucomicrobiales; f__Verrucomicrobiaceae; g__; s__	1.0
25f7c9a42690e2b23b9f45455b04461d	k__Bacteria; p__Proteobacteria; c__Gammaproteobacteria; o__Methylococcales; f__Methylococcaceae; g__Methylomonas; s__	0.6
d123bc66a9ac4a6071f531a943ab079c	k__Bacteria	1.0
ef06c782c9197904bc50efabae1feaee	k__Bacteria; p__Proteobacteria; c__Deltaproteobacteria; o__Desulfobacterales; f__Desulfobacteraceae; g__Desulfococcus; s__	1.0
4218c21a0f44fdbac9506ebc59c851d2	Unassigned	0.0
533aa1bb1a05fb186f9c2c5b5e04e064	k__Bacteria; p__Proteobacteria; c__Deltaproteobacteria; o__Spirobacillales; f__; g__; s__	1.0
7e40269c8a88d4beb1b50aac8eb2f565	k__Bacteria; p__Chlorobi; c__BSV26; o__PK329; f__; g__; s__	1.0
b5ac11632cc802dba8cb7ed4aae4c486	k__Bacteria; p__Proteobacteria; c__Gammaproteobacteria; o__Xanthomonadales; f__Xanthomonadaceae; g__Lysobacter; s__	1.0
efe8b11f8be52d6f9a3802901cb1f430	k__Bacteria; p__Proteobacteria; c__Alphaproteobacteria; o__Rickettsiales; f__; g__; s__	1.0
9f03894aa21b649c3d76b2af61f9314d	k__Bacteria; p__Cyanobacteria; c__Chloroplast; o__Streptophyta; f__; g__; s__	1.0
fd460cace4ee2744f54434ab401e3e3c	k__Bacteria; p__Firmicutes; c__Clostridia; o__Clostridiales; f__Clostridiaceae; g__Clostridium; s__perfringens	0.7
827134932c541219154315c2cc322f75	k__Bacteria; p__Bacteroidetes; c__Flavobacteriia; o__Flavobacteriales; f__Flavobacteriaceae; g__Flavobacterium; s__	1.0
bcdbc49c45a94bbee742f431907baa30	k__Bacteria; p__Proteobacteria; c__Deltaproteobacteria; o__Bdellovibrionales; f__Bdellovibrionaceae; g__Bdellovibrio; s__	0.8
e5872317c2f4a3c8c955ee658b4ed8cd	k__Bacteria; p__Verrucomicrobia; c__Opitutae; o__[Cerasicoccales]; f__[Cerasicoccaceae]; g__; s__	1.0
e04e8a553985a4e718772b93e7361db1	k__Bacteria; p__OD1; c__; o__; f__; g__; s__	1.0
d4aff442156ff2634cfc76a8d3f8a9dd	k__Bacteria; p__Proteobacteria; c__Deltaproteobacteria	1.0
f1400022cd1a3c45a282ea84b033261e	k__Bacteria; p__Proteobacteria; c__Deltaproteobacteria; o__Myxococcales; f__OM27; g__; s__	1.0
0553c0b647774112820f50ad70de9a8a	k__Bacteria; p__Proteobacteria; c__Gammaproteobacteria; o__Xanthomonadales; f__Sinobacteraceae; g__; s__	1.0
370143d240f6302ad64018adcc6fa195	k__Bacteria; p__Proteobacteria; c__Gammaproteobacteria; o__Pseudomonadales; f__Pseudomonadaceae	0.8
61a658c3f485cda12ed445ee09225370	k__Bacteria; p__Firmicutes; c__Clostridia; o__Clostridiales; f__Clostridiaceae; g__; s__	0.9
fc5b79433a50b7c8b37738297c2e452e	k__Bacteria; p__Tenericutes; c__Mollicutes; o__; f__; g__; s__	1.0
0f8d043318da2b2cfa18f28342abe88d	k__Bacteria; p__Verrucomicrobia; c__[Pedosphaerae]; o__[Pedosphaerales]	0.7
7034c96e8abcd01d0575379d6165af9a	k__Bacteria; p__Chlamydiae; c__Chlamydiia; o__Chlamydiales; f__Rhabdochlamydiaceae; g__Candidatus Rhabdochlamydia; s__	0.7
96344e4e4d52e5cf262e77dab9a20bdd	k__Bacteria; p__Proteobacteria; c__Alphaproteobacteria; o__Rhodospirillales; f__Rhodospirillaceae; g__; s__	1.0
77abb8af555643b62432aa73393e6550	k__Bacteria; p__Proteobacteria; c__Alphaproteobacteria	1.0
7462aa3fce35b7b52ecc1cc9c9073400	k__Bacteria; p__Firmicutes; c__Clostridia; o__Clostridiales; f__; g__; s__	1.0
f5954b85cc4bdc17fcb3237c37b6fcb8	Unassigned	0.0
030779dacd1711d5ecf7be3b1e884a21	k__Bacteria; p__Proteobacteria; c__Betaproteobacteria; o__Burkholderiales; f__Comamonadaceae	0.8
1a82dcbe687d576d7d54836f238a24c0	k__Bacteria; p__Bacteroidetes; c__Cytophagia; o__Cytophagales; f__Cytophagaceae; g__; s__	1.0
7e0fbcc0ea4393cd33c8e7d185a6883d	k__Bacteria; p__Planctomycetes; c__Planctomycetia; o__Pirellulales; f__Pirellulaceae; g__; s__	0.6
15950acfa40646aaec77964b1fe23bd8	k__Bacteria; p__Firmicutes; c__Clostridia; o__Clostridiales; f__; g__; s__	1.0
4c9a62c5b193be4534c64917dfd08385	k__Bacteria; p__GN02; c__BD1-5; o__; f__; g__; s__	1.0
8662699fa47a32b82481e22dd729d1a1	k__Bacteria; p__Verrucomicrobia; c__Verrucomicrobiae; o__Verrucomicrobiales; f__Verrucomicrobiaceae; g__Prosthecobacter; s__	0.8
ba69fd1e7cc2d0536d19ebaa093ed525	k__Bacteria; p__Proteobacteria; c__Gammaproteobacteria; o__Legionellales; f__Legionellaceae; g__Legionella	0.8
4bddfc0df919d8298e2223e60c0606cd	k__Bacteria; p__Proteobacteria; c__Alphaproteobacteria; o__Rhizobiales; f__Phyllobacteriaceae	0.9
98c5cdb8e5ff323715d2f5bd8b4e0679	k__Bacteria; p__Firmicutes; c__Bacilli; o__Bacillales; f__Paenibacillaceae; g__Paenibacillus; s__	0.9
dea895f6819a68728c34ce879379043e	k__Bacteria; p__Actinobacteria; c__Actinobacteria; o__Actinomycetales; f__; g__; s__	1.0
900f67657ac52eef65c534a5324b84ec	k__Bacteria; p__Planctomycetes; c__Phycisphaerae; o__Phycisphaerales; f__; g__; s__	1.0
f58a530c65f90707d2e4205a7acc3e1d	k__Bacteria; p__Proteobacteria; c__Gammaproteobacteria; o__Legionellales; f__Legionellaceae	1.0
a7f2268ab75a641ece9240792eada132	k__Bacteria; p__Planctomycetes; c__Planctomycetia; o__B97; f__; g__; s__	0.9
78e40c103b3c640533b2c09f48b16ead	Unassigned	0.0
520df169881a087f28c8fe36a315e965	k__Bacteria; p__Bacteroidetes; c__Flavobacteriia; o__Flavobacteriales; f__Flavobacteriaceae; g__Flavobacterium; s__	0.6
7d359c48923475eb803afa13ed802c1f	k__Bacteria; p__Firmicutes; c__Clostridia; o__Clostridiales; f__Clostridiaceae; g__Clostridium; s__	0.8
82a66ff5068667590fe9ec55345a8449	k__Bacteria; p__Proteobacteria; c__Deltaproteobacteria; o__Desulfobacterales; f__Desulfobulbaceae; g__; s__	0.6
3ed01297bb79ab4fba5be2525288b1fa	k__Bacteria; p__Fusobacteria; c__Fusobacteriia; o__Fusobacteriales; f__Fusobacteriaceae; g__u114; s__	0.6
86ee1c5e006b86b724f349a173873ba2	k__Bacteria; p__Cyanobacteria; c__Chloroplast; o__Chlorophyta	0.6
9bba4e41debe2afdbd915dabd615e37a	k__Bacteria; p__Acidobacteria; c__Solibacteres; o__Solibacterales; f__; g__; s__	1.0
bd125a754359836de24e00cdb75779ac	k__Bacteria; p__Proteobacteria; c__Alphaproteobacteria; o__Sphingomonadales; f__Sphingomonadaceae	0.8
c0d20b360eb1843c2f3db095b639dc47	k__Bacteria; p__Firmicutes; c__Clostridia; o__Clostridiales; f__Peptostreptococcaceae; g__; s__	1.0
4bce02868879e6a4877359b72830f6c8	k__Bacteria; p__Proteobacteria; c__Betaproteobacteria; o__Ellin6067; f__; g__; s__	0.7
7134991642b91a1ee5e2ce9bfb923a0c	k__Bacteria; p__Proteobacteria; c__Betaproteobacteria; o__Rhodocyclales; f__Rhodocyclaceae; g__Uliginosibacterium; s__	0.7
5db55cadd77de87902fc13446f59b6ec	k__Bacteria; p__Proteobacteria; c__Gammaproteobacteria; o__Alteromonadales; f__OM60; g__Congregibacter; s__	0.9
5a569d360fd37fa4a3dd1f7071138dc9	k__Bacteria; p__Proteobacteria; c__Betaproteobacteria	1.0
fe74346716c8b7229a48f2ee4f6d0c3d	k__Bacteria; p__Proteobacteria; c__Gammaproteobacteria; o__Methylococcales; f__Methylococcaceae; g__Methylocaldum; s__	0.9
3bf42a014a5d28ddbcced072bb22a30f	k__Bacteria; p__Proteobacteria; c__Betaproteobacteria; o__Burkholderiales; f__Comamonadaceae; g__Hydrogenophaga; s__	0.8
06ee0319cda84cc1da8ef525e4cf620a	k__Bacteria; p__Proteobacteria; c__Gammaproteobacteria; o__Pseudomonadales; f__Moraxellaceae; g__Perlucidibaca; s__	1.0
b944b806ec97dae710a2ec7a290b73de	k__Bacteria; p__Acidobacteria; c__[Chloracidobacteria]; o__; f__; g__; s__	1.0
758e408d2b00cfa2b2293f9a1a6fda2c	k__Bacteria; p__Firmicutes; c__Clostridia; o__Clostridiales; f__Christensenellaceae; g__; s__	0.7
859c2761d47378ac23cbd9eada91d958	k__Bacteria; p__Bacteroidetes	1.0
47a22ae6f31df73e987bdcd6b8b7bfbc	k__Bacteria; p__Proteobacteria; c__Betaproteobacteria; o__Rhodocyclales; f__Rhodocyclaceae; g__Propionivibrio; s__	0.8
f53817cea37d6fcbab1e2e9fbe625330	k__Bacteria; p__Proteobacteria; c__Alphaproteobacteria; o__; f__; g__; s__	0.9
4a78de96bbce3db67c03955911d671da	k__Bacteria; p__Proteobacteria; c__Deltaproteobacteria; o__Myxococcales; f__; g__; s__	1.0
efcb3527ab5f2747dd656b1b1507944c	k__Bacteria; p__Proteobacteria; c__Alphaproteobacteria	0.7
89874ded05b19d82066177d719618f29	k__Bacteria; p__Proteobacteria; c__Deltaproteobacteria; o__Spirobacillales; f__; g__; s__	1.0
192e52e6740844cc0e555932ea5702b5	k__Bacteria; p__Planctomycetes; c__Planctomycetia; o__Pirellulales; f__Pirellulaceae; g__; s__	1.0
eb9b8169e77347ebfee208c2077dfa9f	k__Bacteria; p__Proteobacteria; c__Deltaproteobacteria; o__; f__; g__; s__	1.0
fd44e63b5357db5a37a6289f6473f311	k__Bacteria; p__Proteobacteria; c__Deltaproteobacteria; o__Myxococcales; f__OM27; g__; s__	1.0
2383d82b19713ea9ea4ace10e09c17b1	k__Bacteria; p__Proteobacteria; c__Betaproteobacteria; o__Burkholderiales; f__Comamonadaceae; g__Methylibium; s__	0.6
c882d9a95a1591e7546f1612fed3cc6f	k__Bacteria; p__Acidobacteria; c__Solibacteres; o__Solibacterales; f__; g__; s__	1.0
a56f612dcef5bcb8eb328c34eef352d1	k__Bacteria; p__Proteobacteria; c__Alphaproteobacteria; o__Rickettsiales; f__mitochondria; g__; s__	1.0
d396191c59506d495244bed0454ff4b7	k__Bacteria; p__Bacteroidetes; c__[Saprospirae]; o__[Saprospirales]; f__Chitinophagaceae; g__; s__	1.0
65632215dd98a61bcce139f1162fb709	k__Bacteria; p__TM7; c__SC3; o__; f__; g__; s__	1.0
3ecd7767be378c2695d21e3fa19b5839	k__Bacteria; p__Spirochaetes; c__[Leptospirae]; o__[Leptospirales]; f__Leptospiraceae; g__Leptospira; s__	1.0
79a5c34c62e03ff4faa90f4b68d7f213	k__Bacteria; p__Verrucomicrobia; c__[Pedosphaerae]; o__[Pedosphaerales]; f__Ellin515; g__; s__	0.9
4b28bc9a65b178f0fca1a55318e3189e	k__Bacteria; p__Bacteroidetes; c__Cytophagia; o__Cytophagales; f__Cytophagaceae; g__; s__	1.0
fd3cda577524afe0fe3c812a2cc4b5d6	k__Bacteria; p__Spirochaetes; c__GN05; o__LG048; f__; g__; s__	1.0
d08382c90262390afdd27c12853be047	k__Bacteria; p__Bacteroidetes; c__Cytophagia; o__Cytophagales; f__Cyclobacteriaceae; g__; s__	0.6
5e9cbc01d7f3da30102041f667b242ad	k__Bacteria; p__Proteobacteria; c__Gammaproteobacteria; o__Pseudomonadales; f__Moraxellaceae; g__Acinetobacter; s__rhizosphaerae	0.9
133555ec6fdf595d151f84645efba6cc	k__Bacteria; p__Planctomycetes; c__vadinHA49; o__DH61; f__; g__; s__	1.0
491cbe647fda5f35bd38b3219a208e17	k__Bacteria; p__Cyanobacteria; c__Nostocophycideae; o__Nostocales; f__Nostocaceae; g__Dolichospermum; s__	0.6
92308f53d746508086b6a8415779f00f	k__Bacteria; p__Bacteroidetes; c__Flavobacteriia; o__Flavobacteriales; f__Flavobacteriaceae; g__Flavobacterium; s__	1.0
8989ba1df20c65a00accd0a01f023f05	k__Bacteria; p__Armatimonadetes; c__Armatimonadia; o__Armatimonadales; f__Armatimonadaceae; g__; s__	0.8
6a883cab254a35a58f69f6bb5ae3b054	k__Bacteria; p__Proteobacteria; c__Alphaproteobacteria; o__BD7-3; f__; g__; s__	1.0
46584a8d99e38a08bef6acbdf0e5bcc7	k__Bacteria; p__OP11; c__OP11-2; o__KD3-145; f__; g__; s__	0.6
9fd48e5e3fd234779548cec92ab74fa9	k__Bacteria; p__Actinobacteria; c__Actinobacteria; o__Actinomycetales; f__Microbacteriaceae; g__; s__	0.6
95581336e4a2dd5c6fc973838cedc027	k__Bacteria; p__Proteobacteria; c__Gammaproteobacteria; o__Vibrionales; f__Pseudoalteromonadaceae; g__Pseudoalteromonas; s__	0.8
8390b5c57401c85db252e91ede9bbd39	k__Bacteria; p__Cyanobacteria; c__Chloroplast; o__Streptophyta; f__; g__; s__	1.0
33214c20b5a765e8bc323f377d6f1f15	k__Bacteria; p__Proteobacteria; c__Betaproteobacteria; o__Burkholderiales; f__Comamonadaceae; g__; s__	0.6
f5ae6a0e6ec0698c094817de52c8791e	k__Bacteria; p__Bacteroidetes; c__Cytophagia; o__Cytophagales; f__Cytophagaceae; g__Emticicia; s__	1.0
9eb7311e23376da308f2f53c6527b8aa	k__Bacteria; p__Actinobacteria; c__Actinobacteria; o__Actinomycetales; f__; g__; s__	0.9
953ffe5be2023f2030b745e4610ac34d	k__Bacteria; p__Proteobacteria; c__Alphaproteobacteria; o__Rhodospirillales; f__Acetobacteraceae; g__; s__	0.9
c10c99863fbbbd52d166d3ffeece3cbb	k__Bacteria; p__Verrucomicrobia; c__Verruco-5; o__WCHB1-41; f__; g__; s__	0.7
313ce527df7cab5ed68476ddadb4bc65	k__Bacteria; p__Proteobacteria; c__Alphaproteobacteria; o__Rickettsiales; f__; g__; s__	1.0
428d92af3ebd25d4c042d09f154f66d6	k__Bacteria; p__Proteobacteria; c__Gammaproteobacteria; o__Methylococcales; f__Crenotrichaceae; g__Crenothrix; s__	1.0
6dade536a5111448cfed9103efbbc008	k__Bacteria; p__Proteobacteria; c__Gammaproteobacteria; o__Methylococcales; f__Methylococcaceae; g__Methylocaldum; s__	0.7
95e979b807ae13dc411e54387ae08221	k__Bacteria; p__Proteobacteria; c__Deltaproteobacteria	1.0
933d9a272c490327a63400b742f1cf99	k__Bacteria; p__Cyanobacteria; c__Synechococcophycideae; o__Synechococcales; f__Synechococcaceae; g__Synechococcus; s__	1.0
75b457fbdc563a251bab0775df422624	k__Bacteria; p__Proteobacteria; c__Gammaproteobacteria; o__Pseudomonadales; f__Moraxellaceae; g__; s__	0.6
94df1713768bd435f59c9c38b0d09df8	k__Bacteria; p__Bacteroidetes; c__Bacteroidia; o__Bacteroidales; f__; g__; s__	1.0
9243a43b4d5633331652b3fef20aa80b	k__Bacteria; p__Proteobacteria; c__TA18; o__PHOS-HD29; f__; g__; s__	1.0
0e8614a2f4d115255e536f139d3391c0	k__Bacteria; p__Bacteroidetes; c__Flavobacteriia; o__Flavobacteriales; f__Flavobacteriaceae; g__Myroides	0.6
4a7c84b881a659cfe6053a3b2ee7d520	k__Bacteria; p__Proteobacteria; c__Epsilonproteobacteria; o__Campylobacterales; f__Campylobacteraceae; g__Arcobacter; s__	0.9
b882c4032d388efa91c718ab4e2e861c	k__Bacteria; p__Proteobacteria; c__Deltaproteobacteria; o__Myxococcales; f__; g__; s__	0.8
5a6a1229a8f827f49f3db1ccca83f84e	k__Bacteria; p__Fusobacteria; c__Fusobacteriia; o__Fusobacteriales; f__Fusobacteriaceae; g__u114; s__	0.8
58b0864fb3f0baef098fc54e5db061db	k__Bacteria; p__Proteobacteria; c__Alphaproteobacteria; o__Caulobacterales; f__Caulobacteraceae; g__; s__	1.0
8e23d543f077172dd54716c188dba96b	k__Bacteria; p__Bacteroidetes; c__Flavobacteriia; o__Flavobacteriales; f__Cryomorphaceae; g__; s__	1.0
23c7e771c8897924ca2b742becb3afa4	k__Bacteria; p__Proteobacteria; c__Gammaproteobacteria; o__Methylococcales; f__Crenotrichaceae; g__Crenothrix	0.9
d9438b26d39e42c84f5f4be20c2e2d45	k__Bacteria; p__Cyanobacteria; c__4C0d-2; o__YS2; f__; g__; s__	1.0
e9e84fd70fe6fb47cd855f341bc0719f	k__Bacteria; p__Proteobacteria; c__Betaproteobacteria; o__Burkholderiales; f__Comamonadaceae	1.0
45533393b41d951a004b25a2dee150e8	k__Bacteria; p__Bacteroidetes; c__[Saprospirae]; o__[Saprospirales]; f__Chitinophagaceae	1.0
eefcca246b2b0cf540c00a6337f5fc98	k__Bacteria; p__Planctomycetes; c__Planctomycetia; o__Pirellulales; f__Pirellulaceae; g__; s__	1.0
edf4182afa7e3014a4a26c07dc70e0df	k__Bacteria; p__Proteobacteria; c__Betaproteobacteria; o__Burkholderiales; f__Comamonadaceae	0.9
7eedfed78cecd68695049c1d765eecf6	k__Bacteria; p__Gemmatimonadetes; c__Gemmatimonadetes; o__Gemmatimonadales; f__Gemmatimonadaceae; g__Gemmatimonas; s__	0.7
42b361b847cf5e01ef8f2504dad2d470	k__Bacteria; p__Bacteroidetes; c__Bacteroidia; o__Bacteroidales; f__SB-1; g__; s__	1.0
de352bc91ea5d3321f7cddb08f57802a	k__Bacteria; p__Bacteroidetes; c__Flavobacteriia; o__Flavobacteriales; f__Flavobacteriaceae; g__Flavobacterium; s__	1.0
3abd8d3a20ec17490820b683250ab3f2	Unassigned	0.0
f38417225985cb5ed5c2578ea579be7b	k__Bacteria; p__Cyanobacteria; c__Chloroplast; o__Streptophyta; f__; g__; s__	1.0
8f584db4befa145bde05969455f7964d	k__Bacteria; p__Proteobacteria; c__Deltaproteobacteria	0.7
2ee7394dca86cd569ac25d8434e11157	k__Bacteria; p__Firmicutes; c__Erysipelotrichi; o__Erysipelotrichales; f__Erysipelotrichaceae; g__PSB-M-3; s__	0.9
530451b116adf30d85dafdfbf092c3bb	k__Bacteria; p__Proteobacteria; c__Alphaproteobacteria; o__Rhodospirillales; f__Rhodospirillaceae; g__; s__	0.8
ecc1b50b78ec488a35e9243e17fcedb6	k__Bacteria; p__Proteobacteria; c__Alphaproteobacteria; o__Rhodobacterales; f__Rhodobacteraceae; g__Rhodobacter; s__	1.0
c07bbc6c9e979e715cc542f58a1ac52f	k__Bacteria; p__Planctomycetes; c__Planctomycetia; o__Pirellulales; f__Pirellulaceae; g__; s__	1.0
277d77db07fcba87eee6d70434e618f5	k__Bacteria; p__Proteobacteria; c__Alphaproteobacteria; o__Rhodobacterales; f__Rhodobacteraceae	1.0
59be3696297fa503bdb19704ba70b57a	k__Bacteria; p__Proteobacteria; c__Alphaproteobacteria; o__Rickettsiales; f__mitochondria; g__Cyanophora; s__paradoxa	1.0
4bf6a9a97f9a5fb82eca3cc50cf800ac	k__Bacteria; p__Proteobacteria; c__Alphaproteobacteria; o__; f__; g__; s__	0.7
04a80048e6c547e040e8325cf78dc5a1	k__Bacteria; p__Proteobacteria; c__Alphaproteobacteria; o__; f__; g__; s__	0.6
e119b10cef691d794e2525fdc6b42585	k__Bacteria; p__Proteobacteria; c__Betaproteobacteria; o__Burkholderiales; f__Comamonadaceae; g__; s__	0.7
044b6030466dd895eed7b4a5eafa594d	Unassigned	0.0
c77c9ab555c3da6f1bb4e4868dc75dfd	Unassigned	0.0
2f563ee006cb41bc2641daf1d41e7ec2	k__Bacteria; p__Proteobacteria; c__Gammaproteobacteria; o__Enterobacteriales; f__Enterobacteriaceae; g__Erwinia; s__	0.6363636363636364
a9bf73d717124c95bd3b3093a1ce324b	k__Bacteria; p__Proteobacteria; c__Gammaproteobacteria; o__Alteromonadales; f__Alteromonadaceae; g__; s__	0.9
6804c24d257a1892b74bf685cd396111	k__Bacteria; p__Proteobacteria; c__Betaproteobacteria; o__Burkholderiales; f__Comamonadaceae; g__Hydrogenophaga; s__	0.8
96d6581578752dbd07c7df003c2c539c	k__Bacteria; p__Tenericutes; c__Mollicutes; o__Anaeroplasmatales; f__Anaeroplasmataceae; g__Anaeroplasma; s__	1.0
a8a3e80900a3ab52ec57515b7f24c718	k__Bacteria; p__Proteobacteria; c__Alphaproteobacteria; o__Rickettsiales; f__; g__; s__	0.7
aba94728967b3c1d1b7cb7dd7d561c35	k__Bacteria; p__Proteobacteria; c__Epsilonproteobacteria; o__Campylobacterales; f__Campylobacteraceae	1.0
95db9af794b9d797078d4a900f9a3fb7	k__Bacteria; p__Bacteroidetes; c__Sphingobacteriia; o__Sphingobacteriales; f__; g__; s__	1.0
c9a1f3020d3ccc601e92d9df2f3f4098	k__Archaea; p__Euryarchaeota; c__Methanomicrobia; o__Methanomicrobiales; f__Methanoregulaceae; g__Candidatus Methanoregula; s__	1.0
0dd526d9ba97867a79279493bf3baf59	k__Bacteria; p__Chlorobi; c__OPB56; o__; f__; g__; s__	1.0
3a012a6522a85922ad90f5dfa66fe615	k__Bacteria; p__Bacteroidetes; c__Sphingobacteriia; o__Sphingobacteriales; f__Sphingobacteriaceae; g__; s__	0.9
9f466af60341327cd7e2503e06144245	k__Bacteria; p__Proteobacteria; c__Gammaproteobacteria	0.9
d2238e720d4b5f50670257bb53c506ee	k__Bacteria; p__Actinobacteria; c__Acidimicrobiia; o__Acidimicrobiales; f__C111; g__; s__	1.0
8fbf8b3de5ed6a2277c45e9401eb2fb5	k__Bacteria; p__OD1; c__ABY1; o__; f__; g__; s__	1.0
65b010318d1d7d014f4fed6b6a96f0cf	k__Bacteria; p__Proteobacteria; c__Alphaproteobacteria; o__Rhodobacterales; f__Rhodobacteraceae; g__Rhodobacter; s__	0.6
f93bf7176c0c5d88685c6a9f4a754efe	k__Bacteria; p__OD1; c__ZB2; o__; f__; g__; s__	0.9
42630f9e61d091b810754fb60b1450e6	k__Bacteria; p__Bacteroidetes; c__[Saprospirae]; o__[Saprospirales]; f__Chitinophagaceae; g__; s__	1.0
b3d909bf97ab4694402d43b43f4f96e2	k__Bacteria; p__Proteobacteria; c__Gammaproteobacteria; o__Pseudomonadales; f__Moraxellaceae; g__Acinetobacter; s__	0.8
d705b4be442efe614b6cc95060df101a	k__Bacteria; p__OD1; c__ABY1; o__; f__; g__; s__	0.9
bc6673f99197d8831b763652b4281b9d	k__Bacteria; p__Proteobacteria; c__Alphaproteobacteria; o__Rickettsiales; f__; g__; s__	1.0
9baad84d2a96370eff9f1b9ffdd51028	k__Bacteria; p__Bacteroidetes	1.0
b5daa11c9a77f1084d09185e4b316932	k__Bacteria; p__Proteobacteria; c__Gammaproteobacteria; o__Alteromonadales; f__[Chromatiaceae]; g__Rheinheimera; s__	1.0
3fb488908e1e82374f5a7e3ada87299c	k__Bacteria; p__Bacteroidetes; c__Flavobacteriia; o__Flavobacteriales; f__Cryomorphaceae; g__; s__	1.0
43cafeca32d374543b754f3fc3a79c30	k__Bacteria; p__Proteobacteria; c__Alphaproteobacteria; o__Rickettsiales; f__; g__; s__	1.0
7b86153a19a64a9a1249b36b7e491adb	k__Bacteria; p__Proteobacteria; c__Alphaproteobacteria; o__BD7-3; f__; g__; s__	1.0
ab64255c4671d8c690abc4b3d126b342	k__Bacteria; p__Cyanobacteria; c__Chloroplast; o__Stramenopiles; f__; g__; s__	1.0
b4aad2d143996b12aa1ad0bc893359fe	k__Bacteria; p__Proteobacteria	1.0
86223d6e165b44d497edf099516bd534	k__Bacteria; p__Planctomycetes; c__Planctomycetia; o__Pirellulales; f__Pirellulaceae; g__; s__	1.0
5503d9d0de2dc4e06dbfccdb47e37474	k__Bacteria; p__Proteobacteria; c__Alphaproteobacteria; o__Rickettsiales; f__; g__; s__	1.0
ebb3600a61b59750913d1cd6ae290e03	k__Bacteria; p__Proteobacteria; c__Alphaproteobacteria; o__Rickettsiales; f__; g__; s__	0.8
760bcc5732c92b264792f69681657f6a	k__Bacteria; p__Proteobacteria; c__Alphaproteobacteria; o__Sphingomonadales; f__Sphingomonadaceae; g__Novosphingobium; s__	0.6
13fbcd12414248aef0351a5ea17f42dc	k__Bacteria; p__Verrucomicrobia; c__Verruco-5; o__WCHB1-41; f__RFP12; g__; s__	1.0
74d233c84b407ba0b3f93b570e4d6bc7	k__Bacteria; p__Proteobacteria; c__Alphaproteobacteria; o__Rhizobiales	0.6
a6abd23e18c352e50f93efb37d336539	k__Bacteria; p__Acidobacteria; c__Solibacteres; o__Solibacterales; f__; g__; s__	1.0
b0c35b599f960bab7136b87f5aaaef80	k__Bacteria; p__Proteobacteria; c__Deltaproteobacteria; o__Bdellovibrionales; f__Bdellovibrionaceae; g__Bdellovibrio; s__	1.0
1c75f41bc4a144de9f50638c4b0f1b18	Unassigned	0.0
8c345376d910b55be4b5dce34a2b0e2c	k__Bacteria; p__Proteobacteria; c__Alphaproteobacteria; o__Rhizobiales; f__; g__; s__	0.6
a50024ab902f80ffc2e9cc682ae20bda	k__Bacteria; p__Bacteroidetes; c__Flavobacteriia; o__Flavobacteriales; f__Flavobacteriaceae; g__Flavobacterium; s__	1.0
fda30c8c518e0e528c6547936970a4cb	k__Bacteria	1.0
61444ac141f341eb0c4f84edac337ab8	k__Bacteria; p__Proteobacteria; c__Deltaproteobacteria; o__Spirobacillales; f__; g__; s__	1.0
04a944563374af669fcffcbed3e6f1ac	k__Bacteria; p__Proteobacteria; c__Alphaproteobacteria; o__Rhodospirillales; f__Rhodospirillaceae; g__; s__	0.6
9fd4ff43c44898013213588d977a7c70	k__Bacteria	1.0
c4f85825f88655569cf27972153f3ffc	k__Bacteria; p__Proteobacteria; c__Alphaproteobacteria; o__Rhizobiales; f__Methylobacteriaceae; g__Methylobacterium; s__	0.9
50e2c5f5aa33ba197f015d9908df854f	k__Bacteria; p__Proteobacteria; c__Alphaproteobacteria; o__BD7-3; f__; g__; s__	1.0
51b780bb123bcb637233400bcb70a86f	k__Bacteria; p__WPS-2; c__; o__; f__; g__; s__	1.0
b7317132d3413847a52522b67639b64b	k__Bacteria; p__Proteobacteria; c__Alphaproteobacteria; o__BD7-3; f__; g__; s__	1.0
19da202560d1832956048e70d875236f	k__Bacteria; p__Proteobacteria; c__Betaproteobacteria; o__Rhodocyclales; f__Rhodocyclaceae; g__Dechloromonas; s__	0.7
cf66772cd7d44be7ed203191177d6691	k__Bacteria; p__Cyanobacteria; c__Chloroplast; o__Stramenopiles; f__; g__; s__	1.0
4a3e2748e88bc99d264fdaf75481d895	k__Bacteria; p__Bacteroidetes; c__Bacteroidia; o__Bacteroidales; f__Porphyromonadaceae	0.8
fc48d1e54b38772d4d86ef94bd5ac7fb	k__Bacteria; p__Cyanobacteria; c__Oscillatoriophycideae	0.6
a7f2c54c29881ca1af092aa052e6ec94	k__Bacteria; p__Acidobacteria; c__DA052; o__Ellin6513; f__; g__; s__	0.6
840fba25807ad7ba27fb183cb536b94b	k__Bacteria; p__Proteobacteria; c__Gammaproteobacteria; o__Xanthomonadales; f__Sinobacteraceae; g__; s__	1.0
3584e1515d55862e72c3524b48f19a2d	k__Bacteria; p__Bacteroidetes; c__[Saprospirae]; o__[Saprospirales]; f__Chitinophagaceae; g__Sediminibacterium; s__	1.0
17727de5906d3636b85fc9954875673e	k__Bacteria; p__Proteobacteria; c__Alphaproteobacteria; o__Sphingomonadales; f__Sphingomonadaceae; g__; s__	1.0
5d16dde6cf7fb86bc6d0839098eb286b	k__Bacteria; p__Actinobacteria; c__Acidimicrobiia; o__Acidimicrobiales; f__C111; g__; s__	1.0
e227e463c16ac0574bcb6a7e5fc98961	k__Bacteria; p__Proteobacteria; c__Gammaproteobacteria; o__Methylococcales; f__Crenotrichaceae; g__Crenothrix; s__	0.7
550e9a3391d1dc19787a0c6b161589db	k__Bacteria; p__Fibrobacteres; c__Fibrobacteria; o__Fibrobacterales; f__Fibrobacteraceae; g__Fibrobacter; s__succinogenes	0.6
8ff8e62236eee5f3f70e68af5e25f4e1	k__Bacteria; p__Proteobacteria; c__Betaproteobacteria	0.8181818181818182
fb0274589b949bb5a68a49a8bc166367	k__Bacteria; p__Planctomycetes; c__Planctomycetia; o__Gemmatales; f__Isosphaeraceae; g__; s__	1.0
fd84f4a07b76b7f96d66e414b91694d3	k__Archaea; p__[Parvarchaeota]; c__[Parvarchaea]; o__WCHD3-30; f__; g__; s__	1.0
2163379660b4a8834066d815ea8ed0e6	k__Bacteria; p__Proteobacteria; c__Deltaproteobacteria; o__Myxococcales; f__Nannocystaceae; g__Plesiocystis; s__	0.9
0223b59cfec8239dd89de9e15bde610c	k__Bacteria; p__Bacteroidetes; c__Cytophagia; o__Cytophagales; f__Cytophagaceae; g__; s__	1.0
196cf212e48ffab3b614b7536eb8b686	k__Bacteria; p__Proteobacteria; c__Alphaproteobacteria; o__Sphingomonadales; f__Sphingomonadaceae; g__Novosphingobium; s__	0.6
ac9750848a9ed4ae60772c939dff1f31	k__Bacteria; p__Chlamydiae; c__Chlamydiia; o__Chlamydiales; f__Parachlamydiaceae	0.6
f1992657ffb1931be9d9ad99160bfdf5	k__Bacteria; p__Bacteroidetes; c__[Saprospirae]; o__[Saprospirales]; f__Saprospiraceae; g__; s__	1.0
777f569036611e6b623da9efe3ea2931	k__Bacteria; p__Proteobacteria; c__Betaproteobacteria	1.0
4e021e01421fa90fdc218a4e30982bc9	k__Bacteria; p__Cyanobacteria; c__Chloroplast; o__Stramenopiles; f__; g__; s__	1.0
d289c09e00ada318fccefbc2533b6d95	k__Bacteria; p__Actinobacteria; c__Actinobacteria; o__Actinomycetales; f__; g__; s__	0.7
979a1a34b86e8c3dc73413d05dea88da	k__Bacteria; p__Proteobacteria; c__Gammaproteobacteria; o__Chromatiales; f__Halothiobacillaceae; g__Halothiobacillus; s__	0.7
d26eea0b536364dc40c45c9255da09fa	k__Bacteria; p__Planctomycetes; c__OM190; o__agg27; f__; g__; s__	1.0
e271637bca5fdc4f234d471cf35b20f2	k__Bacteria; p__Verrucomicrobia; c__[Methylacidiphilae]; o__Methylacidiphilales; f__LD19; g__; s__	1.0
58169ee6d4e055eae1bca5721c633f75	k__Bacteria; p__Proteobacteria; c__Betaproteobacteria; o__Methylophilales; f__Methylophilaceae; g__; s__	0.8
cea53103bd4b94477b1e110d4c308fe9	k__Bacteria; p__OD1; c__SM2F11; o__; f__; g__; s__	0.8
135740fa75b1258f48b250c600474b15	k__Bacteria; p__Cyanobacteria; c__Synechococcophycideae; o__Synechococcales; f__Acaryochloridaceae	0.9
91a32d702f9ae2cec70e81c74f998ca9	k__Bacteria; p__Proteobacteria; c__Alphaproteobacteria; o__Rhizobiales; f__Hyphomicrobiaceae; g__Devosia; s__	1.0
f07a3b80fb36269ba5bb4d09573111af	k__Bacteria; p__SR1; c__; o__; f__; g__; s__	1.0
6829cd08046bb631e9cd8acd777e68da	k__Bacteria; p__GN02; c__BD1-5; o__; f__; g__; s__	1.0
7b627305dc1be082e5a3eebbce53dd9f	k__Bacteria; p__Planctomycetes; c__Planctomycetia; o__Pirellulales; f__Pirellulaceae; g__; s__	1.0
1e549b8b7908af8c7e7da787e0e45af8	k__Bacteria; p__Planctomycetes; c__028H05-P-BN-P5; o__; f__; g__; s__	0.9
2a1f44edcf1f2d40c92fcc7e3ef4bf18	k__Bacteria; p__Proteobacteria; c__Betaproteobacteria; o__Rhodocyclales; f__Rhodocyclaceae; g__; s__	0.6
52c5b0ab8ed7c90596d7b6e1d37d2982	k__Bacteria; p__Firmicutes; c__Erysipelotrichi; o__Erysipelotrichales; f__Erysipelotrichaceae; g__PSB-M-3; s__	0.8
eb8a449f0c8a1fc06b6118939d6eccbd	k__Bacteria; p__Proteobacteria; c__Betaproteobacteria; o__Rhodocyclales; f__Rhodocyclaceae; g__; s__	0.9
8aea43730e30233e39aa03ed39c67297	k__Bacteria; p__Proteobacteria; c__Alphaproteobacteria; o__Rhizobiales; f__; g__; s__	1.0
fa0480233acb70729cf384a145131d4e	k__Bacteria; p__Cyanobacteria; c__Nostocophycideae; o__Nostocales; f__Scytonemataceae	0.7
466fb82b8c979a67a641081b71cd3315	k__Bacteria; p__Planctomycetes; c__Planctomycetia; o__Pirellulales; f__Pirellulaceae; g__; s__	1.0
81651c8508e450e6f7de64c35d4f9a0e	k__Bacteria; p__Chloroflexi; c__Anaerolineae; o__GCA004; f__; g__; s__	1.0
4a2cfca4997eb512d3b22fd8b382b108	k__Bacteria; p__Firmicutes; c__Clostridia; o__Clostridiales; f__Clostridiaceae; g__Clostridium; s__	1.0
25466265a691e60966d219ae16040fc6	k__Bacteria; p__Planctomycetes; c__vadinHA49; o__DH61; f__; g__; s__	1.0
136cf9c9172203bb8a36f7b8909f7508	k__Bacteria; p__Chlamydiae; c__Chlamydiia; o__Chlamydiales	1.0
77782e19b1d418efbc65f56a787ac159	Unassigned	0.0
c29355f3d298784c27eb485f39011f36	k__Bacteria; p__Actinobacteria; c__Actinobacteria; o__Actinomycetales; f__ACK-M1; g__; s__	0.9
2e0adc0fd16779845d39a3dee9d020f6	k__Bacteria; p__Firmicutes; c__Clostridia; o__Clostridiales; f__Veillonellaceae; g__; s__	0.7
406c83f97e65b70cab078235f2640f51	k__Bacteria; p__Cyanobacteria; c__Chloroplast; o__Chlorophyta; f__; g__; s__	0.9
b3c67130c48eb97b6815a56a468301a1	Unassigned	0.0
7e7a0ff67b4d397f047db07a49538e0b	k__Bacteria; p__Planctomycetes; c__Phycisphaerae; o__Phycisphaerales; f__; g__; s__	1.0
ff9b0fbd212d8f68d4ad275465d2a0fc	k__Bacteria; p__Proteobacteria; c__Alphaproteobacteria; o__Sphingomonadales; f__Sphingomonadaceae; g__Sphingomonas	0.7
d464cb36fdfc8289f0ed62377ab89c0c	k__Bacteria; p__Bacteroidetes; c__Sphingobacteriia; o__Sphingobacteriales; f__; g__; s__	0.9
87f5f885851b1c9d62ff3510d40fdccd	k__Bacteria; p__Bacteroidetes; c__[Saprospirae]; o__[Saprospirales]; f__Saprospiraceae; g__; s__	1.0
4a5673b37e8a8eacdc78f29bcd6234d9	k__Bacteria; p__Proteobacteria; c__Gammaproteobacteria; o__Methylococcales; f__Crenotrichaceae; g__Crenothrix; s__	0.9
c94e74120395dbf8bcad6e049f7018c1	k__Bacteria; p__Proteobacteria; c__Gammaproteobacteria; o__Legionellales; f__Legionellaceae; g__Legionella	0.7
47775499ac4e98b7ffdb6802e2f71b76	k__Bacteria; p__Bacteroidetes; c__[Saprospirae]; o__[Saprospirales]; f__Chitinophagaceae; g__; s__	1.0
cc74576fbc036a503240d1f6634be684	k__Bacteria; p__Bacteroidetes; c__[Saprospirae]; o__[Saprospirales]; f__Chitinophagaceae; g__; s__	1.0
0694720f29bf961961a2ad1862c72b50	k__Bacteria; p__TM6; c__SBRH58; o__; f__; g__; s__	0.7
2f8896c7a80bd3ee2febd8d070c97fe6	k__Bacteria; p__Proteobacteria; c__Alphaproteobacteria; o__Sphingomonadales; f__Sphingomonadaceae; g__; s__	0.7
ac3138dfc9ceb42e4a60c09736dd825b	k__Bacteria; p__Proteobacteria; c__Gammaproteobacteria; o__Legionellales; f__; g__; s__	1.0
137de23f683cc0cbc497f5e4cd2b007a	k__Bacteria; p__Proteobacteria; c__Alphaproteobacteria; o__Rickettsiales; f__mitochondria; g__Synedra; s__acus	1.0
1a8f40b08d359894c9c73a1448de9ed9	Unassigned	0.0
e19e1aa1085841432189d3d8ca0ec824	k__Bacteria; p__Proteobacteria; c__Gammaproteobacteria; o__Methylococcales; f__Crenotrichaceae; g__Crenothrix; s__	0.8
b6ce69e4ae2ee0f2b9230f2ac35897dd	k__Bacteria; p__Proteobacteria; c__Alphaproteobacteria; o__Rickettsiales; f__; g__; s__	0.8
db0e57899da2c13dc18be1f08901c8df	k__Bacteria; p__Chlorobi; c__SJA-28; o__; f__; g__; s__	0.9
118a5be30d00d5c8be1f6821ff4f568d	k__Bacteria; p__Proteobacteria; c__Gammaproteobacteria; o__Legionellales	0.7
e94e869de4bc0e400fc3684faf901ca4	k__Bacteria; p__Proteobacteria; c__Gammaproteobacteria; o__Legionellales; f__; g__; s__	1.0
cef3247b7ae7b44697842aa358745f0d	k__Bacteria; p__Actinobacteria; c__Actinobacteria; o__Actinomycetales; f__ACK-M1; g__; s__	0.9
9781930f173ca05d9483f5cc8ffe6610	k__Bacteria; p__Cyanobacteria; c__Chloroplast; o__Chlorophyta; f__; g__; s__	1.0
db52e51b377b12b0761a2df2c4671baf	k__Bacteria; p__Proteobacteria; c__Betaproteobacteria; o__Rhodocyclales; f__Rhodocyclaceae	0.7
3fa7c54d9aaef1f6a399eb2a906e4f1a	k__Bacteria; p__Planctomycetes; c__Planctomycetia; o__Gemmatales; f__Gemmataceae; g__; s__	0.6
091151c8db92d9fe0bbdb16fdf761f3c	Unassigned	0.0
31b705c7d6d1019e539218a34a4c6c42	k__Bacteria; p__Proteobacteria; c__Deltaproteobacteria; o__Myxococcales; f__; g__; s__	1.0
437bc7be5d504d5f19ad7618d4059c08	k__Bacteria; p__Firmicutes; c__Clostridia; o__Clostridiales; f__Clostridiaceae; g__Clostridium; s__	0.9
344ccaffa4671faf58ba316cd53bc9e7	k__Bacteria; p__OD1; c__; o__; f__; g__; s__	0.9
cb298aefec302e5884ca3a471437a19e	k__Bacteria; p__Proteobacteria; c__Alphaproteobacteria; o__Rhizobiales	0.8
72b80d01fa5a5aaaa94b5d589921cd03	k__Bacteria; p__Proteobacteria; c__Alphaproteobacteria; o__Rickettsiales; f__Rickettsiaceae; g__; s__	1.0
95ac638bc602165c72333ee6838508de	k__Bacteria; p__Proteobacteria; c__Gammaproteobacteria; o__Legionellales	0.6
871896ed019cbb2276ab66a343c71234	k__Bacteria; p__Bacteroidetes; c__Flavobacteriia; o__Flavobacteriales; f__Cryomorphaceae; g__; s__	1.0
fa2f9214bd1789c82c6d00165f1449ec	k__Bacteria; p__Proteobacteria; c__Gammaproteobacteria; o__HOC36; f__; g__; s__	1.0
2e4279f504d524b5cc3775bc8b41bd84	k__Bacteria; p__Bacteroidetes; c__[Saprospirae]; o__[Saprospirales]	0.7
051e522d73466a015476423e9e930059	k__Bacteria; p__Bacteroidetes; c__Flavobacteriia; o__Flavobacteriales; f__[Weeksellaceae]; g__Chryseobacterium; s__	0.6
2c2aecb486f95a4ec04d0d0d83a92e2b	k__Bacteria; p__Proteobacteria; c__Alphaproteobacteria; o__Rhodospirillales; f__Rhodospirillaceae; g__; s__	0.8
e2993892154f15f4d02ca2f411ea6c03	k__Bacteria; p__Firmicutes	0.7
8080c43752e8258288135bd6f6427a14	k__Bacteria; p__Proteobacteria; c__Alphaproteobacteria; o__Rhizobiales; f__; g__; s__	1.0
6a84200c6c6e4bd53406cc079bffbc13	k__Bacteria; p__Proteobacteria; c__Alphaproteobacteria; o__Rickettsiales; f__; g__; s__	0.9
13cd764e6ea50ee3455a3d29df2eaa6f	k__Bacteria; p__Proteobacteria; c__Deltaproteobacteria; o__Syntrophobacterales; f__Syntrophaceae; g__Desulfomonile; s__	1.0
9397f56cae81e8b08b463cf6a18087b4	k__Bacteria; p__Proteobacteria; c__Alphaproteobacteria	0.7
f89ffee3c0d0710baeab3fd0be45d6f5	k__Bacteria; p__Verrucomicrobia; c__Opitutae; o__Opitutales; f__Opitutaceae; g__; s__	0.9
7bfb26752c4845e8485f2758a56122a8	k__Bacteria; p__Proteobacteria; c__Gammaproteobacteria; o__Pseudomonadales; f__Pseudomonadaceae; g__Pseudomonas; s__	1.0
ecaacb2a0cabb54e10d5f40231ad4f21	k__Bacteria; p__Proteobacteria; c__Alphaproteobacteria; o__Rickettsiales; f__; g__; s__	1.0
a9a995ca4430f49e8d2eeb589ef3f512	k__Bacteria; p__Proteobacteria; c__Deltaproteobacteria; o__Bdellovibrionales; f__Bacteriovoracaceae; g__; s__	0.9
78255bef15c435da3f8ea7535afa3bbc	k__Bacteria; p__Proteobacteria; c__Betaproteobacteria; o__Burkholderiales; f__Oxalobacteraceae; g__Polynucleobacter; s__cosmopolitanus	0.7
09a78612faea4528074dffd12a4b749d	k__Bacteria; p__Cyanobacteria; c__Chloroplast; o__Stramenopiles; f__; g__; s__	1.0
7838a0de8f309afdf1d791b96664a4cf	k__Bacteria; p__Proteobacteria; c__Alphaproteobacteria; o__Rhodospirillales; f__Rhodospirillaceae; g__; s__	0.7
b224ab8cb0477c052c0afeb1d00a4112	k__Bacteria; p__Proteobacteria; c__Betaproteobacteria; o__MWH-UniP1; f__; g__; s__	0.7
f65c04da143f371de95f8900efea3887	k__Bacteria; p__Proteobacteria; c__Betaproteobacteria; o__Procabacteriales; f__Procabacteriaceae; g__; s__	0.9
ca410b21129cb2291683f561aa2a44b4	k__Bacteria; p__Proteobacteria; c__TA18; o__PHOS-HD29; f__; g__; s__	1.0
04b62f6ce0b5c33c6694573bd0084d83	k__Bacteria; p__Proteobacteria; c__Gammaproteobacteria	1.0
c01d71429eba42e684f9291b63c79115	k__Bacteria; p__Planctomycetes; c__Planctomycetia; o__Pirellulales; f__Pirellulaceae; g__; s__	1.0
4543d6f5f74ebbc91e0aa36b83222d64	k__Bacteria; p__Bacteroidetes	0.8
667001d77dfbdb49044beabbf26a9bb1	k__Bacteria; p__OD1	0.875
33ec7f5b082b196190fe4da2909e52a3	k__Bacteria; p__Bacteroidetes; c__Flavobacteriia; o__Flavobacteriales; f__Flavobacteriaceae; g__Flavobacterium; s__	1.0
615f53c4767572ecf60e3a0f2923b1a2	k__Bacteria; p__Cyanobacteria; c__Chloroplast; o__Streptophyta; f__; g__; s__	1.0
4d8734e3796e8baee0e2944182d4bd56	k__Bacteria; p__Verrucomicrobia; c__Opitutae; o__Opitutales; f__Opitutaceae; g__Opitutus; s__	1.0
a29dfd13f69ce9d8c4a773c6a1378d5c	k__Bacteria; p__Proteobacteria; c__Alphaproteobacteria; o__; f__; g__; s__	1.0
c105dbc88cd01d3a122f1cfa86f70525	k__Bacteria; p__Bacteroidetes; c__[Saprospirae]; o__[Saprospirales]; f__Chitinophagaceae; g__; s__	1.0
d9f9bdad8564325c5781ba38a754f5cc	k__Bacteria; p__Proteobacteria; c__Deltaproteobacteria; o__Myxococcales; f__; g__; s__	1.0
f33d3a863ac396d2dbd5006cbd67971d	k__Bacteria; p__Bacteroidetes; c__[Saprospirae]; o__[Saprospirales]; f__Saprospiraceae; g__; s__	0.9
1420183167866f0fbc5dd4312bdc3c6a	k__Bacteria; p__Proteobacteria; c__Gammaproteobacteria; o__Legionellales; f__Coxiellaceae; g__; s__	1.0
e69f92c96c58235d3b9f13b64608ffa7	k__Bacteria; p__Proteobacteria; c__Betaproteobacteria; o__Burkholderiales	1.0
855a9aa8ccc46b377c6ec0004cebbe56	k__Bacteria; p__Planctomycetes; c__Planctomycetia; o__Pirellulales; f__Pirellulaceae; g__; s__	1.0
fb116fe1e18a992a3d74af47b966a74d	k__Bacteria	1.0
745c297e38342f6b5fe0edefc80203e4	k__Bacteria; p__Proteobacteria; c__TA18; o__PHOS-HD29; f__; g__; s__	1.0
176b1b307eeff9f094b6663bed742b0d	k__Bacteria; p__GN02; c__BD1-5; o__; f__; g__; s__	0.6666666666666666
c1cd32b0dcf7f3e704f5a5a75d38df7a	k__Bacteria; p__Proteobacteria; c__Gammaproteobacteria; o__Legionellales; f__Legionellaceae	1.0
b19d8d2823911d7ab47cd1f52a7bf395	k__Bacteria; p__Proteobacteria; c__Alphaproteobacteria; o__; f__; g__; s__	1.0
7a0bb5c59a924cdf2ddf06c88fa26dd8	k__Bacteria; p__Proteobacteria; c__Betaproteobacteria; o__Methylophilales; f__Methylophilaceae; g__; s__	0.6
b3fdfa850aeaf421d83c2d238e9375ca	k__Bacteria; p__Bacteroidetes; c__Flavobacteriia; o__Flavobacteriales; f__Cryomorphaceae; g__; s__	1.0
6da432bf58a87f04fd1771523ed54657	k__Bacteria; p__Planctomycetes; c__Planctomycetia; o__Pirellulales; f__Pirellulaceae; g__; s__	0.7
8aa03972805211e47cb82c2d96d4f4ca	k__Bacteria; p__Proteobacteria; c__Alphaproteobacteria; o__Rhizobiales; f__Rhizobiaceae; g__Agrobacterium; s__	1.0
0a4085ee9deff349b204438508c068fd	k__Bacteria; p__TM7; c__TM7-1; o__; f__; g__; s__	0.9
25c4a63443685cdb33b05b2617381de5	k__Bacteria; p__Bacteroidetes; c__Cytophagia; o__Cytophagales; f__Cytophagaceae; g__Leadbetterella; s__	1.0
5f9b7396b0afadd78d9bc642d534bbaa	k__Bacteria; p__Proteobacteria; c__Betaproteobacteria	1.0
25241f30f9552d123af03e7c6abb49c4	k__Bacteria; p__Verrucomicrobia; c__[Spartobacteria]; o__[Chthoniobacterales]; f__[Chthoniobacteraceae]; g__Candidatus Xiphinematobacter; s__	1.0
e18b5ea1329a6d586331ae47e3d6e008	k__Bacteria; p__Bacteroidetes; c__Cytophagia; o__Cytophagales; f__Cytophagaceae; g__Leadbetterella; s__	1.0
0c07bd607f7cce0d490d60baee3c1b39	k__Bacteria; p__Proteobacteria; c__Alphaproteobacteria	0.9
37eaf763324af5fbd34fe41dee7e9f68	k__Bacteria; p__Bacteroidetes; c__[Saprospirae]; o__[Saprospirales]; f__Saprospiraceae; g__; s__	1.0
96e28f10de1e7ef70b5ea5df761a8c1e	k__Bacteria; p__Proteobacteria; c__Gammaproteobacteria; o__Vibrionales; f__Pseudoalteromonadaceae; g__Pseudoalteromonas; s__	0.8
5af6fcedf231c31933e349e477310e83	k__Bacteria; p__Proteobacteria; c__Deltaproteobacteria; o__Myxococcales; f__Haliangiaceae; g__; s__	1.0
be66ce4a30546d001a1c3dc606632b97	k__Bacteria; p__Fusobacteria; c__Fusobacteriia; o__Fusobacteriales; f__Fusobacteriaceae; g__u114; s__	0.9
0144bfb5248e583bc820af22226d8afd	k__Bacteria; p__Planctomycetes; c__Planctomycetia; o__Gemmatales; f__Isosphaeraceae; g__; s__	1.0
03510c37aba0dcfc7c9504cdb9a5e518	k__Bacteria; p__Bacteroidetes; c__[Saprospirae]; o__[Saprospirales]; f__Saprospiraceae; g__; s__	1.0
3f4eabcd20df878727f96746e56f2e9a	k__Bacteria; p__Bacteroidetes; c__[Saprospirae]; o__[Saprospirales]; f__; g__; s__	1.0
8869b546fa979100f5bfd51614b15d35	k__Bacteria; p__Bacteroidetes; c__Bacteroidia; o__Bacteroidales; f__S24-7; g__; s__	1.0
ab3f75471dcc6f95ec19604a785b59ca	k__Bacteria; p__Proteobacteria; c__Betaproteobacteria; o__Burkholderiales; f__Comamonadaceae; g__Limnohabitans; s__	0.6
bc4cf4275763275a45a91b6d6b528b0d	k__Bacteria; p__Proteobacteria; c__Betaproteobacteria; o__Methylophilales; f__Methylophilaceae; g__; s__	0.9
bfb2ecdf71e4abb62e74ecee3285242b	k__Bacteria; p__Cyanobacteria; c__Chloroplast; o__Cryptophyta; f__; g__; s__	1.0
6f1bf8444a8e869d6415cc203ed11207	k__Bacteria; p__Actinobacteria; c__Thermoleophilia; o__Solirubrobacterales; f__Conexibacteraceae; g__; s__	0.6
b84b13f4de9e3e5d9aaab6cce72e217c	k__Bacteria; p__Proteobacteria; c__Epsilonproteobacteria; o__Campylobacterales; f__Campylobacteraceae; g__Arcobacter; s__	0.9
b5e670fa2826e5b82679e849014f89ae	k__Bacteria; p__GN02; c__BD1-5; o__; f__; g__; s__	1.0
e10ac5ed707a20a3a0dd3554e0ead09f	k__Bacteria; p__Planctomycetes; c__vadinHA49; o__DH61; f__; g__; s__	1.0
25f9a376b6771d0d1d20fb335d11af49	k__Bacteria; p__Bacteroidetes; c__[Saprospirae]; o__[Saprospirales]; f__Saprospiraceae; g__; s__	1.0
fe84f18f427d1a50fbc90ebcc8e916ae	k__Bacteria; p__Proteobacteria; c__Betaproteobacteria; o__Burkholderiales; f__Oxalobacteraceae; g__; s__	0.8
7aca653aeea97a9ddd660dab9662ca0d	k__Bacteria; p__Proteobacteria; c__Alphaproteobacteria; o__; f__; g__; s__	1.0
753e8b047a2568896e86dbde9baa49b8	k__Bacteria	1.0
fbb71b6b612f6486b22ffb584d8c5497	k__Bacteria; p__Bacteroidetes; c__Sphingobacteriia; o__Sphingobacteriales; f__; g__; s__	1.0
97a3f9cbd0e885f0206142e93394f9ff	k__Bacteria; p__Proteobacteria; c__TA18; o__PHOS-HD29; f__; g__; s__	1.0
81bc51acaf128472108c3225ae12ad6e	k__Bacteria; p__Proteobacteria; c__Deltaproteobacteria; o__Bdellovibrionales; f__Bdellovibrionaceae; g__Bdellovibrio; s__	0.7
8bd9b1f648db43719fde245864fbc881	k__Bacteria; p__GN02; c__BD1-5; o__; f__; g__; s__	1.0
81092ddbe061850e1ee25301d50b176d	k__Bacteria; p__Proteobacteria; c__Alphaproteobacteria; o__Rhodospirillales	1.0
df28ee3e428f61677d95def971670c93	k__Bacteria; p__Cyanobacteria; c__Synechococcophycideae; o__Pseudanabaenales; f__Pseudanabaenaceae; g__Pseudanabaena; s__	1.0
a6f96d880657ed1215a16a59ca90ef9a	k__Bacteria; p__Gemmatimonadetes; c__Gemmatimonadetes; o__KD8-87; f__; g__; s__	1.0
ec4df7bec7510c240a594a32979ea5cc	k__Bacteria; p__OD1; c__ZB2; o__; f__; g__; s__	1.0
931245bfd32d9230ded1a0b80147a2a9	k__Bacteria; p__Acidobacteria; c__Acidobacteria-6; o__iii1-15; f__mb2424; g__; s__	1.0
eb4797a500634f15d64668dd1a6700cf	k__Bacteria; p__Chloroflexi; c__Anaerolineae; o__GCA004; f__; g__; s__	1.0
f52b5d3ced982f5c2fd2314d2db054eb	k__Bacteria; p__Proteobacteria; c__Gammaproteobacteria; o__Legionellales; f__Coxiellaceae; g__; s__	1.0
bd64070f7f01150ee8d0918f3735c0a9	k__Bacteria; p__Proteobacteria	0.6
189e9426ce6d9ef7a1a81b9fe46343be	k__Bacteria; p__Proteobacteria; c__Gammaproteobacteria; o__Legionellales; f__Coxiellaceae; g__; s__	0.7
5412208c44a66ee9b055a68f5fd2f0ca	k__Bacteria; p__Proteobacteria; c__Alphaproteobacteria; o__Rhodobacterales; f__Rhodobacteraceae; g__Rhodobacter; s__	1.0
c7a2ee88448b6d21b288397fcbfd01e6	k__Bacteria; p__Bacteroidetes	0.8
864b1994fc2f51ae98473a1e531af3fd	Unassigned	0.0
dce2816bd7b1b9b9f092e3c08a968abf	k__Bacteria; p__Cyanobacteria; c__Chloroplast; o__Streptophyta; f__; g__; s__	1.0
2b1a02c2775ee1c9b07a8293326a35c4	k__Bacteria; p__GOUTA4; c__; o__; f__; g__; s__	0.6
e29237e2131351118a7d090dfe865882	k__Bacteria; p__Proteobacteria; c__Betaproteobacteria; o__MND1; f__; g__; s__	1.0
fe70683cb4fe8a3afe5e6ce389ce963c	k__Bacteria; p__Proteobacteria; c__Gammaproteobacteria; o__Xanthomonadales; f__Xanthomonadaceae; g__Aquimonas; s__	0.6
03b783b9d25081b4d714855a32d92872	k__Bacteria; p__Chlamydiae; c__Chlamydiia; o__Chlamydiales	0.8
b9415533b68b8a9ca4fe62ff64098476	k__Bacteria; p__Proteobacteria; c__Alphaproteobacteria; o__Rhizobiales	0.8
12e67f9f1875b1997743dbba2443524f	k__Bacteria; p__Bacteroidetes; c__Sphingobacteriia; o__Sphingobacteriales; f__Sphingobacteriaceae; g__; s__	0.9
420f3e4f7544daf310097c5086cb4009	k__Bacteria; p__Cyanobacteria; c__Chloroplast; o__Chlorophyta; f__Chlamydomonadaceae	0.7
919e7266a8af762ffb06dad0acb1ebf5	k__Bacteria; p__Proteobacteria; c__Alphaproteobacteria	1.0
36c5a4608bbb25f9ab81f198c25d21d7	k__Bacteria; p__Proteobacteria; c__Alphaproteobacteria; o__Rhizobiales; f__; g__; s__	0.9
5bff37b0ca94b4daa43295e38b1195fe	k__Bacteria; p__Proteobacteria; c__Alphaproteobacteria; o__Sphingomonadales; f__; g__; s__	0.9
06b2d4cb8327caa66cb973cd47f73098	k__Bacteria; p__Proteobacteria; c__Alphaproteobacteria; o__Rickettsiales; f__; g__; s__	0.8
37b24d4b6e45bfc629353cfafbb9467b	k__Bacteria; p__Proteobacteria; c__Deltaproteobacteria; o__Myxococcales; f__; g__; s__	1.0
f4e45b2b75f863fe32b62849f679f711	k__Bacteria; p__Proteobacteria; c__Betaproteobacteria	1.0
dccb6bcf4a4851faad35ba7db46b3d60	k__Bacteria; p__Proteobacteria; c__Betaproteobacteria; o__Burkholderiales	0.6
72c09b135984c2b02b479c6f6e4fe42b	k__Bacteria; p__Proteobacteria; c__Alphaproteobacteria; o__Rickettsiales; f__mitochondria	1.0
4be0736f64bc236a17502fd5217c78d3	k__Bacteria; p__Planctomycetes; c__OM190; o__CL500-15; f__; g__; s__	1.0
5b103b2c27fc865b46c73021c5de7de6	k__Archaea; p__[Parvarchaeota]; c__[Parvarchaea]; o__WCHD3-30; f__; g__; s__	1.0
5d91d8890ad17e4832f041f257915b7f	k__Bacteria; p__Proteobacteria; c__Gammaproteobacteria; o__Alteromonadales; f__Alteromonadaceae; g__BD2-13; s__	0.9
46ae804a4ceac78dd55101532be736c4	k__Bacteria; p__Proteobacteria; c__Betaproteobacteria; o__; f__; g__; s__	1.0
5dbc7309b008d45f9d147d56db1c4ddc	k__Bacteria; p__Verrucomicrobia; c__[Spartobacteria]; o__[Chthoniobacterales]; f__[Chthoniobacteraceae]; g__Candidatus Xiphinematobacter; s__	0.9
2080df2f70b007886ab7ccb6c6c08008	k__Bacteria; p__Proteobacteria; c__Deltaproteobacteria; o__Bdellovibrionales; f__Bacteriovoracaceae; g__; s__	0.9
ac89e88fe47579e2b6d9fe4e367b4192	k__Bacteria; p__Proteobacteria; c__Betaproteobacteria; o__Methylophilales; f__Methylophilaceae; g__Methylotenera; s__mobilis	1.0
4d71b81014fe511ce9017362152e4a7f	Unassigned	0.0
3114e6e2247cfde6754a36dce2362713	k__Bacteria; p__Proteobacteria; c__Gammaproteobacteria; o__Pseudomonadales; f__Pseudomonadaceae; g__Pseudomonas; s__	0.8
5910476b036bb0b48098498957c6f876	k__Bacteria; p__Acidobacteria; c__DA052; o__Ellin6513; f__; g__; s__	0.6
8f182bd8748e322ab9ee8e8837eeae06	k__Bacteria; p__Proteobacteria; c__Betaproteobacteria; o__Methylophilales; f__Methylophilaceae; g__Methylotenera; s__mobilis	1.0
99d47084e0bafce52799760c920ecd74	k__Bacteria; p__Proteobacteria; c__Alphaproteobacteria; o__Rhodospirillales; f__Rhodospirillaceae; g__; s__	1.0
76c216025cdd81f65438d2dbd2adb1ea	k__Bacteria; p__Cyanobacteria; c__Chloroplast; o__Streptophyta; f__; g__; s__	1.0
a1219d3040f69fc32c2645e54c27ed1f	k__Bacteria; p__Actinobacteria; c__Actinobacteria; o__Actinomycetales; f__; g__; s__	1.0
32cd175794a1ca0e69b7994329f756e2	k__Bacteria; p__Bacteroidetes; c__[Saprospirae]; o__[Saprospirales]; f__Chitinophagaceae; g__; s__	1.0
9d5e36572210f0ae0a9d995d802ce3a1	k__Bacteria; p__[Thermi]; c__Deinococci; o__Deinococcales; f__Trueperaceae; g__Truepera; s__	0.7
a69b720fb88a2bee6cc97c6d9bd41d4f	k__Bacteria; p__Bacteroidetes; c__Sphingobacteriia; o__Sphingobacteriales; f__; g__; s__	0.7
bd5ea5e7d186ca18fb9aa931835f437c	k__Bacteria; p__GN02; c__BD1-5; o__; f__; g__; s__	1.0
4ea03ccb2d863328c4ccd50972924cb5	k__Bacteria; p__OD1; c__ABY1; o__; f__; g__; s__	0.7
b9cfa218c9cbea44e08cf6df68180536	k__Bacteria; p__Proteobacteria; c__Betaproteobacteria; o__Burkholderiales; f__Comamonadaceae	1.0
c2d5c9f34b21146f7ec91125bf1ed4d1	k__Bacteria; p__Proteobacteria; c__Betaproteobacteria; o__; f__; g__; s__	0.9
48e50cfcff6bb7ef8eef5962bc523eaa	k__Bacteria; p__Proteobacteria; c__Epsilonproteobacteria; o__Campylobacterales; f__Helicobacteraceae; g__Sulfuricurvum; s__kujiense	1.0
ca482ebac73889e7e7313704b79f41f1	k__Bacteria; p__Proteobacteria; c__Deltaproteobacteria; o__Syntrophobacterales; f__Syntrophobacteraceae; g__; s__	1.0
337105cbc3de69bc5f612c6285477efc	k__Bacteria; p__Proteobacteria; c__Alphaproteobacteria; o__Rhodospirillales; f__Rhodospirillaceae	0.8
fc704670e41d527ef0fbd4e4f6d0af53	k__Bacteria; p__Proteobacteria; c__Gammaproteobacteria; o__Methylococcales; f__Methylococcaceae; g__Methylomonas; s__	1.0
4033487c23c00d630ba4aaea19dc4e7c	k__Bacteria; p__Proteobacteria; c__Deltaproteobacteria; o__Bdellovibrionales; f__Bdellovibrionaceae; g__Bdellovibrio; s__	1.0
802f7d5d4068ddf477c08935adcd0f6f	k__Bacteria; p__Proteobacteria; c__Betaproteobacteria; o__Burkholderiales; f__Oxalobacteraceae; g__Polynucleobacter; s__	0.7
5fc95dab7a1799dcc6c33cf5b8f40181	k__Bacteria; p__Tenericutes; c__Mollicutes; o__Entomoplasmatales; f__; g__; s__	1.0
7e77a996665e326880173e13a4913877	k__Bacteria; p__Proteobacteria; c__Gammaproteobacteria; o__Xanthomonadales; f__Sinobacteraceae; g__; s__	1.0
3847327f50981b35adcffce84256762e	k__Bacteria; p__Proteobacteria; c__Alphaproteobacteria; o__Rickettsiales; f__; g__; s__	1.0
05d430b68ef70a5bf4fa321e6329f0db	k__Bacteria; p__Proteobacteria; c__Deltaproteobacteria; o__GMD14H09; f__; g__; s__	1.0
ea83ce8bb14d2421d7cb3e3647f87b99	k__Bacteria; p__Verrucomicrobia; c__[Spartobacteria]; o__[Chthoniobacterales]; f__[Chthoniobacteraceae]; g__Candidatus Xiphinematobacter; s__	0.9
368021d2c124fabd27a85231f87a9743	k__Bacteria; p__Proteobacteria; c__Alphaproteobacteria; o__; f__; g__; s__	0.6
6b2bfd62162a1d9365c0bd0a13f00662	k__Bacteria; p__Proteobacteria; c__Betaproteobacteria; o__Burkholderiales; f__Comamonadaceae; g__; s__	0.8
e8e5f309848a9be05c1b1ac06d461355	k__Bacteria; p__Proteobacteria; c__Deltaproteobacteria; o__Spirobacillales; f__; g__; s__	0.8
f04d49711a2ef75def9abff3a9cef93d	k__Bacteria; p__Proteobacteria; c__Alphaproteobacteria; o__Rhodospirillales; f__Acetobacteraceae; g__; s__	0.6
8fde8df12f86c4030b258d80b7431188	k__Bacteria; p__Proteobacteria; c__Betaproteobacteria; o__Rhodocyclales; f__Rhodocyclaceae; g__Dechloromonas; s__	1.0
0273ee9422339ab2fb003d858636eaa0	k__Bacteria; p__Bacteroidetes; c__Flavobacteriia; o__Flavobacteriales; f__[Weeksellaceae]; g__Chryseobacterium; s__	1.0
d2ca3f345b42758d85c6ead7be43017b	k__Bacteria; p__Firmicutes; c__Clostridia; o__Clostridiales; f__; g__; s__	1.0
39a81b4958eea45dd0fdf9dc3c268d2f	k__Bacteria; p__Bacteroidetes; c__Bacteroidia; o__Bacteroidales; f__Bacteroidaceae; g__; s__	0.6
1fdb995447a3d60e91c3c5efaf843ad3	k__Bacteria; p__Proteobacteria	1.0
15d5a481fd67b6ad482cc647bea4ee81	k__Bacteria; p__Proteobacteria; c__Alphaproteobacteria; o__Rhizobiales; f__; g__; s__	1.0
6a37a45bd5e9fbfe9a19528edddd698c	k__Bacteria; p__Verrucomicrobia; c__[Pedosphaerae]; o__[Pedosphaerales]; f__; g__; s__	0.7
98db04ddfb70398dae21feb70a53766e	Unassigned	0.0
ca7b82fb1c8c551ee74030026c17976f	k__Bacteria; p__Proteobacteria; c__Betaproteobacteria; o__Burkholderiales; f__Oxalobacteraceae; g__Cupriavidus; s__	0.6
5c3807b538b81eab3f8de227b14cf9ec	k__Bacteria; p__TM6; c__SJA-4; o__; f__; g__; s__	1.0
6040266f796ed1e34d11d5f8b8c74dc9	k__Bacteria; p__TM6; c__SJA-4; o__; f__; g__; s__	1.0
c5e48e13bb5c48efbcb9db8602e569fe	k__Bacteria; p__Proteobacteria; c__Alphaproteobacteria; o__Rickettsiales	0.8
323237a98302d46334eeb516215a9eea	k__Archaea; p__[Parvarchaeota]; c__[Parvarchaea]; o__YLA114; f__; g__; s__	0.8
8acc0d6665fd185b0a656142b99774ae	k__Bacteria; p__Planctomycetes; c__Planctomycetia; o__Pirellulales; f__Pirellulaceae; g__; s__	1.0
4f34942ec65e3bbb1e9c9dc5c12a292a	k__Bacteria; p__Proteobacteria; c__Alphaproteobacteria; o__Rhodospirillales; f__Acetobacteraceae; g__Roseococcus; s__	1.0
ba111f3437db5321a39e1626a2abece4	k__Bacteria; p__Proteobacteria	0.7
3a7c2020bc5eb27b3397573d10d44afa	k__Bacteria; p__Proteobacteria; c__Betaproteobacteria; o__; f__; g__; s__	0.8
dab508686ae144fd2b9f71da7f84a102	k__Archaea; p__[Parvarchaeota]; c__[Parvarchaea]; o__WCHD3-30; f__; g__; s__	1.0
53bebd738e5642eeb806e52ec47f0c2a	k__Bacteria; p__Proteobacteria; c__Alphaproteobacteria; o__Rhodospirillales; f__Rhodospirillaceae; g__; s__	0.9
f6d5f3d38221ee7fedadf5843fceba4c	k__Bacteria; p__Cyanobacteria; c__Oscillatoriophycideae	0.6
c93e29b66e7a7d9518d7ed72a6e094ac	k__Bacteria; p__Proteobacteria; c__Betaproteobacteria; o__Neisseriales; f__Neisseriaceae	0.6363636363636364
706f14ecb77e913529c4227b2b10a12e	k__Bacteria; p__Proteobacteria; c__Deltaproteobacteria; o__Myxococcales; f__OM27; g__; s__	0.7
8553eafcb1a189916567981850cd1c38	k__Bacteria; p__TM6; c__SJA-4; o__YJF2-48; f__; g__; s__	0.9
d39dd282179d3bd554105bafce7e8c31	k__Bacteria; p__Firmicutes; c__Erysipelotrichi; o__Erysipelotrichales; f__Erysipelotrichaceae	0.6
f5dc3784eb88b974ce0247b0cb90043c	k__Archaea; p__[Parvarchaeota]; c__[Parvarchaea]; o__WCHD3-30; f__; g__; s__	1.0
86b8cd4f543567e8856c11b0bf369ee5	k__Bacteria; p__Proteobacteria; c__Alphaproteobacteria; o__; f__; g__; s__	1.0
bb0f173a5a177d5d587f323969dc8b42	k__Bacteria; p__Proteobacteria; c__Deltaproteobacteria; o__Myxococcales; f__Myxococcaceae; g__Anaeromyxobacter; s__	1.0
df7e7a0c21d76de5dcc074174f40453e	k__Bacteria; p__Acidobacteria; c__Solibacteres; o__Solibacterales; f__; g__; s__	1.0
9c7dfbfa5eaf4ce670ee98f2cd69137d	k__Bacteria; p__Cyanobacteria; c__Chloroplast	0.5555555555555556
a91bfc6b614b9f8d543a8b4887a44b38	k__Archaea; p__Euryarchaeota; c__Methanobacteria; o__Methanobacteriales; f__Methanobacteriaceae; g__Methanobacterium	1.0
56521ce1ae22ad39a92b5127c6cce952	k__Bacteria; p__Proteobacteria; c__Deltaproteobacteria; o__Myxococcales; f__OM27; g__; s__	1.0
dbb2453a63cd5e08d4daef8c74350de7	k__Bacteria; p__Proteobacteria; c__Betaproteobacteria; o__Rhodocyclales; f__Rhodocyclaceae; g__Dechloromonas; s__	1.0
c82e742d00f778db31320c4a505fac4d	k__Bacteria; p__Proteobacteria; c__Alphaproteobacteria; o__Rhizobiales; f__Rhizobiaceae; g__; s__	0.6
6621587d19736f70c82d22d3383304dc	k__Bacteria; p__Proteobacteria; c__Alphaproteobacteria; o__Rickettsiales; f__; g__; s__	1.0
ec926a031d803aaab71465c1bbb00d24	k__Bacteria; p__Proteobacteria; c__Deltaproteobacteria; o__Myxococcales; f__; g__; s__	1.0
c69fc82774baa76d83c2a2ca7f16baf3	k__Bacteria; p__Bacteroidetes; c__Cytophagia; o__Cytophagales; f__Cytophagaceae; g__Spirosoma; s__	1.0
a5e4d3f353d2932705047382d0916d7d	Unassigned	0.0
930824206fc23a1af242854491d03e43	k__Bacteria; p__Proteobacteria; c__Betaproteobacteria; o__SC-I-84; f__; g__; s__	0.9
743e8c87f227fb810f68506ece4f1d01	k__Bacteria; p__Proteobacteria; c__Alphaproteobacteria; o__Rhodobacterales; f__Hyphomonadaceae; g__Hyphomonas; s__	1.0
25489c4d61e394ab7e6684f7159bcdf3	k__Bacteria; p__Proteobacteria; c__Alphaproteobacteria; o__Rhizobiales; f__; g__; s__	0.8
32ba18d5e3d939c4a71ded3f520c22cd	k__Bacteria; p__Actinobacteria; c__Actinobacteria; o__Actinomycetales; f__ACK-M1; g__; s__	0.9
0879469c497502e8377356fb4ed910f1	k__Bacteria; p__Proteobacteria; c__Alphaproteobacteria; o__Rhodospirillales; f__Acetobacteraceae; g__; s__	0.7
a7813b5b70994950e17485c4da31cd89	k__Bacteria; p__Cyanobacteria; c__Chloroplast; o__Stramenopiles; f__; g__; s__	1.0
57c3cfb6178ea9b85dac50be50511180	Unassigned	0.0
6bb546527e06140252faa7f78b307c3e	k__Bacteria; p__Firmicutes; c__Bacilli; o__Bacillales; f__; g__; s__	1.0
e6d1535c7b3d891b3e86fb3dd46bc43f	k__Bacteria; p__Firmicutes; c__Clostridia; o__Clostridiales; f__[Tissierellaceae]; g__Parvimonas; s__	0.9
1b301972e6272199a1be46713842088b	k__Bacteria; p__Fusobacteria; c__Fusobacteriia; o__Fusobacteriales; f__Fusobacteriaceae; g__u114; s__	0.9
d7e90e3554fcd2fe3a4717737ae99e11	k__Bacteria; p__Actinobacteria; c__Thermoleophilia; o__Gaiellales	1.0
0d02130118778515c52dc0b3f0bf6b2d	k__Bacteria; p__Proteobacteria; c__Deltaproteobacteria; o__Desulfuromonadales; f__Geobacteraceae; g__Geobacter; s__	1.0
6c04299c780ff74192508a42dafd6b8f	k__Bacteria; p__Bacteroidetes; c__[Saprospirae]; o__[Saprospirales]; f__Saprospiraceae; g__; s__	1.0
1d1276f460059d5f6e33bfd49631e1b4	k__Bacteria; p__Cyanobacteria; c__Synechococcophycideae; o__Synechococcales; f__Synechococcaceae; g__Synechococcus; s__	1.0
28087a04978f66bed4e9c91410098bae	k__Bacteria; p__Bacteroidetes; c__Bacteroidia; o__Bacteroidales; f__Bacteroidaceae; g__Bacteroides; s__ovatus	0.7
2998295ac0d132cbe22d523bafab38fc	k__Bacteria; p__Actinobacteria; c__; o__; f__; g__; s__	0.6
bec0fd03faafcf3105e842660673dcfd	k__Bacteria; p__Proteobacteria; c__Gammaproteobacteria; o__Legionellales; f__Legionellaceae	0.8
4478657eefc18ec929830c67905bd1ab	k__Bacteria; p__Cyanobacteria; c__Chloroplast; o__Stramenopiles; f__; g__; s__	1.0
a89f331856d17ffd6aba8ca88aaa1aec	k__Bacteria; p__Bacteroidetes; c__[Saprospirae]; o__[Saprospirales]; f__Chitinophagaceae	1.0
81692e611b65883f2254b2e11b3bcbcf	k__Bacteria; p__Actinobacteria; c__Actinobacteria; o__Actinomycetales; f__Cellulomonadaceae; g__Demequina; s__	1.0
d5ad4b7d65a4c8e5b2a2064d43c53ced	k__Bacteria; p__OD1; c__ABY1; o__; f__; g__; s__	1.0
bc4bd5a8362bfd0322bd56612ff0a010	k__Bacteria; p__Proteobacteria; c__Alphaproteobacteria; o__Rhizobiales; f__Rhizobiaceae	0.8
af683c97d27af44e83415cc3cddb21a6	k__Bacteria; p__Proteobacteria; c__Gammaproteobacteria; o__Oceanospirillales; f__Halomonadaceae; g__Candidatus Portiera; s__	0.8
c0232b9b00ba5a8eddb3987bbbfb8bcb	k__Archaea; p__Euryarchaeota; c__Methanomicrobia; o__Methanomicrobiales; f__Methanospirillaceae; g__Methanospirillum; s__	0.8
e53f70eb4213272f834d22c2df30bcbb	k__Bacteria; p__Bacteroidetes; c__[Saprospirae]; o__[Saprospirales]; f__Chitinophagaceae; g__; s__	0.9
d52586b550cc10898caa0f756cf8cac2	k__Bacteria; p__Firmicutes; c__Clostridia; o__Clostridiales; f__Ruminococcaceae; g__Oscillospira; s__	1.0
93c1d26c61770b1eaf3d1d2aefe0f487	k__Bacteria; p__Proteobacteria; c__Alphaproteobacteria; o__BD7-3; f__; g__; s__	0.8
8df695b115817564310ecc7063262a0f	k__Bacteria; p__Spirochaetes; c__Spirochaetes; o__Spirochaetales; f__Spirochaetaceae; g__Treponema; s__	1.0
e3c320718c285bf045600ef87dfb8c12	k__Bacteria; p__Proteobacteria; c__Alphaproteobacteria; o__Rhodospirillales; f__Acetobacteraceae; g__Roseococcus; s__	0.8
04f9aa28eb32421acfb62b25c4371f2f	k__Bacteria; p__Bacteroidetes; c__Cytophagia; o__Cytophagales; f__Cytophagaceae; g__Leadbetterella; s__	1.0
0ecd460b3ec5bd6caccb1cf3f21b6aca	k__Bacteria; p__Cyanobacteria; c__Chloroplast	1.0
1e78888757a25aea1dcc974e22f89d2b	k__Bacteria; p__OP3; c__BD4-9; o__; f__; g__; s__	1.0
d7c369b6d4677cb38623f85bfba3add3	k__Bacteria; p__Proteobacteria; c__Betaproteobacteria; o__; f__; g__; s__	1.0
ffeba7f0a3ab385683a476543dde41d4	k__Bacteria; p__Proteobacteria; c__Deltaproteobacteria	1.0
fee19012dbac8d6a1b4a77cd95893839	k__Bacteria; p__Proteobacteria; c__Betaproteobacteria; o__Rhodocyclales; f__Rhodocyclaceae; g__; s__	0.6
5477903acf0bfc2714156032f6f8a1ee	k__Bacteria; p__Cyanobacteria; c__Chloroplast; o__Cryptophyta; f__; g__; s__	0.6
48748f7a3098cadd904df1c97bfc35de	k__Bacteria; p__TM6; c__SJA-4; o__; f__; g__; s__	0.9
07525871763adff873402ef7889ca0bf	k__Bacteria; p__Chlorobi; c__Ignavibacteria; o__Ignavibacteriales; f__Ignavibacteriaceae; g__; s__	0.9
048c2486b80d22cd14110ef198688d37	k__Bacteria; p__Proteobacteria; c__Gammaproteobacteria; o__Legionellales; f__Legionellaceae; g__; s__	0.9
937023c55e1af34df978ca799548c926	k__Bacteria; p__Bacteroidetes; c__[Saprospirae]; o__[Saprospirales]; f__Chitinophagaceae; g__; s__	1.0
03d3038463efeb241c5bd38ba6b5dcba	k__Bacteria; p__Proteobacteria; c__Betaproteobacteria; o__Methylophilales; f__Methylophilaceae; g__; s__	0.9
01613a2f512c4ece748acb9240428a18	k__Bacteria; p__Firmicutes; c__Clostridia; o__Clostridiales; f__Clostridiaceae; g__; s__	0.9
43748dd4f642e307d2546a2837fd6378	k__Bacteria; p__Bacteroidetes; c__Cytophagia; o__Cytophagales; f__Cytophagaceae; g__Leadbetterella; s__	1.0
9b0f51cf1924825608431ec8637893c6	k__Bacteria; p__Bacteroidetes; c__[Saprospirae]; o__[Saprospirales]	0.6
cc474cba094bba7585402918f14b94de	k__Bacteria; p__Bacteroidetes; c__[Saprospirae]; o__[Saprospirales]; f__Chitinophagaceae; g__; s__	0.9
fe099440ed5866d0859044f6904ca442	k__Archaea; p__[Parvarchaeota]; c__[Parvarchaea]; o__WCHD3-30; f__; g__; s__	1.0
685c92b2941764354260ce6c67768a6d	k__Bacteria; p__Proteobacteria; c__Betaproteobacteria; o__Methylophilales; f__Methylophilaceae; g__; s__	0.9
e57afe77a6636931c2a4c3ccf5cb4f33	Unassigned	0.0
cccd1613a313b34df7f5a2adeb99c694	k__Bacteria; p__Cyanobacteria; c__Chloroplast; o__Chlorophyta; f__Chlamydomonadaceae; g__; s__	0.6
c6d1cac23adeb1ba4b7948426598239e	k__Bacteria; p__Bacteroidetes; c__Flavobacteriia; o__Flavobacteriales; f__Cryomorphaceae; g__Fluviicola; s__	0.9
158499b3dc283270fad8972d5bac8c6c	k__Archaea; p__[Parvarchaeota]; c__[Parvarchaea]; o__WCHD3-30; f__; g__; s__	1.0
5f38c1708703c55af15deb08a9b3cb51	k__Bacteria; p__Acidobacteria; c__Acidobacteria-6; o__iii1-15; f__RB40; g__; s__	1.0
6e6bc19616e6862144a20640f2be5458	k__Bacteria; p__Bacteroidetes; c__Sphingobacteriia; o__Sphingobacteriales; f__; g__; s__	0.7
fb080342a3dd6d0fd2aa96fe2f06b2ab	k__Bacteria; p__Cyanobacteria; c__Chloroplast; o__Streptophyta; f__; g__; s__	1.0
dcf5d806b84294d1785ad66c566a3707	k__Bacteria; p__Proteobacteria; c__Deltaproteobacteria; o__Bdellovibrionales; f__Bacteriovoracaceae; g__; s__	0.8
bfc9e4286359018079413eb46651f32c	k__Bacteria; p__Planctomycetes; c__Planctomycetia; o__Pirellulales; f__Pirellulaceae; g__; s__	1.0
a0c0c516c4137e0fc2c3c130ca93b4cd	k__Bacteria; p__Cyanobacteria; c__Chloroplast; o__Chlorophyta; f__Chlamydomonadaceae; g__; s__	0.6
99ff13f29ee3fbe09554beecfd926668	k__Bacteria; p__Proteobacteria; c__Betaproteobacteria; o__Ellin6067; f__; g__; s__	1.0
519eb280bbb7c26a3efacfbb14416f7c	k__Bacteria; p__Proteobacteria; c__Alphaproteobacteria; o__Rhizobiales; f__Xanthobacteraceae; g__Xanthobacter	0.8
413b5393fe84a2280866433851203dbe	k__Bacteria; p__Tenericutes; c__Mollicutes; o__Entomoplasmatales; f__; g__; s__	1.0
2ddb0b2219c3b9b070c7dca29697fd65	k__Bacteria; p__Proteobacteria; c__Gammaproteobacteria; o__Pseudomonadales; f__Moraxellaceae; g__Perlucidibaca; s__	1.0
5235d53aca9e33a8c51a87e1e941b26c	k__Bacteria; p__Bacteroidetes; c__Sphingobacteriia; o__Sphingobacteriales; f__; g__; s__	0.9
4cb63eb2b964dd10eb98dc4b917d8a28	k__Bacteria; p__Chlamydiae; c__Chlamydiia; o__Chlamydiales; f__Rhabdochlamydiaceae; g__Candidatus Rhabdochlamydia; s__	0.6
c77fc70c4c5c1021f603bee6aa3e6b8f	k__Bacteria; p__Proteobacteria; c__Deltaproteobacteria; o__; f__; g__; s__	1.0
b5ed8330833dbe20f4747e74b0fd3568	k__Bacteria; p__Cyanobacteria; c__Synechococcophycideae; o__Synechococcales; f__Synechococcaceae; g__Synechococcus; s__	1.0
a15c77631d54ed217066c5a1aa885178	k__Bacteria; p__Proteobacteria; c__Alphaproteobacteria; o__Rickettsiales; f__mitochondria; g__Phytophthora	0.6
bc13b8b1d96389824f4d4ab774a1e9fb	k__Bacteria; p__Bacteroidetes; c__Cytophagia; o__Cytophagales; f__Cytophagaceae; g__Emticicia; s__	1.0
90283c3cf97146b64c189ab56549b6c2	k__Bacteria; p__Verrucomicrobia; c__Verrucomicrobiae; o__Verrucomicrobiales; f__Verrucomicrobiaceae; g__; s__	1.0
cd217ab43f415e770e195cc302edf323	k__Bacteria; p__Actinobacteria; c__Actinobacteria; o__Actinomycetales; f__Microbacteriaceae	1.0
9bb7e0f8a375ef06379edda91c51c579	k__Bacteria; p__Cyanobacteria; c__ML635J-21; o__; f__; g__; s__	1.0
ef198ab72580ae095b75378c9ffde12e	k__Bacteria; p__Planctomycetes; c__Planctomycetia; o__Pirellulales; f__Pirellulaceae; g__; s__	1.0
f1943ff018fa4bca5d30d36bdd03f3bf	k__Bacteria; p__Proteobacteria; c__Deltaproteobacteria; o__Myxococcales; f__; g__; s__	0.9
a2c9d1f7aedc91edb2ccbc3e35639b72	k__Bacteria; p__Cyanobacteria; c__Chloroplast; o__Stramenopiles; f__; g__; s__	1.0
74b173b6220ddf64596a498bb319e878	k__Bacteria; p__Firmicutes; c__Clostridia; o__Clostridiales; f__Ruminococcaceae; g__Faecalibacterium; s__prausnitzii	0.9
faca51b609e9403e8d4db5796ba37ac7	k__Bacteria; p__Bacteroidetes; c__Flavobacteriia; o__Flavobacteriales; f__Flavobacteriaceae; g__Flavobacterium; s__	1.0
e89bd3af34ebe7c6ab22eb7e3ef6e8ba	k__Bacteria; p__Actinobacteria; c__Acidimicrobiia; o__Acidimicrobiales; f__C111; g__; s__	1.0
6dbd376bf3dedc5e1b34351c9eea095d	k__Bacteria; p__Bacteroidetes; c__[Saprospirae]; o__[Saprospirales]; f__Chitinophagaceae; g__; s__	0.9
3126a40ce1651cecf33b0751af988a92	k__Bacteria; p__Bacteroidetes; c__Sphingobacteriia; o__Sphingobacteriales; f__; g__; s__	1.0
91a7ab3f98f1cf8ad5b36f1854d23743	k__Bacteria; p__Proteobacteria; c__Deltaproteobacteria; o__Myxococcales; f__; g__; s__	0.9
397369d91920df4990b254b2eeeaca3b	Unassigned	0.0
d87c5133e413dce9877ed070337360b6	k__Bacteria; p__OP3; c__BD4-9; o__; f__; g__; s__	1.0
206c9bbd5492f6dc5b086aa90f7dc45f	k__Bacteria; p__Gemmatimonadetes; c__Gemmatimonadetes; o__; f__; g__; s__	1.0
090415b9b95b279ba63ab50af297b237	k__Bacteria; p__OD1; c__; o__; f__; g__; s__	0.9
009c59b0649edfa7ededf73b628a1f6e	k__Bacteria; p__Proteobacteria; c__Deltaproteobacteria; o__Myxococcales; f__Polyangiaceae; g__; s__	0.8
52b39e40dccdfdfb740d531db3dabdeb	k__Bacteria; p__Proteobacteria; c__Gammaproteobacteria; o__HOC36; f__; g__; s__	1.0
435463e0a538aea2d1c6d83cc7cd16f3	k__Bacteria; p__Proteobacteria; c__Alphaproteobacteria; o__Rickettsiales; f__; g__; s__	1.0
a380ec3ba9796019199944093720f36c	k__Bacteria; p__Spirochaetes; c__Spirochaetes; o__[Borreliales]; f__[Borreliaceae]; g__Borrelia; s__	0.9
3ad1826fb670217ebd23b368f76b051b	k__Bacteria; p__Planctomycetes; c__Planctomycetia; o__Pirellulales; f__Pirellulaceae; g__; s__	1.0
69cd5d4be40d48118dc16ad43f3b8584	k__Bacteria; p__Planctomycetes; c__Planctomycetia; o__Pirellulales; f__Pirellulaceae; g__; s__	1.0
31442891d6f9133e8b78ae4c25b20172	k__Bacteria; p__Proteobacteria; c__Gammaproteobacteria; o__Methylococcales	1.0
e3828716ed85431d4f361680bc864672	k__Bacteria; p__Proteobacteria; c__Gammaproteobacteria; o__Legionellales; f__Legionellaceae; g__; s__	1.0
ce0aab2eb3d82f1b597f2091f98ed6b1	k__Bacteria; p__Chloroflexi; c__Anaerolineae; o__SBR1031; f__A4b; g__; s__	0.9
d2d4402c0ed6041df85e8094e9605d3c	k__Bacteria; p__Proteobacteria; c__Betaproteobacteria; o__Burkholderiales; f__Comamonadaceae	0.9
bd719d1563d33275327695f491bbcd4a	k__Bacteria; p__Proteobacteria; c__Betaproteobacteria; o__MWH-UniP1; f__; g__; s__	0.7
b2b60f8bae109104562a0a442479da16	k__Bacteria; p__Proteobacteria; c__Betaproteobacteria; o__Methylophilales; f__Methylophilaceae; g__; s__	1.0
f5b6c2eb7cb8abe47e15769ef1549158	k__Bacteria; p__Proteobacteria; c__Gammaproteobacteria; o__Xanthomonadales; f__Sinobacteraceae; g__; s__	1.0
ff4394ac187bcf1ebdc8d09d7df23c88	k__Bacteria; p__Firmicutes; c__Clostridia; o__Clostridiales; f__[Tissierellaceae]	0.8
a4712128ed4b6a9afdca9d057b926701	k__Bacteria; p__Bacteroidetes; c__Sphingobacteriia; o__Sphingobacteriales; f__; g__; s__	1.0
b3d328c6e846b93265488b5f1c16fb12	k__Bacteria; p__Proteobacteria; c__Alphaproteobacteria; o__Sphingomonadales; f__Sphingomonadaceae; g__Novosphingobium; s__	0.9
eb59516d8a6843609484cec4eb49c70e	k__Bacteria; p__Firmicutes	0.6
d8ef2caecf64170351796d88a6dfe2e5	k__Bacteria; p__GN02; c__BD1-5; o__; f__; g__; s__	1.0
c57d27deb3f116a2e56114876229ae58	k__Bacteria; p__Spirochaetes; c__Spirochaetes; o__Spirochaetales; f__Spirochaetaceae; g__; s__	0.8
649d23165d27fdb65bd24f950089d05b	k__Bacteria; p__Cyanobacteria; c__Chloroplast; o__Streptophyta; f__; g__; s__	1.0
0c45d81750d8fcb057c9c408350d2f1f	k__Bacteria; p__Proteobacteria; c__Alphaproteobacteria; o__Caulobacterales; f__Caulobacteraceae; g__; s__	0.8
523efd44e9ced772eb2150ea65eace3c	k__Bacteria; p__Proteobacteria; c__Betaproteobacteria; o__Rhodocyclales; f__Rhodocyclaceae	1.0
2cd885b2d69ff465e71de485317dcd90	k__Bacteria; p__Chloroflexi; c__Anaerolineae; o__SBR1031; f__A4b; g__; s__	1.0
1e8bd1068340e5a4e0bd9ad55bf5b8da	k__Bacteria; p__Bacteroidetes; c__Bacteroidia; o__Bacteroidales; f__Porphyromonadaceae; g__Paludibacter; s__	0.8
a8c20812833d5dd5986620f599093524	k__Bacteria; p__Proteobacteria; c__Gammaproteobacteria; o__Methylococcales; f__; g__; s__	0.9
c3c30afab2ecc1b8f5b3e77ea2de83bb	k__Bacteria; p__Proteobacteria; c__Deltaproteobacteria; o__Syntrophobacterales; f__Syntrophaceae; g__Desulfomonile; s__	1.0
c1c8914535445f4363414c50a733f555	k__Bacteria; p__Proteobacteria; c__Alphaproteobacteria; o__Rickettsiales; f__; g__; s__	1.0
91cc61ecd41d6663c415dcdf62a398ba	k__Bacteria; p__Fibrobacteres; c__Fibrobacteria; o__Ucp1540; f__; g__; s__	0.6
328ae0f09efb28cfbc9f56572ef1c8cf	k__Bacteria; p__Verrucomicrobia; c__[Pedosphaerae]; o__[Pedosphaerales]; f__; g__; s__	0.6
988c30e30c3bd18ae3c338bbccaf4417	k__Bacteria; p__Proteobacteria; c__Alphaproteobacteria; o__Rickettsiales; f__; g__; s__	0.9
24b2fe919bf79d18826a5481c7beda38	k__Bacteria; p__Verrucomicrobia; c__Verruco-5; o__LD1-PB3; f__; g__; s__	0.7
4443ed5def2fb32d175e8ebd425bc484	k__Bacteria; p__Proteobacteria; c__Alphaproteobacteria; o__; f__; g__; s__	0.9
10578edacdd2e8eaf8b9fcf2685e22dd	k__Bacteria; p__Proteobacteria; c__Alphaproteobacteria; o__Rickettsiales; f__; g__; s__	1.0
bffdd3b0ca1ec5460df95b4caebe206d	k__Bacteria; p__Actinobacteria; c__Actinobacteria; o__Actinomycetales; f__Microbacteriaceae; g__; s__	0.7
511bb57c44452e0dbc2d6b433aed2069	k__Bacteria; p__Proteobacteria; c__Gammaproteobacteria; o__Methylococcales; f__Methylococcaceae; g__Methylocaldum; s__	0.7
c463cbb16a4fa5099165111eb0eaed3d	Unassigned	0.0
f65566bb348d2550b87983d422520c16	k__Bacteria; p__Actinobacteria; c__Actinobacteria; o__Actinomycetales	1.0
7de4b3e37fa42088ae08e8359a3d2ccf	k__Bacteria; p__Proteobacteria; c__Deltaproteobacteria; o__Bdellovibrionales; f__Bacteriovoracaceae; g__; s__	1.0
72532db9df129d41ca036cdc2f30fa5d	k__Bacteria; p__Gemmatimonadetes; c__Gemmatimonadetes; o__Gemmatimonadales; f__Gemmatimonadaceae; g__Gemmatimonas; s__	1.0
c3b9ab21a43a5087b797c9dcb4ef954e	k__Bacteria; p__Chlorobi; c__SJA-28; o__; f__; g__; s__	0.9
3c1382767122d8e0714df9cb34038238	k__Bacteria; p__Proteobacteria; c__Alphaproteobacteria; o__Rickettsiales; f__; g__; s__	0.9
bb63b8e7a2d1fc9eb0383204a5309e94	k__Bacteria; p__Proteobacteria; c__Deltaproteobacteria; o__Desulfuromonadales; f__Geobacteraceae; g__Geobacter; s__	0.7
ed9281621e76503f2e000b86c013ea48	k__Bacteria; p__Bacteroidetes; c__[Saprospirae]; o__[Saprospirales]; f__Chitinophagaceae; g__; s__	0.9
3c891473e1dd18d40a6fb66d9fb6133c	k__Bacteria; p__Tenericutes; c__Mollicutes; o__; f__; g__; s__	1.0
38a006f746475cccae24ef7faaf43aa6	k__Bacteria; p__Proteobacteria; c__Alphaproteobacteria; o__BD7-3; f__; g__; s__	1.0
7f8c6fb8c1d83a0fa1d0c2b411a94f72	k__Bacteria; p__Proteobacteria; c__Deltaproteobacteria; o__Bdellovibrionales; f__Bdellovibrionaceae; g__Bdellovibrio; s__bacteriovorus	0.6
4bdb40f67bd405c85dcd1488841f56a9	k__Bacteria; p__Firmicutes; c__Clostridia; o__Clostridiales; f__Ruminococcaceae; g__Ruminococcus; s__	0.9
65a1743cbe5c76bce2b9b05cb2638feb	k__Bacteria; p__Proteobacteria; c__Gammaproteobacteria; o__Methylococcales; f__Crenotrichaceae; g__Crenothrix; s__	0.7
23672ae603348f33500aec2ac012fd75	Unassigned	0.0
d200ecee7533d11d2a1bbd4c8c98fc6a	k__Bacteria; p__Proteobacteria; c__Alphaproteobacteria; o__Rickettsiales; f__Anaplasmataceae; g__Ehrlichia; s__	0.7
9458ba3365fc5ec4b6aed4b7a17934fd	k__Bacteria; p__Proteobacteria; c__Deltaproteobacteria	0.6
fd8c40309ed45b1f67a7da32028dacf3	k__Bacteria; p__Proteobacteria; c__Betaproteobacteria; o__Methylophilales; f__Methylophilaceae; g__; s__	0.9
b88cdacb50ce60709a1bd6f6c276dce7	k__Bacteria; p__Proteobacteria; c__Alphaproteobacteria; o__Caulobacterales; f__Caulobacteraceae; g__; s__	0.7
0a15bb1e80c5fb1dab27f12de3d19062	k__Bacteria; p__Proteobacteria; c__Deltaproteobacteria; o__Myxococcales; f__Haliangiaceae; g__; s__	1.0
d5d7ca60c8918834ab80d58b6c3df6b7	k__Bacteria; p__Proteobacteria; c__Alphaproteobacteria; o__Sphingomonadales; f__Sphingomonadaceae; g__Sphingomonas; s__wittichii	0.8
02037f8735dc89d9048d97e19d78e1ee	k__Bacteria; p__Firmicutes; c__Clostridia; o__Clostridiales; f__Lachnospiraceae; g__Epulopiscium; s__	1.0
b5f827e79917f1722addbea721d9a24f	k__Bacteria; p__Proteobacteria; c__Betaproteobacteria; o__Ellin6067; f__; g__; s__	1.0
113df3e4584280aeb6208fb2d97bb615	k__Bacteria; p__Bacteroidetes; c__Bacteroidia; o__Bacteroidales; f__Bacteroidaceae; g__Bacteroides; s__	0.8
6e44ea268f1ee60dfab8a18f03549549	k__Bacteria; p__Actinobacteria; c__Thermoleophilia; o__Gaiellales; f__; g__; s__	1.0
4572d3ac9689a0015bc1ffbeffebb973	k__Bacteria; p__Proteobacteria; c__Deltaproteobacteria; o__Spirobacillales; f__; g__; s__	0.9
26ff5945790ac445173d9a8883d6a13a	k__Bacteria; p__Proteobacteria; c__Alphaproteobacteria; o__Rickettsiales; f__mitochondria	1.0
17a07ced5a0d34e77bd6cae18f23b08e	k__Bacteria; p__SR1; c__; o__; f__; g__; s__	1.0
b83b7345a78f4eb660411bf152b51f29	k__Bacteria; p__Proteobacteria; c__Alphaproteobacteria; o__Rickettsiales; f__; g__; s__	1.0
0589158e696a90028ffd900e355f0938	k__Bacteria; p__Proteobacteria; c__Alphaproteobacteria; o__; f__; g__; s__	1.0
7ae5f5fae777ddff944d2db375868e96	k__Bacteria; p__Proteobacteria; c__Betaproteobacteria; o__Burkholderiales; f__Comamonadaceae; g__; s__	0.6
e9a2af61c58453d709cfc203d4da31c5	k__Bacteria; p__Cyanobacteria; c__Oscillatoriophycideae; o__Chroococcales; f__Xenococcaceae; g__; s__	0.7
b98f024053167461d1853ffd29a33225	k__Bacteria; p__Proteobacteria	1.0
299dc0d43bff96d56767d8d7cc073b8b	Unassigned	0.0
5cd14e2f5ad5a9cf2162825639d4277f	k__Bacteria; p__Proteobacteria; c__Alphaproteobacteria; o__Rickettsiales; f__; g__; s__	0.9
6712027769fb3b884b36bb22c4dadb76	k__Bacteria; p__Proteobacteria; c__Alphaproteobacteria; o__; f__; g__; s__	1.0
8d38b1cc33b938c0d2686f060c6dfcba	k__Bacteria; p__Verrucomicrobia; c__Verrucomicrobiae; o__Verrucomicrobiales; f__Verrucomicrobiaceae	1.0
7793dcfb138fc7b207eb2c6de98dc764	k__Bacteria; p__Firmicutes; c__Clostridia; o__Clostridiales; f__Lachnospiraceae; g__Blautia; s__	0.6
dfcb92df6c7a55fe746898115f86861c	k__Bacteria; p__Proteobacteria; c__Alphaproteobacteria; o__Sphingomonadales; f__Erythrobacteraceae; g__; s__	0.7
741a3053010d00f204af7e2dd95a7522	k__Bacteria; p__Proteobacteria; c__Gammaproteobacteria; o__Methylococcales; f__Methylococcaceae	0.6
755839b0d91ab052b5309fb8cc36c27a	k__Bacteria; p__Proteobacteria; c__TA18; o__PHOS-HD29; f__; g__; s__	1.0
26809d257d83d15208345165840ae5d8	k__Bacteria; p__Verrucomicrobia; c__Opitutae; o__[Cerasicoccales]; f__[Cerasicoccaceae]; g__; s__	1.0
b7a14541f696e64313c4be2bb2745955	k__Bacteria; p__Bacteroidetes; c__[Saprospirae]; o__[Saprospirales]; f__Saprospiraceae; g__; s__	1.0
34f037766a84e87b8ce0ac146d89f728	k__Bacteria; p__Proteobacteria; c__Betaproteobacteria; o__Rhodocyclales; f__Rhodocyclaceae	0.6
0d85a5b0e0728cf6249c8904a0600ecd	k__Bacteria; p__Proteobacteria; c__Deltaproteobacteria; o__Myxococcales; f__; g__; s__	1.0
8e8c7c81112fceb395cfe5fb33d674db	k__Bacteria; p__Verrucomicrobia; c__Opitutae; o__Opitutales; f__Opitutaceae; g__Opitutus; s__	0.9
1a7f41700ae0f5b867705e280ac15d1a	k__Bacteria; p__Cyanobacteria; c__Oscillatoriophycideae; o__Chroococcales; f__Xenococcaceae	0.6
16cb2b7fd6130a4b0c1c2a94daa1c635	k__Bacteria; p__Gemmatimonadetes; c__Gemmatimonadetes; o__; f__; g__; s__	1.0
35b2a091114710b7cef96a013e05fdcd	k__Bacteria; p__Bacteroidetes; c__Bacteroidia; o__Bacteroidales; f__Rikenellaceae; g__; s__	0.6
9c84e589672a534f1a8e6d6140e9f461	k__Bacteria; p__Proteobacteria; c__Betaproteobacteria; o__Procabacteriales; f__Procabacteriaceae; g__; s__	1.0
1d182afc160af5b35c830e11cc6b4aea	k__Bacteria; p__Gemmatimonadetes; c__Gemmatimonadetes; o__KD8-87; f__; g__; s__	0.9
f59e684cc1cac37c1d422ad6d81fe9d8	k__Bacteria; p__Bacteroidetes; c__Cytophagia; o__Cytophagales; f__Flammeovirgaceae	0.6
29debd2d4c94464008258ad34b8d2695	k__Bacteria; p__Firmicutes; c__Bacilli; o__Bacillales; f__Bacillaceae; g__Bacillus; s__	0.6
0ee634efdbd4a6c7778dbaf45c6026f7	k__Bacteria; p__Proteobacteria; c__Betaproteobacteria; o__Burkholderiales	1.0
72f5151666c22d21e78ee4660e3fad96	k__Bacteria; p__Verrucomicrobia; c__Verruco-5; o__WCHB1-41; f__; g__; s__	0.9
bb47aa19ff4dfe8460330a9b3d21c8d7	k__Bacteria; p__Chlamydiae; c__Chlamydiia; o__Chlamydiales; f__Rhabdochlamydiaceae; g__Candidatus Rhabdochlamydia; s__	0.7
c309578076755518042ff18315f78689	k__Bacteria; p__Acidobacteria; c__Solibacteres; o__Solibacterales; f__; g__; s__	0.6
ad5652e15dcc463b23a4ce4f71891d76	k__Bacteria; p__Proteobacteria; c__Deltaproteobacteria; o__Syntrophobacterales; f__Syntrophobacteraceae; g__; s__	1.0
5b78dfc17ea4ae0effc22c0eff1950d6	k__Bacteria; p__Acidobacteria; c__Solibacteres; o__Solibacterales; f__; g__; s__	1.0
2903c9c2278e4e27bf5b87a2a934f58f	k__Bacteria; p__Planctomycetes; c__Planctomycetia; o__Gemmatales; f__Gemmataceae; g__; s__	1.0
4fc38073f4a6ef3bacf4a6b84a474ad7	k__Bacteria; p__Actinobacteria; c__Actinobacteria; o__Actinomycetales; f__ACK-M1; g__; s__	1.0
9ce207af0f17ebec9a72acd4525d9960	k__Bacteria; p__Proteobacteria; c__Gammaproteobacteria; o__Enterobacteriales; f__Enterobacteriaceae	1.0
60e659ea3fd90a533abcf45511c5548b	k__Bacteria; p__Proteobacteria; c__Alphaproteobacteria; o__Rhizobiales; f__Hyphomicrobiaceae; g__Hyphomicrobium; s__	1.0
2a85e66c7b1e920552a6886830412a59	k__Bacteria; p__Bacteroidetes; c__Flavobacteriia; o__Flavobacteriales; f__Flavobacteriaceae; g__Flavobacterium; s__	0.9
f210a995f712945565340acc3b00ea97	k__Bacteria; p__Proteobacteria; c__Betaproteobacteria	1.0
8b5e20e6e63b3e3388883b2c213a0e55	k__Bacteria; p__Bacteroidetes; c__Cytophagia; o__Cytophagales; f__Cytophagaceae; g__Flectobacillus; s__	1.0
2c0707184e07ee8e5b7526d22bdbca16	k__Bacteria; p__Proteobacteria; c__Alphaproteobacteria; o__Rhizobiales; f__; g__; s__	1.0
cb41c7d94d6dec940a1d7c84b1ba614f	k__Bacteria; p__Proteobacteria; c__Alphaproteobacteria; o__Rhizobiales; f__; g__; s__	1.0
458d7b6fc9ac923e089172f41c966c45	k__Bacteria; p__Proteobacteria; c__Deltaproteobacteria; o__Bdellovibrionales; f__Bacteriovoracaceae; g__; s__	0.8
21864ecb09cd959f53579cfa34a58ed4	k__Bacteria; p__Proteobacteria	0.8
e231731b7c3f0160e767254325910276	k__Bacteria; p__Proteobacteria; c__Alphaproteobacteria; o__Caulobacterales; f__Caulobacteraceae; g__; s__	0.7
db51b1266b30c4e6dc183a69ba404f8c	k__Bacteria; p__Proteobacteria; c__Betaproteobacteria; o__Thiobacterales; f__; g__; s__	0.6
e7d80ada2627579ffff06506adedfaa5	k__Bacteria	1.0
2f6b53402098cc03a5e30ba3271fc5ed	k__Bacteria; p__Proteobacteria; c__Betaproteobacteria; o__Burkholderiales; f__Comamonadaceae	0.9
466a5253171c2bbf2f6b6dda359cae6f	k__Bacteria; p__Verrucomicrobia; c__Verrucomicrobiae; o__Verrucomicrobiales; f__Verrucomicrobiaceae; g__; s__	1.0
f65662c3a2853e3bd4492629c70ddd60	k__Bacteria; p__Proteobacteria	0.6
bc48ae0c0461f7ab1b213ca47a4e6497	k__Bacteria; p__Proteobacteria; c__Alphaproteobacteria; o__Rickettsiales; f__mitochondria	1.0
b91541a87441fd0268d9e7cdea7e0689	Unassigned	0.0
7475490b2c0346800c2bfe6255c3f2e5	k__Bacteria; p__Bacteroidetes; c__Bacteroidia; o__Bacteroidales; f__Porphyromonadaceae; g__Paludibacter; s__	1.0
48a4d1ea73175b8e205b18f93fb8cb31	k__Bacteria; p__Proteobacteria; c__Alphaproteobacteria; o__Rhodobacterales; f__Rhodobacteraceae; g__Rhodobacter; s__	0.9
24718cc3886c9ba1ca1de0582107b7fe	k__Bacteria; p__Proteobacteria; c__Alphaproteobacteria; o__Sphingomonadales; f__Sphingomonadaceae	0.8
c4a78bc09fb881e0eb3fc8684dbde28d	k__Bacteria; p__Cyanobacteria; c__Chloroplast; o__Stramenopiles; f__; g__; s__	1.0
e4b1b16a6abf0dbc39cc298017f38af0	k__Bacteria; p__Actinobacteria; c__Thermoleophilia; o__Solirubrobacterales; f__Patulibacteraceae; g__; s__	0.9
e2a1505ea2376df9ab68d5dfb87b405c	k__Bacteria; p__Cyanobacteria; c__ML635J-21; o__; f__; g__; s__	1.0
5ca63bd48c3eaf495f17d810719fc992	k__Bacteria; p__Cyanobacteria; c__Synechococcophycideae; o__Pseudanabaenales; f__Pseudanabaenaceae; g__; s__	0.7
e1096abab41d0a241ed931c6172ae3da	k__Bacteria; p__Fibrobacteres; c__TG3; o__TG3-1; f__TSCOR003-O20; g__; s__	1.0
72b5d1225295023e34a003af1b4b8e4c	k__Bacteria; p__Proteobacteria; c__Betaproteobacteria; o__Burkholderiales; f__Comamonadaceae	0.8
09016b122a5104f669f1de4460cd6b27	k__Bacteria; p__Proteobacteria; c__Alphaproteobacteria; o__Rhodospirillales; f__Rhodospirillaceae; g__; s__	0.9
e58738493c52c7360e16ac6d5b7f719a	k__Bacteria; p__Proteobacteria; c__Deltaproteobacteria; o__Myxococcales; f__; g__; s__	1.0
2832569dff18d34343bcb3955da1de0c	k__Bacteria; p__Proteobacteria; c__Alphaproteobacteria; o__BD7-3; f__; g__; s__	0.6
248f74edfdd0c36258a4a145ea021c2c	k__Bacteria; p__Actinobacteria; c__Actinobacteria; o__Actinomycetales; f__; g__; s__	1.0
14de8e2ad99b2dd7206e99720b98babf	k__Bacteria; p__Proteobacteria; c__Gammaproteobacteria; o__Xanthomonadales; f__Xanthomonadaceae; g__Stenotrophomonas; s__	1.0
3b611f04e09847ff185091d59039aeb1	k__Bacteria; p__Bacteroidetes; c__Cytophagia; o__Cytophagales; f__Cytophagaceae; g__; s__	1.0
23519d604fadcbf4ee8ed20bf58c86ca	k__Bacteria; p__Bacteroidetes; c__Bacteroidia; o__Bacteroidales; f__Rikenellaceae; g__; s__	0.8
ab84b7613e62e187654536e6f1785521	k__Bacteria; p__Proteobacteria; c__Alphaproteobacteria; o__Caulobacterales; f__Caulobacteraceae; g__Asticcacaulis	0.9
8ae0c2e588f0f06b2c3bd4af1b7c8143	k__Bacteria; p__Bacteroidetes; c__Flavobacteriia; o__Flavobacteriales; f__Cryomorphaceae; g__; s__	0.8
2618fe9312bac3dc00f3964b059ac265	k__Bacteria	1.0
c1d9fb288e30c6c5e27097397fcca3ff	k__Bacteria; p__Chloroflexi; c__Anaerolineae; o__GCA004; f__; g__; s__	1.0
ab2425ca7efc48558cbba4da491b7263	k__Bacteria; p__Firmicutes; c__Clostridia; o__Clostridiales; f__Clostridiaceae; g__Clostridium; s__	0.8
32d1fe62b6e48633b91b2c4d24c2c433	k__Bacteria; p__Acidobacteria; c__RB25; o__; f__; g__; s__	1.0
f9ae6bed67b4830a0c363de501f01d0e	k__Bacteria; p__Proteobacteria; c__Alphaproteobacteria; o__Rhodobacterales; f__Rhodobacteraceae; g__Rhodobacter; s__	0.8
080ae5aa4de78da3408b29fd91ae9aaf	k__Bacteria; p__Chloroflexi; c__Chloroflexi; o__[Roseiflexales]; f__[Kouleothrixaceae]; g__; s__	0.8
dce2b18c6d60da27b5af0db50e9905b6	k__Bacteria; p__Gemmatimonadetes; c__Gemmatimonadetes; o__Gemmatimonadales; f__A1-B1; g__; s__	0.8
8b6c1e50097c8b44b8b091910959a662	k__Bacteria; p__OP3	0.8
f739ed6d8181469cec7960b11641734e	k__Bacteria; p__OD1; c__ZB2; o__; f__; g__; s__	0.9
54c129d2714cc11514cdecf195f09fc8	k__Bacteria; p__Proteobacteria; c__Betaproteobacteria; o__Procabacteriales; f__Procabacteriaceae; g__; s__	1.0
9744d68747333f2bfa0ce2487dd3513f	k__Bacteria; p__Firmicutes; c__Erysipelotrichi; o__Erysipelotrichales; f__Erysipelotrichaceae; g__Allobaculum; s__	0.6666666666666666
318719152ce0fa399d7de2bef09bdb2a	k__Bacteria; p__Bacteroidetes; c__[Saprospirae]; o__[Saprospirales]	0.7
345035866aedfda402880fa2ddbb2c36	k__Bacteria; p__Proteobacteria; c__Alphaproteobacteria; o__; f__; g__; s__	0.7
b7a6b1a0a38218fd47fddf8aa76c954d	Unassigned	0.0
083cc6d924e3f413592e1a67eeee08d3	k__Bacteria; p__Proteobacteria; c__Betaproteobacteria; o__Burkholderiales; f__Comamonadaceae; g__Hydrogenophaga; s__	0.6
c9fed4858339147d44fdb23ea1cf1dc7	k__Bacteria; p__Proteobacteria; c__Betaproteobacteria; o__Burkholderiales; f__Alcaligenaceae; g__; s__	1.0
4150e715c9e340a9c309e255b4d56d48	k__Bacteria; p__Gemmatimonadetes; c__Gemmatimonadetes; o__Gemmatimonadales; f__Gemmatimonadaceae; g__Gemmatimonas; s__	1.0
91e29dbdfe75da7b1656cf442710131a	k__Bacteria; p__Proteobacteria; c__Epsilonproteobacteria; o__Campylobacterales; f__Campylobacteraceae; g__Arcobacter; s__	1.0
7df73ad94a408469afb636cc08ab9aa2	k__Bacteria; p__Proteobacteria; c__Alphaproteobacteria; o__Rickettsiales; f__; g__; s__	0.9
e61e3dfd58d8c85f0cc9cdf05edb6f52	k__Bacteria; p__Proteobacteria; c__Alphaproteobacteria; o__Rhodobacterales; f__Hyphomonadaceae; g__; s__	0.9
a1b439613aa112ed5f5fa6b454bc761b	k__Bacteria; p__Chloroflexi; c__Anaerolineae; o__WCHB1-50; f__; g__; s__	0.9
14a0aebebaf4ce34c7ff3a5992b4b91b	k__Bacteria; p__Cyanobacteria; c__Oscillatoriophycideae	0.6
9d21b28122577bb5562d2253c6188dbe	k__Bacteria; p__Bacteroidetes; c__Sphingobacteriia; o__Sphingobacteriales; f__; g__; s__	1.0
e3f818d0adffd01f390fb77e783442f1	k__Bacteria; p__Proteobacteria; c__Betaproteobacteria; o__Rhodocyclales; f__Rhodocyclaceae; g__Propionivibrio; s__	0.8
4aeff7a90afdf8de5317a1e1331b05e3	k__Bacteria	1.0
a05bd82ae2491dcd181ebf01fb8239d1	k__Bacteria; p__Proteobacteria; c__Deltaproteobacteria; o__Myxococcales; f__OM27; g__; s__	1.0
c94a7d92d8f20028535f11dcd4b88aad	k__Bacteria; p__Proteobacteria; c__Betaproteobacteria; o__Burkholderiales; f__Oxalobacteraceae; g__Ralstonia; s__	0.9
0e528fb03c09cdd9f5ad38c3aa33640b	k__Bacteria; p__Firmicutes; c__Clostridia; o__OPB54; f__; g__; s__	1.0
9ef4303819a3058e0087c3dd524d8125	k__Bacteria; p__Bacteroidetes; c__Sphingobacteriia; o__Sphingobacteriales; f__Sphingobacteriaceae; g__Pedobacter; s__	0.6
f8e049c0e5d7c0fbdb88e5f2a80245e8	k__Bacteria; p__Fusobacteria; c__Fusobacteriia; o__Fusobacteriales; f__Fusobacteriaceae	0.8
f42bfaef6e1a0cfd74e866fdf3ca2209	k__Bacteria; p__Bacteroidetes; c__Sphingobacteriia; o__Sphingobacteriales; f__; g__; s__	1.0
e26365266f9b9b6dd8eab240633e2a0f	k__Bacteria; p__Actinobacteria; c__Actinobacteria; o__Actinomycetales; f__; g__; s__	1.0
8f12a16cc28036e9ca9258172a742fe4	k__Bacteria; p__Proteobacteria; c__Gammaproteobacteria	0.7
fe4b4fa08f88a2b825348dc98c508698	k__Bacteria; p__Proteobacteria; c__Alphaproteobacteria; o__Rhizobiales; f__Hyphomicrobiaceae; g__Hyphomicrobium; s__	0.9
0fd82fcfdd153e437fc7467cae8d4b4e	k__Bacteria; p__Proteobacteria; c__Alphaproteobacteria; o__Sphingomonadales; f__Sphingomonadaceae; g__; s__	0.9
1c38d524bc38997354fd923072deaf89	k__Bacteria; p__Planctomycetes; c__Planctomycetia; o__Gemmatales; f__Gemmataceae; g__; s__	1.0
0cc89ade619e7688638e664c2c385940	k__Bacteria; p__Actinobacteria; c__Actinobacteria; o__Actinomycetales; f__ACK-M1; g__; s__	0.9
2897ec9fd6374a4d7cb4ad05769beb69	k__Bacteria; p__GN02; c__BD1-5; o__; f__; g__; s__	1.0
5a5752ff1430d965fb1b88b74bc04292	k__Bacteria; p__Cyanobacteria; c__Chloroplast; o__Stramenopiles; f__; g__; s__	1.0
d9ea44e58b5ae94926af56a1b0e52bf5	k__Bacteria; p__Cyanobacteria; c__Chloroplast; o__Stramenopiles; f__; g__; s__	1.0
0773bd850e68b7e5633b811232355e8c	k__Bacteria; p__Proteobacteria; c__Alphaproteobacteria; o__Caulobacterales; f__Caulobacteraceae; g__; s__	0.7
1f9b18ce9fb96618606594760e91a6ed	k__Bacteria; p__Proteobacteria; c__Betaproteobacteria; o__Burkholderiales; f__Comamonadaceae; g__; s__	0.6
fa907b31e7f4b105518688d585101805	k__Bacteria; p__Cyanobacteria; c__Synechococcophycideae; o__Pseudanabaenales; f__Pseudanabaenaceae	0.7
fe89a8dd07537935d23a1ccc04df3674	k__Bacteria; p__Proteobacteria; c__Deltaproteobacteria; o__Bdellovibrionales; f__Bdellovibrionaceae; g__Bdellovibrio; s__	1.0
bf9e2d673348b1473c383b29ba64b6e2	k__Bacteria; p__Chlamydiae; c__Chlamydiia; o__Chlamydiales	1.0
04d23733ec00cc2f072cd9b6e01a7dff	k__Bacteria; p__Verrucomicrobia; c__Opitutae; o__[Cerasicoccales]; f__[Cerasicoccaceae]; g__; s__	1.0
13f17afa22633cb77417641920f10832	k__Bacteria; p__Proteobacteria; c__Betaproteobacteria; o__; f__; g__; s__	0.7
b57ca67caa1b571aa8c8ad3a14d40cee	k__Bacteria; p__Firmicutes; c__Erysipelotrichi; o__Erysipelotrichales; f__Erysipelotrichaceae	0.9
22287da158b26f43b99c57cca280e920	k__Bacteria; p__Firmicutes; c__Bacilli	0.9
89e0e163e02060a1532bd7ca3ba431bd	k__Bacteria; p__Proteobacteria	1.0
0b8ca4643a877537340369c8f50c19fa	k__Bacteria; p__Chloroflexi; c__SL56; o__; f__; g__; s__	0.8
1477d94d7d3e693aca15298ae5307674	k__Bacteria; p__Cyanobacteria; c__Chloroplast; o__Stramenopiles; f__; g__; s__	1.0
172eee63b0f19eeeb9de157794cb4501	k__Bacteria; p__Proteobacteria; c__Gammaproteobacteria; o__Pseudomonadales; f__Moraxellaceae; g__; s__	0.9
f53bcd422099ed8852f282ec4fac93cc	k__Bacteria; p__Bacteroidetes; c__[Saprospirae]; o__[Saprospirales]; f__Chitinophagaceae	1.0
8fec8ebce24ddcc99b8064467c2e9924	k__Bacteria; p__Verrucomicrobia; c__Verrucomicrobiae; o__Verrucomicrobiales; f__Verrucomicrobiaceae; g__; s__	1.0
c8d9f865d597cf58a05c9a13a6f9e805	k__Bacteria; p__Planctomycetes; c__Phycisphaerae; o__WD2101; f__; g__; s__	1.0
498f733a13aab2fb47ba4fdf29bdb641	k__Bacteria; p__Proteobacteria; c__Deltaproteobacteria; o__MIZ46; f__; g__; s__	1.0
7646c3f29c4a6e06ea485bef5e746c24	k__Bacteria; p__Bacteroidetes; c__Flavobacteriia; o__Flavobacteriales; f__Cryomorphaceae; g__Fluviicola; s__	1.0
7ab65e630d45fd452bb082087d070060	k__Bacteria; p__Bacteroidetes; c__Sphingobacteriia; o__Sphingobacteriales; f__; g__; s__	1.0
54492dc447f16c559ede4ea652e8528a	k__Bacteria; p__GN02; c__BD1-5; o__; f__; g__; s__	0.7
2b48bdfe164d3f1606278a892139f747	k__Bacteria; p__Bacteroidetes; c__[Saprospirae]; o__[Saprospirales]; f__Saprospiraceae; g__; s__	1.0
bf34dfb3149657905d04874a4ca3f559	k__Bacteria; p__NKB19; c__TSBW08; o__; f__; g__; s__	1.0
3fbb2ce34efbca7272b6979f9cc96669	k__Bacteria; p__Proteobacteria; c__Alphaproteobacteria; o__Sphingomonadales; f__Sphingomonadaceae; g__Novosphingobium; s__	0.6
18e162a5cb0fd1e30936ddd2cf5934c9	k__Bacteria; p__Proteobacteria; c__Alphaproteobacteria; o__Sphingomonadales	0.6
8818bbe947684a61f14c9fcf86407b51	k__Bacteria; p__Firmicutes; c__Clostridia; o__Clostridiales; f__Peptostreptococcaceae; g__; s__	1.0
db149979f0f697f473da32d41ca0ee68	k__Bacteria; p__Proteobacteria; c__Deltaproteobacteria; o__; f__; g__; s__	1.0
9ae445824b2a11546afde86200baf51f	k__Bacteria; p__Proteobacteria; c__Alphaproteobacteria; o__BD7-3; f__; g__; s__	1.0
52c3121433bd3b76bd61f4e8cd554659	k__Bacteria; p__Proteobacteria; c__Alphaproteobacteria; o__Rhizobiales	1.0
e8c4d16bccb632f3f4c80f16131f63d3	k__Bacteria; p__Proteobacteria; c__Alphaproteobacteria; o__BD7-3; f__; g__; s__	1.0
3c9975c976c104431854d8b4529823ef	k__Bacteria; p__OD1; c__ZB2; o__; f__; g__; s__	1.0
4152ff28c7b0e5f839346bf58187adcb	k__Bacteria; p__Proteobacteria; c__Gammaproteobacteria	0.6666666666666666
e9e8bb4dacf84e1a8bb51c8b0027d25d	k__Bacteria; p__Proteobacteria; c__Gammaproteobacteria; o__Alteromonadales; f__[Chromatiaceae]; g__Rheinheimera; s__	1.0
2d5eaff5d5b4104c85cd071a85dcf903	k__Bacteria; p__Bacteroidetes; c__[Saprospirae]; o__[Saprospirales]; f__Saprospiraceae; g__; s__	1.0
81c8d01a3163bb77fccab3e8f27abcc7	k__Bacteria; p__Actinobacteria; c__Acidimicrobiia; o__Acidimicrobiales; f__C111; g__; s__	1.0
3fa87e68eb94942927d6b0815fcdb9ac	k__Bacteria; p__OP11; c__OP11-4; o__; f__; g__; s__	0.9
865bc0495fa6f419507d85f32a2f1e7d	k__Bacteria; p__Proteobacteria; c__Alphaproteobacteria; o__Rhodospirillales; f__Rhodospirillaceae; g__; s__	0.8
c311fb5cfd19a472c5f0c7c0f6fd5986	k__Bacteria; p__Bacteroidetes; c__Flavobacteriia; o__Flavobacteriales; f__Cryomorphaceae; g__; s__	0.8
09b6539bfbe51c0ff8b6593a7f263085	k__Bacteria; p__Verrucomicrobia; c__[Spartobacteria]; o__[Chthoniobacterales]; f__[Chthoniobacteraceae]; g__; s__	1.0
2ac797342b3c5a7aa38a79017fdee725	k__Bacteria; p__Proteobacteria; c__Gammaproteobacteria; o__Legionellales; f__Legionellaceae; g__Legionella; s__	0.8
9d1cc2cf906bee030297a4a1b08059a9	k__Bacteria; p__Chloroflexi; c__Thermomicrobia; o__JG30-KF-CM45; f__; g__; s__	0.7
f05fa0f7573b697af9ba7a905d8db90a	k__Bacteria	1.0
7d3d4bd05fbde5adeb4af91caee12e66	k__Bacteria; p__Proteobacteria; c__Alphaproteobacteria; o__Sphingomonadales; f__Sphingomonadaceae; g__Sphingomonas; s__	0.9
a72161e8d245729d07f66a51650167f9	k__Bacteria; p__Actinobacteria; c__Acidimicrobiia; o__Acidimicrobiales; f__C111; g__; s__	1.0
7f83eab81cc743d5b759dcf1775b9bab	k__Bacteria; p__Proteobacteria; c__Alphaproteobacteria; o__Rhodospirillales; f__Rhodospirillaceae; g__; s__	0.8
0a1f7d583d4bf636821e45fc8a8aad66	k__Bacteria; p__Verrucomicrobia; c__[Spartobacteria]; o__[Chthoniobacterales]; f__[Chthoniobacteraceae]; g__Candidatus Xiphinematobacter; s__	0.6
a000dfc924615ff55187f3cb7a9fe9b0	k__Bacteria; p__Cyanobacteria; c__Nostocophycideae; o__Nostocales; f__Nostocaceae; g__Dolichospermum; s__	0.7
c3f4687f16ffbd4f19b044399f01a6b1	k__Bacteria; p__Proteobacteria; c__Alphaproteobacteria; o__Rhizobiales; f__Rhizobiaceae; g__; s__	0.8
75b15a1250037b2784e7b1401a628d3a	k__Bacteria; p__Proteobacteria; c__Betaproteobacteria; o__Methylophilales; f__Methylophilaceae; g__; s__	0.7
89badaf91ccdf1533cc7f707c43af1ea	k__Bacteria; p__Fibrobacteres; c__Fibrobacteria; o__Fibrobacterales; f__Fibrobacteraceae; g__Fibrobacter; s__succinogenes	0.8
c08ed3087b1f2e1dfb043780d742b6a6	k__Bacteria; p__Proteobacteria; c__Deltaproteobacteria; o__Myxococcales; f__; g__; s__	1.0
965956e28452ebb57d7c93fb3eab9a78	Unassigned	0.0
005a7bfbf3f226e4a29569a6e85d0f20	k__Bacteria; p__Proteobacteria; c__Deltaproteobacteria; o__Myxococcales; f__Myxococcaceae; g__Anaeromyxobacter; s__	1.0
4997a07a1b2118102328896e5e56a6cc	k__Bacteria; p__Actinobacteria; c__Thermoleophilia; o__Solirubrobacterales	1.0
0c476f2295ea54e7427d9ee5059bb750	k__Bacteria; p__Chloroflexi; c__Anaerolineae; o__Caldilineales; f__Caldilineaceae; g__; s__	1.0
543b90f02f3299d389bdeecdbdf86610	k__Bacteria	1.0
6bb3ceac7526f42833550a0bd925b10c	k__Bacteria; p__Bacteroidetes; c__[Saprospirae]; o__[Saprospirales]; f__Chitinophagaceae; g__; s__	1.0
20794344c1c272a0c00f4d150a1b2239	k__Bacteria; p__Cyanobacteria; c__Chloroplast; o__Chlorophyta; f__Chlamydomonadaceae	0.6
6b557aee50cc3d939ea50e9765031064	k__Bacteria; p__Proteobacteria; c__Gammaproteobacteria; o__Enterobacteriales; f__Enterobacteriaceae; g__Erwinia; s__	0.5454545454545454
1f05d15963505f544eac247f17c9b04c	k__Bacteria; p__Planctomycetes; c__OM190; o__CL500-15; f__; g__; s__	1.0
e3fc717f204d0bbd7b3a471e1188498a	k__Bacteria; p__Proteobacteria; c__Deltaproteobacteria; o__Myxococcales; f__Nannocystaceae; g__Plesiocystis; s__	1.0
c2eea6e7bc08e21d2fb7a52541f76911	k__Bacteria; p__Proteobacteria; c__Alphaproteobacteria; o__Rhizobiales	0.6
4c790c3922fafee6df6261007606c00c	k__Bacteria; p__Proteobacteria; c__Gammaproteobacteria; o__Methylococcales; f__Crenotrichaceae; g__Crenothrix; s__	0.7
fffc2ee8360a241861417b9942fd5cd1	k__Bacteria; p__Planctomycetes; c__Planctomycetia; o__Pirellulales; f__Pirellulaceae; g__; s__	1.0
1ff21004fb00727200d72d6f6e2b05d3	k__Bacteria; p__Verrucomicrobia; c__[Spartobacteria]; o__[Chthoniobacterales]; f__[Chthoniobacteraceae]; g__Candidatus Xiphinematobacter; s__	0.9
5643a3b59cb8992f1441c12b54f81f63	k__Bacteria; p__Proteobacteria; c__Alphaproteobacteria; o__Rickettsiales; f__; g__; s__	1.0
35e6781d109b4f0e7c71735bc5ed5ea4	k__Bacteria; p__Proteobacteria; c__Betaproteobacteria; o__Burkholderiales; f__Comamonadaceae; g__; s__	0.8
7967b132dda217a1a791367679fb7e08	k__Bacteria; p__Cyanobacteria; c__Chloroplast; o__Stramenopiles; f__; g__; s__	1.0
62a6c8d88bea2542acd4537ac340df54	k__Bacteria; p__Gemmatimonadetes; c__Gemmatimonadetes; o__; f__; g__; s__	1.0
2e99043c9ca2a0bcd9607d66019a082a	k__Bacteria; p__Proteobacteria; c__Betaproteobacteria	1.0
16101eea8fdfb22a2ca99782933b1e71	k__Bacteria; p__Proteobacteria; c__Alphaproteobacteria; o__Rickettsiales; f__mitochondria; g__; s__	0.6666666666666666
318faa5a64ff1f6e6eff788cfaddd2fb	k__Bacteria; p__Planctomycetes; c__Planctomycetia; o__Pirellulales; f__Pirellulaceae; g__; s__	0.9
d90c3241c10bc7a31f6c2002494fa6b1	k__Bacteria; p__Proteobacteria; c__Deltaproteobacteria; o__Bdellovibrionales; f__Bdellovibrionaceae; g__Bdellovibrio; s__bacteriovorus	1.0
33ca63d7905de9356ef09a20aecef437	k__Bacteria; p__Planctomycetes; c__vadinHA49; o__DH61; f__; g__; s__	1.0
86cb6afff9b21ac7a54db75ebb2c7832	k__Bacteria; p__Proteobacteria; c__Alphaproteobacteria; o__Rhodospirillales; f__Acetobacteraceae; g__Roseomonas; s__	0.8
ed6561f499c62812858911781b1e1070	k__Bacteria; p__Proteobacteria; c__Alphaproteobacteria; o__Rickettsiales; f__; g__; s__	1.0
0e4e3aff479a95ffa889cd5e0d57e931	k__Bacteria; p__Proteobacteria; c__TA18; o__CV90; f__; g__; s__	1.0
8a6991e2b4178947d6c3e8d75f314502	k__Bacteria; p__Proteobacteria; c__Gammaproteobacteria; o__Legionellales; f__; g__; s__	0.8
989dfff55b6bc9456a5bcba5399d6ea2	k__Bacteria; p__Planctomycetes; c__Phycisphaerae; o__Pla1; f__; g__; s__	0.6
4d51e15489a89d5eeee7d4eb23c254de	k__Bacteria; p__Proteobacteria	1.0
8def838370b2014863927cd42232b19d	k__Bacteria; p__Bacteroidetes	1.0
72505af46d10ac23e68f1d7f96286245	k__Bacteria; p__Proteobacteria; c__Betaproteobacteria; o__Methylophilales; f__Methylophilaceae; g__; s__	0.9
a989b8b777a2988046eb6e426c0279bb	k__Bacteria; p__Proteobacteria; c__Alphaproteobacteria; o__Rickettsiales; f__Rickettsiaceae; g__Rickettsia; s__	0.6
a10064d268814e3fb23c8ddaceaaf811	k__Bacteria; p__Proteobacteria; c__Alphaproteobacteria; o__Rhodobacterales; f__Hyphomonadaceae; g__; s__	1.0
0c7dfb608ea71d10ad9794beba9bc2df	k__Bacteria; p__Proteobacteria; c__Gammaproteobacteria; o__Oceanospirillales; f__Halomonadaceae; g__Candidatus Portiera; s__	0.9
7d28220383c058a95fb02934608992b3	k__Bacteria; p__TM7; c__TM7-1; o__; f__; g__; s__	1.0
3c8e6209c733bc31aa76e56f17c90fe0	k__Bacteria	1.0
5b5f376132bfa6ebc43b2ee0c6c360f7	Unassigned	0.0
db857440f6bf1d407b6826bd13778c21	Unassigned	0.0
5077943f2e72a4dea8b098b2b22bf12b	k__Bacteria; p__Bacteroidetes; c__[Saprospirae]; o__[Saprospirales]; f__Chitinophagaceae; g__; s__	1.0
3e7216b1e7bf84b905ece1d4c378e0a3	k__Bacteria; p__Firmicutes; c__Clostridia; o__Clostridiales; f__Lachnospiraceae; g__Blautia; s__	0.6
952faa5a1c9d1e35c481cd8996a6daed	k__Bacteria; p__Proteobacteria; c__Alphaproteobacteria; o__Rickettsiales; f__; g__; s__	0.9
7a622d97226e92b8ed92821285a3a25c	k__Bacteria; p__Proteobacteria; c__Deltaproteobacteria; o__Bdellovibrionales; f__Bdellovibrionaceae; g__Bdellovibrio; s__	0.8
2dc4032672f5d1f866727113150ff53c	k__Bacteria; p__Proteobacteria; c__Gammaproteobacteria; o__Methylococcales; f__Methylococcaceae; g__Methylocaldum; s__	0.6
69c4450cd1cf72d0eb33b543fd268617	k__Bacteria; p__OD1; c__ZB2; o__; f__; g__; s__	1.0
4280ceb07720674c6c488b90d6dcfcd4	k__Bacteria; p__Proteobacteria; c__Alphaproteobacteria	1.0
b364f82c18dcde439317b18a65cebbc0	k__Bacteria; p__Bacteroidetes; c__[Saprospirae]; o__[Saprospirales]; f__Chitinophagaceae; g__; s__	1.0
e49b8ca619b214586ee3904aebad440b	k__Bacteria; p__Bacteroidetes; c__Sphingobacteriia; o__Sphingobacteriales; f__; g__; s__	0.9
9614e2146c358fad1cffc95119d6ec00	k__Bacteria; p__Bacteroidetes; c__Sphingobacteriia; o__Sphingobacteriales; f__; g__; s__	0.8
630a7882147031b5a255cf7e50c57367	k__Bacteria; p__Planctomycetes; c__Planctomycetia; o__Pirellulales; f__Pirellulaceae; g__; s__	1.0
f2cb89804bd000a889288a262c770558	k__Bacteria; p__Proteobacteria; c__Gammaproteobacteria; o__Legionellales; f__Legionellaceae; g__Legionella; s__	0.8
48c894bf78315a8af8b918cb16d90a1f	k__Bacteria; p__Proteobacteria; c__Alphaproteobacteria; o__Rhizobiales; f__; g__; s__	1.0
e116285316819c94dcb04ec5b2fed62e	k__Bacteria; p__Proteobacteria; c__Alphaproteobacteria; o__Sphingomonadales; f__Sphingomonadaceae; g__Blastomonas; s__	0.6
016a05811392817a71328f0f861bb470	k__Bacteria; p__Proteobacteria; c__Alphaproteobacteria; o__Rhizobiales; f__Phyllobacteriaceae	0.9
1ac4e871697e752eeed5b1b953092293	k__Bacteria; p__Proteobacteria; c__Alphaproteobacteria	0.6
908c74962bbf6294cb6e9d03619f8c4b	k__Bacteria; p__Acidobacteria; c__Acidobacteria-6; o__iii1-15; f__mb2424; g__; s__	1.0
f3f0d3b3ff69f369f4eeaebca30589c7	k__Bacteria; p__Proteobacteria; c__Alphaproteobacteria; o__Rhodospirillales; f__Acetobacteraceae; g__Roseococcus; s__	1.0
4960434f434f60c9697a35f96ad58ce6	k__Bacteria; p__Bacteroidetes; c__Cytophagia; o__Cytophagales; f__Cytophagaceae	0.8
0481b3da57115b1b0f5c7ee3f8b69730	k__Bacteria; p__Proteobacteria; c__Alphaproteobacteria; o__Rickettsiales; f__Anaplasmataceae; g__Ehrlichia; s__	1.0
f3bcb00dfdf28f1106302027e730cdb9	k__Bacteria; p__Proteobacteria; c__Alphaproteobacteria; o__Rhizobiales	0.8
7aebca230e7250a077d8b2bf8b567b72	k__Bacteria; p__Proteobacteria; c__Gammaproteobacteria; o__Legionellales; f__Legionellaceae	0.8
4c4b8a705a2b8b8c9a30f086ec4249d4	k__Bacteria; p__Proteobacteria; c__Alphaproteobacteria; o__Rhodobacterales; f__Rhodobacteraceae; g__Rhodobacter; s__	1.0
d380872d0f599470611044e2297786a8	k__Bacteria; p__Proteobacteria; c__Alphaproteobacteria; o__Rhizobiales; f__Rhizobiaceae	0.7
3e92f9e0b5d79931e605e454b3fc5660	k__Bacteria; p__Firmicutes; c__Clostridia; o__Clostridiales; f__Lachnospiraceae; g__Blautia; s__	0.6
21f50acc94196ad168c2e5e215532156	k__Bacteria; p__Proteobacteria; c__Betaproteobacteria	0.9
eef00be1353b7fb44266406f1b721434	k__Bacteria; p__Chloroflexi; c__Ellin6529; o__; f__; g__; s__	1.0
4bdf5aa547f107802ed4548d155fb67c	k__Bacteria; p__OD1	1.0
2161376ee17a76f23e4e69eaab986545	k__Bacteria; p__Bacteroidetes; c__[Saprospirae]; o__[Saprospirales]; f__Chitinophagaceae	1.0
bbcbbf7a17f0c2959201f7c4bfdf1e98	k__Bacteria; p__Proteobacteria; c__Gammaproteobacteria; o__Legionellales; f__; g__; s__	0.6
9684918c497cb674179d514130859bc3	k__Bacteria; p__Bacteroidetes; c__Sphingobacteriia; o__Sphingobacteriales; f__; g__; s__	0.6
9df151dad44bae5c2d2eec08b5037192	k__Bacteria; p__Proteobacteria; c__Alphaproteobacteria; o__Sphingomonadales; f__Sphingomonadaceae; g__Novosphingobium; s__	1.0
7c3d43231e528c54901554761eeb0f44	k__Bacteria; p__Proteobacteria; c__Alphaproteobacteria; o__Rhizobiales; f__Rhizobiaceae; g__; s__	0.8
18715c7d3e4477676aeb20ab7f7851fd	k__Bacteria; p__Proteobacteria; c__Betaproteobacteria; o__; f__; g__; s__	1.0
396f988e5020e19b716c87c683e4f72d	k__Bacteria; p__Proteobacteria; c__Gammaproteobacteria; o__Legionellales	1.0
3708ca6ed7354d45d40e1c6dc1073c0b	k__Bacteria; p__Proteobacteria; c__Deltaproteobacteria; o__Desulfobacterales; f__Desulfobacteraceae; g__Desulfococcus; s__	1.0
04f6cf5326897393932c38ee34ade357	k__Bacteria; p__Firmicutes; c__Clostridia; o__Clostridiales; f__Lachnospiraceae; g__; s__	0.7
c1944cf32efbb6ae0b032b43aa66581e	k__Bacteria; p__Firmicutes; c__Clostridia; o__Clostridiales; f__Lachnospiraceae; g__; s__	0.9
60263a733462d30d1e0e6d60674333a8	k__Bacteria; p__Proteobacteria; c__Betaproteobacteria; o__Burkholderiales; f__Comamonadaceae; g__; s__	0.6
3c535659bceb5aedae2ff612ad32e1f8	k__Bacteria; p__Proteobacteria; c__Alphaproteobacteria; o__Rhizobiales	1.0
10517fe379a2f8f804a7b37d4b7d88ff	k__Bacteria; p__Verrucomicrobia; c__Verrucomicrobiae; o__Verrucomicrobiales; f__Verrucomicrobiaceae; g__Prosthecobacter; s__	0.8
b78300e6e5623cafb8fbe3a4eb1971dc	k__Bacteria; p__Cyanobacteria; c__Chloroplast; o__Stramenopiles; f__; g__; s__	1.0
51c2af5a50645680667a3aaa0d23c00a	k__Bacteria	1.0
0f60e077e3c0576e0c7e5e9d26bde122	Unassigned	0.0
b074389e50bbd7111b4e43c40bb0f68d	k__Bacteria; p__Proteobacteria; c__Alphaproteobacteria; o__Rhodospirillales; f__Rhodospirillaceae; g__; s__	1.0
8c87b82c5522282b1cfa0ade2a1b76c2	k__Bacteria; p__Bacteroidetes; c__Flavobacteriia; o__Flavobacteriales; f__Cryomorphaceae; g__; s__	1.0
0d73c3f6ff563e2b1a6315bec3f0a7fb	k__Bacteria; p__Proteobacteria; c__Alphaproteobacteria; o__Rhodospirillales; f__Rhodospirillaceae; g__Azospirillum; s__	1.0
26f5a9374979b515023809008ce7bfcd	k__Bacteria; p__Proteobacteria; c__Alphaproteobacteria; o__Rhodospirillales; f__Rhodospirillaceae; g__; s__	0.9
bb2310284143cb39875fe96ca4cb1059	k__Bacteria; p__Proteobacteria; c__Betaproteobacteria; o__Procabacteriales; f__Procabacteriaceae; g__; s__	0.9
577f04f071abb9de8e5675881ddf9992	k__Bacteria; p__Bacteroidetes; c__[Saprospirae]; o__[Saprospirales]; f__Saprospiraceae; g__; s__	1.0
5baab4c634682522885e0508d8431fc0	k__Bacteria; p__Bacteroidetes; c__Flavobacteriia; o__Flavobacteriales; f__Cryomorphaceae; g__; s__	1.0
6904bcc6967c175db92048d9980b32ad	k__Bacteria; p__Proteobacteria; c__Betaproteobacteria; o__Burkholderiales; f__Oxalobacteraceae; g__; s__	0.8
221bd7e3a9c515cfc8f46506d2866cfe	k__Bacteria; p__Bacteroidetes; c__Bacteroidia; o__Bacteroidales; f__; g__; s__	0.8
e482d697eddd94a63cbb435589fff404	k__Bacteria; p__Bacteroidetes; c__BME43; o__; f__; g__; s__	0.6
0202aa93bfda4bb0a3fe03eaf18cc7f1	k__Bacteria; p__Verrucomicrobia; c__[Pedosphaerae]; o__[Pedosphaerales]; f__; g__; s__	1.0
649de070660b1455582591ca04593e68	k__Bacteria; p__Proteobacteria; c__Betaproteobacteria; o__Rhodocyclales; f__Rhodocyclaceae; g__Dechloromonas; s__	0.7
6d25a9b8a384150e1549fa6c541be386	k__Bacteria; p__Cyanobacteria; c__Chloroplast; o__Stramenopiles; f__; g__; s__	1.0
94c7cf433f4704afd81fa381756d5152	k__Bacteria; p__Cyanobacteria; c__Chloroplast; o__Stramenopiles; f__; g__; s__	1.0
bfaa5a89f20a910e9733f522f2ed0cd6	k__Bacteria	1.0
e2beb821ba26cbe4a1c4b265b98c3520	k__Bacteria; p__Proteobacteria; c__Alphaproteobacteria; o__Rhizobiales; f__; g__; s__	0.8
d33e1a3c738ff0488962b0cfec3ac13b	k__Bacteria; p__Planctomycetes; c__Planctomycetia; o__Gemmatales; f__Gemmataceae; g__; s__	1.0
d5d234b5143bc9e77efea70f7316d460	k__Bacteria; p__Bacteroidetes; c__[Saprospirae]; o__[Saprospirales]; f__Chitinophagaceae; g__; s__	1.0
ddec72cf5813f9d1e2c189917cbc22a1	Unassigned	0.0
96fb1afac00b113de18338df5cbd6e44	k__Bacteria; p__Bacteroidetes; c__Bacteroidia; o__Bacteroidales; f__Prevotellaceae; g__Prevotella; s__	1.0
d8df40f932da6e84c092bdd9eb809235	k__Bacteria; p__Proteobacteria; c__Deltaproteobacteria; o__Bdellovibrionales; f__Bacteriovoracaceae; g__; s__	1.0
951d0b3d7d4e158ac58f9afc629ad95a	k__Bacteria; p__Firmicutes; c__Bacilli; o__Bacillales	0.6
479183cc81252b6599d7b0b3207adfbb	k__Bacteria; p__Proteobacteria; c__Betaproteobacteria; o__Procabacteriales; f__Procabacteriaceae; g__; s__	1.0
356a5f96b214f3f3f638bfac4debfd53	k__Bacteria; p__Proteobacteria; c__Betaproteobacteria; o__Methylophilales; f__Methylophilaceae; g__Methylotenera; s__mobilis	1.0
c6cb4e99244fe43c8d6e29e4838c9822	k__Bacteria; p__Firmicutes; c__Clostridia; o__Clostridiales; f__Lachnospiraceae	1.0
d3f027bbd12879295b5a11ef44b51d16	k__Bacteria; p__Cyanobacteria; c__Synechococcophycideae; o__Pseudanabaenales; f__Pseudanabaenaceae; g__Pseudanabaena; s__	1.0
bfdd8ca34b90a27206fd15d265d2d941	k__Bacteria; p__Bacteroidetes; c__Cytophagia; o__Cytophagales; f__Cytophagaceae; g__Hymenobacter; s__	0.7
e70537ad17627286e24ce8f8cf783533	k__Bacteria; p__Cyanobacteria; c__Synechococcophycideae; o__Synechococcales; f__Synechococcaceae; g__Synechococcus; s__	0.9
0474613cb44f5d7590b20e5b9ab7397b	k__Bacteria; p__Proteobacteria; c__Deltaproteobacteria	0.8
047843d6f8b61d764fb9aaa5f762b4e0	k__Bacteria; p__Bacteroidetes; c__Flavobacteriia; o__Flavobacteriales; f__Cryomorphaceae; g__Fluviicola; s__	1.0
2258d8f5525d6180c4e4585bd3293987	k__Bacteria; p__Proteobacteria; c__Alphaproteobacteria; o__Rhodobacterales; f__Rhodobacteraceae	1.0
7f3f410f9c2c7ebd61bb174bad6cb4f5	k__Bacteria; p__Proteobacteria; c__Deltaproteobacteria; o__Myxococcales; f__Polyangiaceae; g__; s__	0.8
8b33661c008b21bb3bc73dc6885f5902	k__Bacteria; p__Proteobacteria; c__Deltaproteobacteria; o__Desulfuromonadales	0.6
a5d0bbd2fd3202198afbd0ed7157902f	k__Bacteria; p__Proteobacteria; c__Alphaproteobacteria; o__Rhizobiales; f__; g__; s__	1.0
2125bb1278a5fe264711b3051a39f417	k__Bacteria; p__Bacteroidetes; c__Bacteroidia; o__Bacteroidales; f__; g__; s__	1.0
f1072ac81d69278dd8caf8d5f4da1604	k__Bacteria; p__Firmicutes; c__Clostridia; o__Clostridiales; f__Ruminococcaceae; g__Oscillospira; s__	1.0
5c7381d853114eb85cea2637b4b2fecd	k__Bacteria; p__Proteobacteria; c__Alphaproteobacteria; o__Sphingomonadales; f__; g__; s__	1.0
bca13e86f94e19920a496dc36bdfb26a	k__Bacteria; p__Planctomycetes; c__Planctomycetia; o__Pirellulales; f__Pirellulaceae; g__; s__	1.0
980b95fe107f419642c9c07801527cef	k__Bacteria; p__Actinobacteria; c__Thermoleophilia; o__Gaiellales; f__Gaiellaceae; g__; s__	0.9
ebc1c96d81321cf5cab1fcd95ce558ba	k__Bacteria; p__Proteobacteria; c__Alphaproteobacteria; o__Rhizobiales	1.0
61dda67eadb1fb9b3b261765d79d4b96	k__Bacteria; p__Actinobacteria; c__Actinobacteria; o__Actinomycetales; f__ACK-M1; g__; s__	1.0
5cf74c6ee2673e7df46d7083407ef3a4	k__Bacteria; p__Proteobacteria; c__Deltaproteobacteria; o__Myxococcales; f__; g__; s__	1.0
e9cb89c97b2b85a83a7628488fd601bf	k__Bacteria; p__Verrucomicrobia; c__Verrucomicrobiae; o__Verrucomicrobiales; f__Verrucomicrobiaceae; g__; s__	1.0
cea1c33d1617ab0ff97ee642729029bf	k__Bacteria; p__Firmicutes; c__Bacilli; o__Turicibacterales; f__Turicibacteraceae; g__Turicibacter; s__	1.0
4c7eed9687dceb352fb3cb01e7d10825	k__Bacteria; p__Proteobacteria; c__Gammaproteobacteria; o__Xanthomonadales; f__Xanthomonadaceae; g__Dokdonella; s__	0.7
ca0c8d0de87280357a2cdfe4cce23a76	k__Bacteria; p__Proteobacteria; c__Alphaproteobacteria; o__Rhodospirillales; f__Rhodospirillaceae; g__; s__	0.8
b43183558454c46c13e12923b7aca6db	k__Bacteria; p__Bacteroidetes; c__Cytophagia; o__Cytophagales; f__Cytophagaceae; g__Leadbetterella; s__	1.0
f9466cd28f947ff20f7e7d483f56792a	k__Bacteria; p__Bacteroidetes; c__[Saprospirae]; o__[Saprospirales]; f__Saprospiraceae; g__; s__	1.0
34deee9e010b13bb6f36fbeab3da0a90	k__Bacteria; p__Proteobacteria; c__Alphaproteobacteria	1.0
43f35f640cb79d21fa67603581e153dd	k__Bacteria; p__Proteobacteria	0.7
c6d3145fb646fdbd5b4c318055e98adc	k__Bacteria; p__Proteobacteria; c__Deltaproteobacteria; o__Syntrophobacterales; f__Syntrophaceae; g__Desulfomonile; s__	1.0
a2d00b1b2ac4fa38c893d77693c3f985	k__Bacteria; p__Proteobacteria	0.7
89bfc1191772d0d34392376d52c1f299	k__Bacteria; p__Proteobacteria; c__TA18; o__CV90; f__; g__; s__	1.0
c72e0cc3ec8dbd9f566c8094cf29f9e9	k__Bacteria; p__Firmicutes; c__Clostridia; o__Clostridiales; f__[Acidaminobacteraceae]; g__Fusibacter; s__	0.8
7a71f714fc90280e99903d3dbe01d638	k__Archaea; p__[Parvarchaeota]; c__[Parvarchaea]; o__WCHD3-30; f__; g__; s__	1.0
644b13ede4704f1009fa9cdff27e458f	k__Bacteria; p__Cyanobacteria; c__Chloroplast; o__Streptophyta; f__; g__; s__	1.0
9f5e9600874afd1ee08eb222b913aebd	k__Bacteria; p__Proteobacteria; c__Alphaproteobacteria; o__Rhodospirillales; f__Acetobacteraceae; g__; s__	1.0
363ff22fa3ca99ea994565b1a7cefa25	k__Bacteria; p__Proteobacteria; c__Alphaproteobacteria; o__Rickettsiales; f__mitochondria; g__; s__	1.0
511f89d74564474551af60a5395f4572	k__Bacteria; p__Proteobacteria; c__Betaproteobacteria; o__Burkholderiales; f__Oxalobacteraceae; g__; s__	0.6
0fd51ad2dafb69f81c75873e65a4ac15	Unassigned	0.0
cac638690d44123a9d31a54c95812761	k__Bacteria; p__Proteobacteria; c__Deltaproteobacteria; o__Bdellovibrionales; f__Bdellovibrionaceae; g__Bdellovibrio; s__	1.0
be83843ced5fff0e669507913eb13d3e	k__Bacteria; p__Planctomycetes; c__Planctomycetia; o__Planctomycetales; f__Planctomycetaceae; g__Planctomyces; s__	1.0
ae7773a95696d6ccef6130d696ebf1d7	Unassigned	0.0
ee180f91b78c5e9972cae61fe0b5103e	k__Bacteria; p__Proteobacteria; c__Gammaproteobacteria; o__Legionellales; f__Coxiellaceae; g__; s__	0.9
50d61e5c214426c06f1886e292f0f4b6	k__Bacteria; p__Proteobacteria; c__Alphaproteobacteria; o__Rickettsiales; f__; g__; s__	1.0
342fcba1579f0dcea5e3f72493102d32	k__Bacteria; p__Proteobacteria; c__Betaproteobacteria; o__Procabacteriales; f__Procabacteriaceae; g__; s__	1.0
9d9a358705c19903468221007ddd8484	k__Bacteria; p__Proteobacteria; c__Deltaproteobacteria; o__Myxococcales; f__; g__; s__	0.9
0d6befe391f0fcff5d6e8d51f4b3eb26	k__Bacteria; p__Proteobacteria; c__Betaproteobacteria; o__Procabacteriales; f__Procabacteriaceae; g__; s__	1.0
49d2f49f5b35a0c6ab8a54a5fd008764	k__Bacteria; p__Cyanobacteria; c__Chloroplast; o__Chlorophyta; f__; g__; s__	1.0
9de2149b8a840538078afe0f073474fa	Unassigned	0.0
455748e653d4681fd7c25204c7fe08e4	k__Bacteria; p__Bacteroidetes; c__Flavobacteriia; o__Flavobacteriales; f__[Weeksellaceae]; g__Chryseobacterium; s__	1.0
9613f18ed843ac4075a98d0c43705ba4	k__Bacteria; p__Actinobacteria; c__Actinobacteria; o__Actinomycetales; f__Microbacteriaceae; g__; s__	0.6
35c721ffba63400b43e32eda8cef99dd	k__Bacteria; p__Verrucomicrobia; c__Verrucomicrobiae; o__Verrucomicrobiales; f__Verrucomicrobiaceae; g__Luteolibacter; s__	1.0
e83a00c585981c06182aaa434efcd1e1	k__Bacteria; p__Bacteroidetes; c__Flavobacteriia; o__Flavobacteriales; f__Cryomorphaceae; g__Fluviicola; s__	1.0
8ab6c484d3de7a8d45541f22553167c4	k__Bacteria; p__Bacteroidetes; c__Flavobacteriia; o__Flavobacteriales; f__Cryomorphaceae; g__; s__	0.8
7d3bda3b6c08386fa5e49b9106abe974	k__Bacteria; p__Proteobacteria; c__Alphaproteobacteria	0.8
a1e5a89afd510dbf932814104c5c228c	k__Bacteria; p__Proteobacteria; c__Deltaproteobacteria; o__MIZ46; f__; g__; s__	1.0
b51cfe6e5afb7a62c25e56e243871e35	k__Bacteria; p__WPS-2; c__; o__; f__; g__; s__	1.0
7268261fb59844511398890535b5cf56	k__Bacteria; p__Proteobacteria; c__Alphaproteobacteria; o__BD7-3; f__; g__; s__	1.0
c1e77ef9751dcef8a715b0824df012de	k__Bacteria; p__Proteobacteria; c__Alphaproteobacteria; o__Rhizobiales; f__; g__; s__	0.8
a978400789e07b6ea51b113c6280821b	k__Bacteria; p__Planctomycetes; c__vadinHA49; o__DH61; f__; g__; s__	1.0
bd3193d523ce8c9cbf036dd7abe6fdb5	k__Bacteria; p__Bacteroidetes; c__[Saprospirae]; o__[Saprospirales]; f__Saprospiraceae; g__Lewinella; s__	0.6
ed08d61f9098b124df684ac92f9c42cc	k__Bacteria; p__Proteobacteria; c__Betaproteobacteria; o__Methylophilales; f__Methylophilaceae; g__; s__	0.9
a498e8fddeb0afd2f9fea5925952fad6	k__Bacteria; p__Proteobacteria; c__Alphaproteobacteria; o__Rhizobiales; f__Bradyrhizobiaceae; g__Bradyrhizobium; s__	0.8
0ed416f2a19b312ff3339faafb1bb651	k__Bacteria; p__Cyanobacteria; c__Synechococcophycideae; o__Pseudanabaenales; f__Pseudanabaenaceae; g__Leptolyngbya; s__	1.0
35be5139ee6365c258f248a0a7d3e51a	k__Bacteria; p__Bacteroidetes; c__Sphingobacteriia; o__Sphingobacteriales; f__; g__; s__	1.0
1ea7f71823a741ff85bff870fe643b8b	k__Bacteria; p__Proteobacteria; c__Alphaproteobacteria; o__Rhodospirillales; f__Acetobacteraceae; g__; s__	0.8
2f0a54c0d99ad35e60f6d2856a56147c	k__Bacteria; p__Planctomycetes; c__OM190; o__CL500-15; f__; g__; s__	1.0
ba6cb89a5544d3e6bf0c01402b60c5d0	k__Bacteria; p__Planctomycetes; c__vadinHA49; o__DH61; f__; g__; s__	1.0
82322540b08b9844be8f5ea5dc05b208	k__Bacteria; p__Proteobacteria; c__Deltaproteobacteria; o__Bdellovibrionales; f__Bacteriovoracaceae; g__Bacteriovorax; s__	1.0
7afe6756160de1d566d6d13ab6058b1a	k__Bacteria; p__Proteobacteria; c__Deltaproteobacteria; o__Desulfobacterales; f__Desulfobulbaceae; g__Desulfobulbus; s__	0.6
ab65c84b71243c6332c4b6b3a4950dd9	k__Bacteria; p__Bacteroidetes; c__[Saprospirae]; o__[Saprospirales]; f__Saprospiraceae; g__; s__	1.0
7e79c743b57e447c516d71e1ac16e2d3	k__Bacteria; p__Verrucomicrobia; c__[Spartobacteria]; o__[Chthoniobacterales]; f__[Chthoniobacteraceae]; g__Candidatus Xiphinematobacter; s__	1.0
6efb034540eaab1ac8e2150e6181d8ed	k__Bacteria; p__Proteobacteria; c__Alphaproteobacteria; o__Rhodospirillales; f__Acetobacteraceae; g__; s__	0.9
bf48bb6256ea264b65971d705a4286a2	k__Bacteria; p__Cyanobacteria; c__Synechococcophycideae; o__Pseudanabaenales; f__Pseudanabaenaceae; g__Leptolyngbya; s__	1.0
b7d6ea0d8a533bc3c0cfb3936c807bc5	k__Bacteria; p__Cyanobacteria; c__Chloroplast; o__Streptophyta; f__; g__; s__	1.0
cfa93e97d7be2eaad659b023845ee8f6	k__Bacteria; p__Acidobacteria; c__iii1-8; o__DS-18; f__; g__; s__	1.0
ae3bc38ac6a6086615431f1e13e43b0e	k__Bacteria; p__Proteobacteria; c__Alphaproteobacteria; o__Rickettsiales; f__Rickettsiaceae; g__Rickettsia; s__	0.7
5a614bf668088efb9afe50255ea8cb06	k__Bacteria; p__Proteobacteria; c__Alphaproteobacteria; o__Rickettsiales; f__; g__; s__	1.0
0efad902a26911c43cb1dfc9b5f4ac5c	k__Bacteria; p__Proteobacteria; c__Betaproteobacteria; o__Burkholderiales; f__Comamonadaceae; g__; s__	1.0
93b5f4e4993ac285072f2f08760df4ca	k__Archaea; p__[Parvarchaeota]; c__[Parvarchaea]; o__WCHD3-30; f__; g__; s__	1.0
d0e80162b5ee5d4073fa2161669c3e3b	k__Bacteria; p__Cyanobacteria; c__Chloroplast; o__Stramenopiles; f__; g__; s__	1.0
237f3b984ddafef9274620ffcb660a57	k__Bacteria; p__Proteobacteria; c__Alphaproteobacteria; o__Rhizobiales; f__; g__; s__	0.6
3adaf9b62b9d82273ecc49c142e9eb27	k__Bacteria; p__Proteobacteria; c__TA18; o__CV90; f__; g__; s__	1.0
3735523dbe4d03462ca7753480c02e56	k__Bacteria; p__Gemmatimonadetes; c__Gemmatimonadetes; o__Gemmatimonadales; f__Gemmatimonadaceae; g__Gemmatimonas; s__	0.6
9f3d91647c7a7d33c51dc0ef1971c5ee	k__Bacteria; p__OP3; c__BD4-9; o__; f__; g__; s__	1.0
fcd72808ea3b5697a57f84468e329797	k__Bacteria; p__Bacteroidetes; c__Sphingobacteriia; o__Sphingobacteriales; f__Sphingobacteriaceae; g__; s__	0.9
9d47404e5b0b827c1ac6722a69b9a505	k__Bacteria; p__OD1; c__ZB2; o__; f__; g__; s__	0.8888888888888888
590575f86ee6c9294781051a500ef492	k__Bacteria; p__Actinobacteria; c__Actinobacteria; o__Actinomycetales; f__Microbacteriaceae; g__; s__	0.6
2e28a424c37e9975f07884ab0be9fb68	k__Bacteria; p__OP3; c__BD4-9; o__; f__; g__; s__	1.0
c6e499d6a61b03fc5704daeeee97eee0	k__Bacteria; p__Verrucomicrobia; c__[Spartobacteria]; o__[Chthoniobacterales]; f__[Chthoniobacteraceae]; g__DA101; s__	1.0
98cf409444f6375c8c0c77df1ed2227a	k__Bacteria; p__Spirochaetes; c__MVP-15; o__PL-11B10; f__; g__; s__	1.0
e97c78d765428af2e566b480153bcf00	k__Bacteria; p__Actinobacteria; c__Thermoleophilia; o__Gaiellales; f__; g__; s__	1.0
666611a26d965df9f21fabcea1e03813	k__Bacteria; p__Firmicutes; c__Bacilli; o__Bacillales; f__Paenibacillaceae; g__Paenibacillus; s__	0.9
57818f5fde81deb807824b5cc0df8d06	k__Bacteria; p__Firmicutes; c__Clostridia; o__Clostridiales; f__Christensenellaceae; g__; s__	0.9
6e9917d076c8645b55655cd356db2e00	k__Bacteria; p__Proteobacteria; c__Alphaproteobacteria; o__Rhodospirillales; f__Rhodospirillaceae; g__; s__	1.0
8395a1580010bee6c91997644a6c4070	k__Bacteria; p__Bacteroidetes; c__[Saprospirae]; o__[Saprospirales]; f__Chitinophagaceae; g__; s__	0.8
d6c1eca8f7e92a2c13896651481a762a	k__Bacteria; p__Bacteroidetes; c__Sphingobacteriia; o__Sphingobacteriales; f__; g__; s__	0.7
e4f0d8fd1cb4ae717546a8d7d5e56336	k__Bacteria; p__Bacteroidetes; c__Flavobacteriia; o__Flavobacteriales; f__[Weeksellaceae]	1.0
854d1b3d0e54f55029a0e99f72812030	k__Bacteria; p__GN02; c__BD1-5; o__; f__; g__; s__	1.0
c326c98346588561fa96db5ed1255d06	k__Bacteria; p__SAR406; c__AB16; o__Arctic96B-7; f__A714017; g__SargSea-WGS; s__	0.7
4d7f7906ccb2311a95fd43e8edf0e03e	k__Bacteria; p__Acidobacteria; c__Acidobacteriia; o__Acidobacteriales; f__Acidobacteriaceae; g__; s__	0.8
816aaaedcf52fcecef44bd8b6e89443f	Unassigned	0.0
df9477693a91d4cd61ae13ca89b8a917	k__Bacteria; p__Proteobacteria; c__Betaproteobacteria; o__Procabacteriales; f__Procabacteriaceae; g__Procabacter; s__	0.7
3715a788c5db7f2bf1d7e8d94e675c68	k__Bacteria; p__Tenericutes; c__Mollicutes; o__; f__; g__; s__	1.0
4210acf54083909d3ad0940063997f69	k__Bacteria; p__Proteobacteria; c__Epsilonproteobacteria; o__Campylobacterales; f__Campylobacteraceae; g__Arcobacter; s__	1.0
f3a0fffb0d42b085079921c51e151dbb	k__Bacteria; p__Proteobacteria; c__Alphaproteobacteria; o__Rhodobacterales; f__Rhodobacteraceae; g__Rhodobacter; s__	0.9
b083a9df1477a024689cd1d7d71c1f54	k__Bacteria; p__Bacteroidetes; c__[Saprospirae]; o__[Saprospirales]; f__Chitinophagaceae; g__; s__	1.0
e9b6760d2036dde72e6adf839ea70baf	k__Bacteria; p__Planctomycetes; c__Planctomycetia; o__Gemmatales; f__Gemmataceae; g__Gemmata; s__	0.7
78e630fcd31eb855cc68b5101bc924d6	k__Bacteria; p__Bacteroidetes; c__Sphingobacteriia; o__Sphingobacteriales; f__; g__; s__	0.8
b0e0e80c2d0e5ccf25470f51c04c7f77	k__Bacteria; p__Firmicutes; c__Clostridia; o__Clostridiales; f__Clostridiaceae; g__; s__	0.6
985d195e7f4e1147221efe26f1ac5e65	k__Bacteria; p__Verrucomicrobia; c__Opitutae; o__Opitutales; f__Opitutaceae; g__; s__	0.8
6643a16b185d167f4196d3ec948cb060	k__Bacteria; p__Proteobacteria; c__Alphaproteobacteria; o__Rickettsiales; f__Rickettsiaceae	0.7
ee891857cdeb5d59f1246e14bff8e6bd	k__Bacteria; p__Proteobacteria; c__Alphaproteobacteria; o__Rhizobiales; f__; g__; s__	0.8
a474c7f1c5dd424140f0fcca4be0e448	k__Bacteria; p__Proteobacteria; c__Betaproteobacteria; o__Rhodocyclales; f__Rhodocyclaceae; g__Dechloromonas; s__	0.9
91623f328aeccb9a5c02ca92de19c48f	k__Bacteria; p__Proteobacteria; c__Alphaproteobacteria; o__Rhodospirillales; f__Acetobacteraceae; g__; s__	0.9
c6e1aec287c53eb42aa67081ea7af7d1	k__Bacteria; p__Proteobacteria; c__Epsilonproteobacteria; o__Campylobacterales; f__Helicobacteraceae; g__Sulfuricurvum; s__kujiense	1.0
9cb03bbc84e736d5b9240365f322368a	k__Bacteria; p__Proteobacteria; c__Gammaproteobacteria; o__Legionellales; f__Coxiellaceae; g__; s__	1.0
7bb8a88971065791bbdceec0b29e0ef5	k__Bacteria; p__Firmicutes; c__Clostridia; o__Clostridiales; f__Ruminococcaceae; g__; s__	0.6
4121515d6e58b838f006c9fc37bc01a2	k__Bacteria; p__Proteobacteria; c__Alphaproteobacteria; o__Rickettsiales; f__; g__; s__	1.0
0ff91905a9c1a7ae80333ab19882edee	k__Bacteria; p__Actinobacteria; c__Actinobacteria; o__Actinomycetales; f__Dermacoccaceae; g__Dermacoccus; s__	1.0
e86596017262db71e0311e73ed84c856	k__Bacteria; p__Proteobacteria; c__Betaproteobacteria; o__Burkholderiales; f__; g__; s__	0.6
5384711922c06487e43c1af93ce2f600	k__Bacteria; p__Proteobacteria; c__Betaproteobacteria; o__Methylophilales; f__; g__; s__	0.8
523f2a3d552dd07997891051ded73eb4	k__Bacteria; p__Chlamydiae; c__Chlamydiia; o__Chlamydiales; f__Parachlamydiaceae; g__Candidatus Protochlamydia; s__	0.6
a5171bdbece970a2df2962a562f5e038	k__Bacteria; p__Proteobacteria; c__Betaproteobacteria; o__Burkholderiales; f__Comamonadaceae; g__; s__	0.6
216a8c1aad0f3a19ed33c39228febd15	k__Bacteria; p__Proteobacteria; c__Deltaproteobacteria; o__MIZ46; f__; g__; s__	1.0
6b9d5cc4a5a48037a9baafe27911ecea	k__Bacteria; p__Proteobacteria; c__Betaproteobacteria; o__Burkholderiales; f__Comamonadaceae; g__; s__	0.7
37eea288d26f959ed50e4ee1fae79a34	k__Bacteria; p__Bacteroidetes; c__Sphingobacteriia; o__Sphingobacteriales; f__; g__; s__	1.0
3acb6a437f3ce41c50fe26ba71246854	k__Bacteria; p__Bacteroidetes; c__[Saprospirae]; o__[Saprospirales]; f__Saprospiraceae; g__; s__	1.0
d9ff68a7e3bae99b7820e37cc1e86835	k__Bacteria; p__Cyanobacteria; c__Nostocophycideae; o__Nostocales; f__Nostocaceae; g__Anabaena; s__	0.8
2d514cbd5c19ececf39e43d0330ecc66	k__Bacteria; p__Proteobacteria	0.6
165631ecc46f6c08e1af126aa87bb66d	k__Bacteria; p__Proteobacteria; c__Betaproteobacteria	0.9
98c6da3b6529e17975836cab6125bb79	k__Bacteria; p__Bacteroidetes; c__Flavobacteriia; o__Flavobacteriales; f__Cryomorphaceae; g__Fluviicola; s__	1.0
866ba5a6a4b990fe3d709e0c7cff5fa6	Unassigned	0.0
b9ced2b55e2ddb310453bffa34ca49a0	k__Bacteria; p__Proteobacteria; c__Alphaproteobacteria; o__Rhizobiales; f__; g__; s__	1.0
67e2defba94207e43c7cf753a2e42ec7	k__Bacteria; p__TM6; c__SJA-4; o__; f__; g__; s__	0.9
723c62bf3863022e9b9baff2dd16f0d8	k__Bacteria; p__Proteobacteria; c__Alphaproteobacteria; o__Sphingomonadales; f__Sphingomonadaceae; g__Novosphingobium; s__	0.6
da0bc9db32b7f208a66cbc5f6e36e098	k__Bacteria; p__Proteobacteria; c__Betaproteobacteria; o__Burkholderiales; f__Comamonadaceae; g__Limnohabitans; s__	0.6
af727d76aed4863501b7b6000963befc	k__Bacteria; p__Proteobacteria; c__Gammaproteobacteria; o__Legionellales; f__Legionellaceae	0.9
659c2d22bf4a2202d0ab38f79ccf1351	k__Bacteria; p__Verrucomicrobia; c__[Pedosphaerae]; o__[Pedosphaerales]	0.8
566b0437dac03f1c44ca90a23295d7e0	k__Bacteria; p__Planctomycetes; c__Planctomycetia; o__Pirellulales; f__Pirellulaceae; g__; s__	1.0
d98bc85c81245fd9ef516b900b3dd57d	k__Bacteria; p__Proteobacteria; c__Alphaproteobacteria; o__Sphingomonadales; f__Sphingomonadaceae; g__Novosphingobium; s__	0.6
b6d7766d068c83e3e45c0d5e5acd5768	k__Bacteria; p__Bacteroidetes; c__Bacteroidia; o__Bacteroidales; f__; g__; s__	0.6
0ab6e27364e51e9392ac4998d3bc7654	k__Bacteria; p__Tenericutes; c__Mollicutes; o__; f__; g__; s__	0.9
90a2a49060a61ce95bc8f21d910c4936	k__Bacteria; p__Verrucomicrobia; c__[Spartobacteria]; o__[Chthoniobacterales]; f__[Chthoniobacteraceae]; g__; s__	0.9
d690c65065e59f1a1f1a814ad02265af	k__Bacteria; p__Proteobacteria; c__Betaproteobacteria; o__Burkholderiales; f__Oxalobacteraceae; g__Polynucleobacter; s__	0.7
2cdee54f89a4b46d186854d0d3b98057	k__Bacteria; p__Bacteroidetes; c__Sphingobacteriia; o__Sphingobacteriales; f__Sphingobacteriaceae; g__Pedobacter; s__	0.9
8c33d2c34ee2d10ee820fce2229002bc	k__Bacteria; p__Proteobacteria; c__Gammaproteobacteria; o__Legionellales	0.9
a2291550420a480c72f63cd38cf9f10d	k__Bacteria; p__Chlamydiae; c__Chlamydiia; o__Chlamydiales	0.8
1c340370bba7e76ccb226ecff0dc7073	k__Bacteria; p__Firmicutes; c__Erysipelotrichi; o__Erysipelotrichales; f__Erysipelotrichaceae; g__PSB-M-3; s__	0.6
9cce16d2c2b034b66ac72df8dfde448f	k__Bacteria; p__OD1; c__ZB2; o__; f__; g__; s__	1.0
2221baf19c242f5775b243269e127fa5	k__Bacteria; p__Proteobacteria; c__Deltaproteobacteria; o__Bdellovibrionales; f__Bacteriovoracaceae; g__; s__	1.0
15c6b2674f3de8f15d35d935a09fd7fd	k__Bacteria; p__Actinobacteria; c__Actinobacteria; o__Actinomycetales; f__; g__; s__	1.0
3ee70a3ffae80ab221fa5f5e12ab0056	k__Bacteria; p__OD1; c__ZB2; o__; f__; g__; s__	1.0
312527165739d5d3964cac681fd36279	k__Bacteria; p__Proteobacteria; c__Alphaproteobacteria	1.0
b2c70b40767565d312693f73ba70bc6d	k__Bacteria; p__TM7; c__SC3; o__; f__; g__; s__	1.0
81d9b39da1c81b4c2f98b4d934568984	k__Bacteria; p__Proteobacteria; c__Alphaproteobacteria	1.0
ba4e8e10ce7dc319c490b0456a8479f0	k__Bacteria; p__[Thermi]; c__Deinococci; o__Deinococcales; f__Trueperaceae; g__; s__	0.7
e2107acba207aba4edd56e5d6e95f63b	k__Bacteria; p__Cyanobacteria; c__Chloroplast; o__Chlorophyta; f__Chlamydomonadaceae	0.6
da5e8d3aa8da4c5a0c44157e162e2458	k__Bacteria; p__Cyanobacteria; c__Chloroplast; o__Stramenopiles; f__; g__; s__	1.0
a62c1dac75d95d5429302221d58ed144	k__Bacteria; p__GN02; c__BD1-5; o__; f__; g__; s__	1.0
1cc8064577b0d76f17870c8f3bce7bd0	k__Bacteria; p__Proteobacteria; c__Alphaproteobacteria; o__Sphingomonadales; f__Erythrobacteraceae	0.7
0aec22d36062b92333924a964a46c68b	k__Bacteria; p__Actinobacteria; c__Thermoleophilia; o__Gaiellales; f__; g__; s__	1.0
dba01f70c4e9bbd97f5a6158bc74658b	k__Bacteria; p__Spirochaetes; c__MVP-15; o__PL-11B10; f__; g__; s__	1.0
014e1a14924cc818178030302f64a1da	k__Bacteria; p__OD1; c__ZB2; o__; f__; g__; s__	1.0
8fc4d312d79f98829e131333e94b0dc0	k__Bacteria; p__Firmicutes; c__Clostridia; o__Clostridiales; f__[Tissierellaceae]	0.8
6918b416fc63d5df11cef021dc9c2b00	k__Bacteria; p__Bacteroidetes; c__[Saprospirae]; o__[Saprospirales]; f__Saprospiraceae; g__; s__	1.0
8a9119c613a21ffc6aed507941240fa7	k__Bacteria; p__Bacteroidetes; c__[Saprospirae]; o__[Saprospirales]; f__Saprospiraceae; g__; s__	1.0
f3531de7fe9c23c44503be76d5de492d	k__Bacteria; p__Proteobacteria; c__Alphaproteobacteria; o__Rhodospirillales; f__Acetobacteraceae; g__; s__	1.0
9ff5f9b0526ec2db18ba108bee037d40	k__Bacteria; p__Proteobacteria; c__Deltaproteobacteria; o__Desulfarculales; f__Desulfarculaceae; g__; s__	0.6
f46a1bc5f3dc1329885fcee17a63ce6d	k__Bacteria; p__Planctomycetes; c__Planctomycetia; o__Pirellulales; f__Pirellulaceae; g__; s__	1.0
b6dc1056381b647409f822144162ae6e	k__Bacteria; p__Proteobacteria; c__Deltaproteobacteria; o__Syntrophobacterales; f__Syntrophaceae; g__; s__	1.0
fe01e5c54c76c6dd2a513afa1a392220	k__Bacteria; p__Bacteroidetes; c__Sphingobacteriia; o__Sphingobacteriales; f__; g__; s__	1.0
0237ddd26f6a2beb4c6c018e4987e4a9	k__Bacteria; p__Proteobacteria; c__Deltaproteobacteria; o__Myxococcales; f__; g__; s__	1.0
31c2031a112bb79039b7a8efa6027be4	k__Archaea; p__Euryarchaeota; c__Thermoplasmata; o__E2; f__[Methanomassiliicoccaceae]; g__; s__	1.0
e8eaa895591c270d13fbaf948c0abd2d	k__Bacteria; p__Chlamydiae; c__Chlamydiia; o__Chlamydiales; f__; g__; s__	0.6
838f78512190251ccbc0ee091cfa65ef	k__Bacteria; p__Bacteroidetes; c__[Saprospirae]; o__[Saprospirales]; f__Chitinophagaceae; g__; s__	0.8
d433a65e124081aac8c6b991ef01d71d	k__Bacteria; p__OD1; c__ZB2; o__; f__; g__; s__	1.0
f34f6f500b1ba1e7940c45f8309effee	k__Bacteria; p__Actinobacteria; c__Acidimicrobiia; o__Acidimicrobiales; f__C111; g__; s__	1.0
114e67f4b6f3c5cbddbd36f96c7a9d99	k__Bacteria; p__Actinobacteria; c__Actinobacteria; o__Actinomycetales; f__Mycobacteriaceae; g__Mycobacterium; s__	1.0
eb6a532d0df79b3601205e01449785cc	k__Bacteria; p__Cyanobacteria; c__Chloroplast	1.0
5b7f82320ad194cbec5c82070283c4d0	k__Bacteria; p__Planctomycetes; c__Planctomycetia; o__Pirellulales; f__Pirellulaceae; g__; s__	1.0
59cbb993d8a50b548811017877d81453	k__Bacteria; p__Acidobacteria; c__RB25; o__; f__; g__; s__	1.0
9401e78a46de9447a3ffb6674e198764	k__Bacteria; p__Proteobacteria; c__Alphaproteobacteria; o__Rhodospirillales; f__Acetobacteraceae; g__; s__	0.9
35762419495c08c6ebd5e0266e29dd79	k__Bacteria; p__Proteobacteria; c__Betaproteobacteria; o__Hydrogenophilales; f__Hydrogenophilaceae; g__Thiobacillus; s__	1.0
93a980862cac3f0eedfc9f1e19308a73	k__Bacteria; p__OD1; c__ZB2; o__; f__; g__; s__	1.0
f09a95b55f6c916b68add2fc454ed913	k__Bacteria; p__Proteobacteria; c__Alphaproteobacteria; o__Sphingomonadales; f__Sphingomonadaceae; g__Sphingomonas	0.7
b4ae7936e132eec70843ab38ca4a0485	k__Bacteria; p__Cyanobacteria; c__Chloroplast; o__Chlorophyta; f__; g__; s__	0.9411764705882353
5ff849ba0332252e0576eae98d70ec69	k__Bacteria; p__OD1; c__ABY1; o__; f__; g__; s__	0.9
7e642a4203c1ada00f0e04b743df55ad	k__Bacteria; p__Bacteroidetes; c__Sphingobacteriia; o__Sphingobacteriales; f__; g__; s__	0.7
beca5ebddb54df1daee75e158c6870d5	k__Bacteria; p__Bacteroidetes; c__Flavobacteriia; o__Flavobacteriales; f__Flavobacteriaceae; g__Flavobacterium; s__	0.6
f9a81b35e7e8df0fec1f6a5407430cbf	k__Bacteria; p__Verrucomicrobia; c__Opitutae; o__Opitutales; f__Opitutaceae; g__Opitutus; s__	1.0
c83b8e3e700a29ea2f34ee4acf60efbb	k__Bacteria; p__Proteobacteria; c__Alphaproteobacteria; o__Rickettsiales; f__; g__; s__	1.0
d0edbc1000fce6ddadf0ac41c0b5cf5b	k__Bacteria; p__Cyanobacteria; c__Chloroplast; o__Streptophyta; f__; g__; s__	1.0
97db7adc6aa5887a3ac778f51738374b	k__Bacteria; p__Fusobacteria; c__Fusobacteriia; o__Fusobacteriales; f__; g__; s__	0.7
ad07a27a7e31e678b79f6a6a2d334058	k__Bacteria; p__Cyanobacteria; c__Chloroplast; o__Cryptophyta; f__; g__; s__	1.0
a4c962c962f0fc73a9e3f4b498fcbf07	k__Bacteria; p__Proteobacteria; c__Betaproteobacteria; o__Burkholderiales; f__Comamonadaceae; g__; s__	0.8
a643611e6a8b948ab9382b21ac2f96b9	k__Bacteria; p__Proteobacteria; c__Alphaproteobacteria; o__Rhodobacterales; f__Rhodobacteraceae; g__Rhodobacter; s__	0.7
75d64522a15c86e662742953ba7eef46	k__Bacteria; p__Proteobacteria; c__Betaproteobacteria; o__Neisseriales; f__Neisseriaceae; g__; s__	0.6
98c9fbfa054b6f3fef4620cf3370591e	k__Bacteria; p__Bacteroidetes; c__Sphingobacteriia; o__Sphingobacteriales; f__Sphingobacteriaceae; g__; s__	0.9
e99e633ff33b6b0d1b126c487262dee5	k__Bacteria; p__Firmicutes; c__Clostridia; o__Clostridiales; f__; g__; s__	1.0
5a4c4c3eacc27934b25591015a7ad99a	k__Bacteria; p__Proteobacteria; c__Betaproteobacteria; o__Burkholderiales; f__Comamonadaceae; g__; s__	0.8
ae3dc47fa8da30cfe2c7720e4ba0b746	k__Bacteria; p__Chlamydiae; c__Chlamydiia; o__Chlamydiales; f__Parachlamydiaceae	0.6
efb4595c24aa8e9491398df7976b5adc	k__Bacteria; p__Proteobacteria; c__Deltaproteobacteria; o__MIZ46; f__; g__; s__	1.0
2aa3e8937e11c839903b304a64cb102e	k__Bacteria; p__Proteobacteria; c__Betaproteobacteria; o__Burkholderiales; f__Comamonadaceae; g__; s__	0.6
a6687fd7e7d07a00124ee190843483e8	k__Bacteria; p__Proteobacteria; c__Alphaproteobacteria; o__Rickettsiales; f__Rickettsiaceae; g__Rickettsia; s__	0.9
fff7bb56e9c2788829647009dd0697f3	k__Bacteria; p__Actinobacteria; c__Acidimicrobiia; o__Acidimicrobiales; f__C111; g__; s__	1.0
601114951633414293368efc8663b299	k__Bacteria; p__Proteobacteria; c__Betaproteobacteria; o__Burkholderiales; f__Oxalobacteraceae; g__; s__	0.7
25b3e0ebfcec704e1c92291d5946d111	k__Bacteria; p__Proteobacteria; c__Betaproteobacteria; o__Burkholderiales; f__Burkholderiaceae; g__; s__	0.6
9ad59c0f0a4bfdf3665d000ff2822750	k__Bacteria; p__Bacteroidetes; c__Cytophagia; o__Cytophagales; f__Cytophagaceae; g__Adhaeribacter; s__	0.8
b1b2d6a85c9beef6a3ba75bf84b7bf1f	k__Bacteria; p__GN02; c__BD1-5; o__; f__; g__; s__	0.7142857142857143
2c8e4ab88ff1fce8a938bec731e8868c	k__Bacteria; p__Bacteroidetes; c__[Saprospirae]; o__[Saprospirales]; f__Chitinophagaceae; g__; s__	1.0
add70c4eaa890cc642155f188d77018e	k__Bacteria; p__Verrucomicrobia; c__Opitutae; o__Opitutales; f__Opitutaceae; g__Opitutus; s__	0.9
ba412408b7b0783e30714503f004797f	k__Bacteria; p__Bacteroidetes; c__Sphingobacteriia; o__Sphingobacteriales; f__; g__; s__	0.6
8e21001ec55a109de97897d640f1c895	k__Bacteria; p__Proteobacteria; c__Betaproteobacteria; o__Burkholderiales; f__Comamonadaceae	1.0
126cea199a0b31be41c1dc40a8b800d9	k__Bacteria; p__TM6; c__SJA-4; o__; f__; g__; s__	1.0
fd3384f7400e3041c92e2756ae2c03fa	k__Bacteria; p__Proteobacteria; c__Alphaproteobacteria; o__; f__; g__; s__	0.6
d0b54e9a63f4d2e27a5f7cb6ea5daadd	k__Bacteria; p__Proteobacteria; c__Deltaproteobacteria; o__Bdellovibrionales; f__Bdellovibrionaceae; g__Bdellovibrio; s__	0.8
494056dd211f6a2eba65d103dc4582aa	k__Bacteria; p__Proteobacteria; c__Alphaproteobacteria; o__Sphingomonadales; f__; g__; s__	1.0
e1d75bb41600ae3ac0a3f156e2b14786	k__Bacteria; p__Bacteroidetes; c__Cytophagia; o__Cytophagales; f__Cytophagaceae; g__; s__	1.0
f21a9c5fd7982b03bf548f590d185a93	k__Bacteria; p__Proteobacteria; c__Alphaproteobacteria; o__Rhodospirillales; f__Rhodospirillaceae; g__; s__	0.6
72ae231871de50719c6d7aba2e44bd6a	k__Bacteria; p__Proteobacteria; c__Deltaproteobacteria; o__Spirobacillales; f__; g__; s__	1.0
268581223ea889ed757d8b12b5856a51	k__Bacteria; p__Bacteroidetes; c__Bacteroidia; o__Bacteroidales; f__S24-7; g__; s__	1.0
872774f8c2f12a74c9dc6068e4301f1d	k__Bacteria; p__Proteobacteria; c__Gammaproteobacteria; o__Legionellales; f__; g__; s__	1.0
661977193f8b538aa71bf85b4f0ac97b	k__Bacteria; p__Verrucomicrobia; c__[Spartobacteria]; o__[Chthoniobacterales]; f__[Chthoniobacteraceae]; g__Candidatus Xiphinematobacter; s__	1.0
060342445fa11bab7abba553b2f7c49e	k__Bacteria; p__Bacteroidetes; c__Cytophagia; o__Cytophagales; f__Cytophagaceae; g__; s__	1.0
4df0cb1c5d644a25ec10ad747078f94c	k__Bacteria; p__Bacteroidetes; c__[Saprospirae]; o__[Saprospirales]; f__Chitinophagaceae; g__Sediminibacterium; s__	1.0
3f53699152b3e23635fba2b2cd10a065	k__Bacteria; p__Actinobacteria; c__Actinobacteria; o__Actinomycetales; f__Nocardioidaceae; g__; s__	0.8
3a9dbf29e6ce56462a494e4ad5bfad4a	k__Bacteria; p__TM7; c__SC3; o__; f__; g__; s__	1.0
b40344bf98f565444fa8b937e11aea8f	k__Bacteria; p__SR1; c__; o__; f__; g__; s__	1.0
d0a641097fb93e88106afe6ab1369bfb	k__Bacteria; p__Bacteroidetes; c__[Saprospirae]; o__[Saprospirales]; f__Saprospiraceae; g__; s__	1.0
269738ad8df2eef21af57d5bdb82cd60	k__Bacteria; p__Verrucomicrobia; c__[Spartobacteria]; o__[Chthoniobacterales]; f__[Chthoniobacteraceae]; g__Candidatus Xiphinematobacter; s__	0.7
7c7beeee334838b50da50b800d67e82b	k__Bacteria; p__Bacteroidetes; c__Flavobacteriia; o__Flavobacteriales; f__Flavobacteriaceae; g__Flavobacterium; s__	1.0
19b5bdaa8f2212ed661de17217ee3b1c	k__Bacteria; p__Bacteroidetes; c__Bacteroidia; o__Bacteroidales; f__Bacteroidaceae	0.9
e435afa48878da063fe9a0a34d84f481	k__Bacteria; p__Proteobacteria; c__Betaproteobacteria; o__Rhodocyclales; f__Rhodocyclaceae; g__Propionivibrio; s__	0.9
78f75390f3659f6e03545d5594fd7a0d	k__Bacteria; p__SR1; c__; o__; f__; g__; s__	0.7
1749162ea0da2f2c338bf231ae66ed95	k__Bacteria; p__Proteobacteria; c__Gammaproteobacteria; o__Alteromonadales; f__OM60; g__; s__	0.7
75310e687def1237cdccb825fd7a8258	k__Bacteria; p__Proteobacteria; c__Alphaproteobacteria; o__Sphingomonadales; f__Sphingomonadaceae; g__Blastomonas; s__	0.7
e704494c0f279e914545cd0e3b30c77b	k__Bacteria; p__Proteobacteria; c__Alphaproteobacteria; o__Sphingomonadales; f__Erythrobacteraceae; g__; s__	0.7
842ef5985dcf42ee348d48b3d2c9c325	k__Bacteria; p__Bacteroidetes; c__Bacteroidia; o__Bacteroidales; f__; g__; s__	0.6
16a94a1494a003b79394f8df4713f698	Unassigned	0.0
8719f94a2f64a1d8af32cea7e2a0b26f	k__Bacteria; p__Proteobacteria; c__Gammaproteobacteria; o__Legionellales; f__Legionellaceae; g__; s__	0.9
6aeaa5afd43fa9ebdd6c38dd152f7ced	k__Bacteria; p__Verrucomicrobia; c__Verrucomicrobiae; o__Verrucomicrobiales; f__Verrucomicrobiaceae; g__; s__	0.8
39d661619cde168b714e9eaabc0c889a	k__Bacteria; p__Firmicutes; c__Bacilli; o__Lactobacillales; f__Lactobacillaceae; g__Lactobacillus; s__	1.0
68afe842c24387f362049bc095dd4576	k__Bacteria; p__Bacteroidetes; c__Cytophagia; o__Cytophagales; f__Cytophagaceae; g__Leadbetterella; s__	1.0
9d870817d4680621b2b4e52a68ec6a38	k__Bacteria; p__Verrucomicrobia; c__Opitutae; o__[Cerasicoccales]; f__[Cerasicoccaceae]; g__; s__	1.0
bc8cf44d0169f5000f10e3685c9a270f	Unassigned	0.0
5bc887f592fca6d55ea1fbec2bf69ae7	k__Bacteria; p__Actinobacteria; c__Actinobacteria; o__Actinomycetales; f__ACK-M1; g__; s__	1.0
55ea0adde7b8d5818a241e5228a7b987	k__Bacteria; p__Actinobacteria; c__Actinobacteria; o__Actinomycetales; f__Micrococcaceae; g__; s__	0.6
8d458b0fe475ae2b1c0d47a1aaa86526	k__Bacteria; p__Proteobacteria; c__Alphaproteobacteria; o__Rhizobiales; f__Hyphomicrobiaceae; g__Devosia; s__	1.0
84196a728324ec85d03519bd0f3598d1	k__Bacteria	1.0
833b3c9f8cfdedab22573499f805ece3	k__Bacteria; p__Acidobacteria; c__[Chloracidobacteria]; o__PK29; f__; g__; s__	1.0
81add8710e6556d69b26badb9b86e7b6	k__Bacteria; p__Firmicutes; c__Clostridia; o__Clostridiales; f__; g__; s__	0.6
121fc160ce08dc023ebe29b5b5bc40c1	k__Bacteria; p__GN02; c__BD1-5; o__; f__; g__; s__	0.7
25f8d50ac398e340da08e019c1bdcec5	k__Bacteria; p__Proteobacteria; c__Alphaproteobacteria; o__Rhizobiales	0.6
86a7d5d3f2bf22c2a34c8b2f7bd9bcf3	k__Bacteria; p__GN02; c__BD1-5; o__; f__; g__; s__	0.8333333333333334
140912c3cbf956dd6e4ff4d15a2c4a6a	k__Bacteria; p__GN02; c__BD1-5; o__; f__; g__; s__	1.0
3bcc2e8bc132d011271abd56edfca8e5	k__Bacteria; p__Verrucomicrobia; c__[Spartobacteria]; o__[Chthoniobacterales]; f__[Chthoniobacteraceae]	1.0
0b224863cf1e02a19a55eff5b65a3c71	k__Bacteria; p__Planctomycetes; c__Planctomycetia; o__Gemmatales; f__Gemmataceae; g__Gemmata; s__	1.0
bfe81f2d9e3e1ab988effbbc1c80890d	k__Bacteria; p__Proteobacteria; c__Betaproteobacteria; o__Burkholderiales; f__Comamonadaceae; g__Rubrivivax; s__gelatinosus	0.6
edcc68097e35897e50ecd6f1d442d80f	k__Bacteria; p__Proteobacteria; c__Betaproteobacteria; o__Burkholderiales; f__Comamonadaceae	0.9
5fc46f9c059520821f11d0d52729339d	k__Bacteria; p__Proteobacteria; c__Alphaproteobacteria; o__Rhizobiales; f__Brucellaceae; g__Ochrobactrum; s__	0.9
d640cf8ed1e4dcc01647d1f8729919c8	k__Bacteria; p__Proteobacteria; c__Deltaproteobacteria; o__Myxococcales	1.0
9ebca6cf2b16e72e50d9d743e50ac92d	k__Bacteria; p__Acidobacteria; c__Solibacteres; o__Solibacterales; f__; g__; s__	0.7
444de2fbfe5352003650c34da9f88599	k__Bacteria; p__Proteobacteria; c__Betaproteobacteria; o__Rhodocyclales; f__Rhodocyclaceae	0.6
6e959efacca2c426c1cf8998c9adc932	k__Bacteria; p__Actinobacteria; c__Actinobacteria; o__Actinomycetales	0.9
d7fe460e830070dfbbaadfcd3fc5f172	k__Bacteria; p__Proteobacteria; c__Deltaproteobacteria; o__Syntrophobacterales; f__Syntrophaceae; g__Desulfomonile; s__	0.9
84b72f3b7ecf305cf9acaf2ace1dcc81	k__Bacteria; p__Bacteroidetes; c__[Saprospirae]; o__[Saprospirales]; f__Chitinophagaceae; g__; s__	0.8
dd290dabcabc6ec2236c886072e3dd31	k__Bacteria; p__Proteobacteria; c__Deltaproteobacteria; o__Bdellovibrionales; f__Bdellovibrionaceae; g__Bdellovibrio; s__bacteriovorus	1.0
113d3aa5c5b8dbc50d3cc4d89cd87325	k__Bacteria; p__Chloroflexi; c__Chloroflexi; o__[Roseiflexales]; f__[Kouleothrixaceae]; g__; s__	0.8
3a41f6757212087966afbbfce453cca5	k__Bacteria; p__Proteobacteria; c__Gammaproteobacteria; o__Pasteurellales; f__; g__; s__	1.0
d918c9569ffeb26d11bc7edef8eff3ed	k__Bacteria; p__Proteobacteria; c__Gammaproteobacteria	1.0
ba27b238ea0eac6facefb5da2af2a0e8	k__Bacteria; p__Proteobacteria; c__Alphaproteobacteria; o__Rhodospirillales; f__Rhodospirillaceae; g__; s__	0.9
d953f716414f7ed9d083ba03f2d265ef	k__Bacteria; p__Planctomycetes; c__OM190; o__CL500-15; f__; g__; s__	1.0
fada2ea471d8d837b9ebb9a29ba23b37	k__Bacteria; p__Proteobacteria; c__Betaproteobacteria; o__Burkholderiales; f__Comamonadaceae	0.9
9c16bee88223e1bcc8b3b2a3ebd2ff84	k__Bacteria; p__Proteobacteria; c__Alphaproteobacteria; o__Rhizobiales; f__Hyphomicrobiaceae; g__Devosia; s__	1.0
6cdc3fd4dfbe1f713f95e1ab27a47828	k__Bacteria	1.0
83e5b17d25d730161847b344162f7e42	k__Bacteria; p__Verrucomicrobia; c__[Pedosphaerae]; o__[Pedosphaerales]	0.7
abfcab48322cb98de29d780233a79104	k__Bacteria; p__Bacteroidetes; c__Flavobacteriia; o__Flavobacteriales; f__Flavobacteriaceae; g__Flavobacterium; s__	0.9
3cedb1f7a054b2c797460a14bad08d11	k__Bacteria; p__Firmicutes; c__Bacilli; o__Bacillales; f__[Exiguobacteraceae]	0.8
1b36a3aefbe9b132457ffb2ff0c1aa1d	k__Bacteria; p__Proteobacteria; c__Betaproteobacteria; o__Rhodocyclales; f__Rhodocyclaceae; g__Dechloromonas; s__	0.8
6a21271614067d27dbe337109f9a0eab	k__Bacteria; p__Proteobacteria; c__Deltaproteobacteria; o__Desulfobacterales; f__Desulfobulbaceae; g__Desulfobulbus; s__	0.7
3913630b8d6cbb720cac4bea287f4b05	k__Bacteria; p__Actinobacteria; c__Acidimicrobiia; o__Acidimicrobiales; f__; g__; s__	1.0
c9f8904869c8db52bee0826f2e07725d	k__Bacteria; p__Proteobacteria; c__Alphaproteobacteria; o__Rhodospirillales; f__Acetobacteraceae; g__; s__	0.9
5e1787da4f59246b5469bf0eab01dcb2	k__Bacteria; p__Planctomycetes; c__Phycisphaerae; o__Phycisphaerales; f__; g__; s__	1.0
6d0a0d5dda1707412d04874958bb81a4	k__Bacteria; p__Proteobacteria; c__Gammaproteobacteria; o__Alteromonadales; f__Alteromonadaceae; g__Glaciecola; s__	0.6
e280f3cd3c12de51137d859d0991cddd	k__Bacteria; p__Bacteroidetes; c__[Saprospirae]; o__[Saprospirales]; f__Saprospiraceae; g__; s__	1.0
9bf11f73ac18ce838e75983378a68f09	k__Bacteria; p__Proteobacteria; c__Alphaproteobacteria; o__Sphingomonadales; f__Sphingomonadaceae; g__Novosphingobium; s__	0.6
e38d483ff6c12b20f69f4ef08f4a377c	k__Bacteria; p__Bacteroidetes; c__Flavobacteriia; o__Flavobacteriales; f__Cryomorphaceae; g__Fluviicola; s__	1.0
e87c49f2e37ed068cba584f75b1daa96	k__Bacteria; p__Chlorobi; c__OPB56; o__; f__; g__; s__	1.0
be72bd32d888396ca10733505c29f71f	k__Bacteria; p__Verrucomicrobia; c__Opitutae	1.0
dbe86cbf5e92baf608068c732622be89	k__Bacteria; p__Planctomycetes; c__Planctomycetia; o__Gemmatales; f__Gemmataceae; g__Gemmata; s__	1.0
cdc231d0c4220286672f14d399f891dc	k__Bacteria; p__Proteobacteria; c__Gammaproteobacteria; o__Methylococcales; f__Crenotrichaceae; g__Crenothrix	0.6
c175dba30545fd641f6c01d34b85d198	k__Bacteria; p__Tenericutes; c__Mollicutes; o__Entomoplasmatales; f__; g__; s__	1.0
eba8098dcf38e59ba81221aa229aaa74	k__Bacteria; p__Actinobacteria; c__Actinobacteria; o__Actinomycetales; f__; g__; s__	1.0
bed98aaf1cce58bc1040a86a952e192e	k__Bacteria; p__Verrucomicrobia; c__Verrucomicrobiae; o__Verrucomicrobiales; f__Verrucomicrobiaceae; g__Prosthecobacter	0.6
f4f378fd5039b5ab62a9cf40c994703f	k__Bacteria; p__Actinobacteria; c__Actinobacteria; o__Actinomycetales; f__; g__; s__	1.0
e07835c937b00ab57f3193b80e83b81d	k__Bacteria; p__Proteobacteria; c__Betaproteobacteria; o__Rhodocyclales; f__Rhodocyclaceae; g__Dechloromonas; s__	0.9
ab3a6acde0932d643b1ab101b8ba27af	k__Bacteria; p__Bacteroidetes; c__Cytophagia; o__Cytophagales; f__[Amoebophilaceae]; g__SGUS912; s__	0.8
285ebac36f9adb6195f131e283b8be00	k__Bacteria; p__OD1; c__ZB2; o__; f__; g__; s__	1.0
b40df89d086067b08be17ff3e3cbd2b5	k__Bacteria; p__Cyanobacteria; c__Chloroplast; o__Stramenopiles; f__; g__; s__	1.0
1a6edc5c057083121ae1aa392e672ca4	k__Bacteria; p__OD1; c__; o__; f__; g__; s__	1.0
f89c1bf6716e4e0549a0891aa7ce70a4	k__Bacteria; p__OP3; c__BD4-9; o__; f__; g__; s__	1.0
16bfd4d1cf5cd002c3966976630ad38e	k__Bacteria; p__Cyanobacteria; c__Synechococcophycideae; o__Pseudanabaenales; f__Pseudanabaenaceae; g__Pseudanabaena; s__	1.0
c3a141e270941f5004f404e8123b9862	k__Bacteria; p__Cyanobacteria; c__Chloroplast; o__Stramenopiles; f__; g__; s__	1.0
800cbd89744674e62aa3c63d69a7b7de	k__Archaea; p__[Parvarchaeota]; c__[Parvarchaea]; o__WCHD3-30; f__; g__; s__	1.0
0d2dc015cf0a2115257da457842ca37a	k__Bacteria; p__Bacteroidetes; c__Cytophagia; o__Cytophagales; f__Cytophagaceae; g__Leadbetterella; s__	1.0
ac1117ae76d21ab51ef8c860ea209d8d	k__Bacteria; p__Proteobacteria; c__Deltaproteobacteria; o__Myxococcales; f__; g__; s__	1.0
dec21c50d1be05ce175e17f5e96d799f	k__Bacteria; p__Bacteroidetes; c__[Saprospirae]; o__[Saprospirales]; f__Chitinophagaceae; g__; s__	1.0
58d30631aefe4bf25d5e20d242f3e267	k__Bacteria; p__Proteobacteria; c__TA18; o__PHOS-HD29; f__; g__; s__	1.0
ceced912b59139d3f947c4f2af64c1d8	k__Bacteria; p__Bacteroidetes; c__[Saprospirae]; o__[Saprospirales]; f__Saprospiraceae; g__; s__	1.0
e8c42387fb7bacc6bc000cd3e1f17eb9	k__Bacteria; p__Bacteroidetes; c__[Saprospirae]; o__[Saprospirales]; f__Chitinophagaceae; g__; s__	1.0
f96cec7eaf6d85d48f4dc2f874eb82fe	k__Bacteria; p__Proteobacteria; c__Deltaproteobacteria; o__Spirobacillales; f__; g__; s__	1.0
17e6aa93ce294df2a787883e44b0fda6	k__Bacteria; p__Acidobacteria; c__Holophagae; o__Holophagales; f__Holophagaceae; g__; s__	0.9
a4b731608bda119b322799b94cf81870	k__Bacteria; p__Bacteroidetes; c__Sphingobacteriia; o__Sphingobacteriales; f__; g__; s__	0.7
8e2fd6c17b0fdca482464ad919a3b5ff	k__Bacteria; p__Bacteroidetes; c__[Saprospirae]; o__[Saprospirales]; f__Saprospiraceae; g__; s__	1.0
580fac13b6835e7357149a598cb0238c	k__Bacteria; p__Proteobacteria	0.6
74dfbe9eb2a4ed01cdf8b52b579e68f7	k__Bacteria; p__Proteobacteria; c__Gammaproteobacteria; o__Alteromonadales; f__211ds20; g__; s__	1.0
4bedf38d3ccdccc7046849be63f7e51c	k__Bacteria; p__Firmicutes; c__Clostridia; o__Clostridiales; f__Ruminococcaceae; g__Ruminococcus; s__	1.0
9f6ead1589f0271b015a21b104282f87	k__Bacteria; p__Proteobacteria; c__Betaproteobacteria; o__Burkholderiales; f__Comamonadaceae; g__Comamonas; s__	0.8
a3042e93f8d18ab5c4abad36ac56ead2	k__Bacteria; p__Bacteroidetes; c__[Saprospirae]; o__[Saprospirales]; f__Saprospiraceae; g__; s__	1.0
8e8ce67cbb05993d436d6fa0543d8689	k__Bacteria; p__Proteobacteria; c__Gammaproteobacteria; o__Alteromonadales; f__125ds10; g__; s__	0.9
efc963d4651addaff15944d85def951b	k__Bacteria; p__Verrucomicrobia; c__Opitutae; o__Opitutales; f__Opitutaceae; g__; s__	1.0
2dbb1ba9ba6d5b176e81de8df855c6d1	k__Bacteria; p__Chlamydiae; c__Chlamydiia; o__Chlamydiales; f__Parachlamydiaceae	0.6
cd21ee7f9f271fac3ed0cf1bf53ff4e9	k__Bacteria; p__Proteobacteria; c__Epsilonproteobacteria; o__Campylobacterales; f__Campylobacteraceae; g__Arcobacter; s__	1.0
d1a757931124d79bbd87b5508a58ecf9	k__Bacteria; p__Bacteroidetes; c__Sphingobacteriia; o__Sphingobacteriales; f__; g__; s__	1.0
e8fdfd5fa1ac61bb69922db026341cce	k__Bacteria; p__[Thermi]; c__Deinococci; o__Thermales; f__Thermaceae; g__Meiothermus; s__	1.0
32f4266ffde4205d8f92088be8c7a43b	k__Bacteria; p__Proteobacteria	1.0
90db98c0d5dc826175658f74789e0373	k__Bacteria; p__Verrucomicrobia; c__[Spartobacteria]; o__[Chthoniobacterales]; f__[Chthoniobacteraceae]; g__; s__	1.0
ebf9aed7a6dabf66a24fc6e02c458b04	k__Bacteria; p__Cyanobacteria; c__Synechococcophycideae; o__Pseudanabaenales; f__Pseudanabaenaceae; g__Leptolyngbya; s__	1.0
008a4e13c860854b10e5ef80d94bf301	k__Bacteria; p__Bacteroidetes; c__[Saprospirae]; o__[Saprospirales]; f__Chitinophagaceae; g__; s__	1.0
f399d3b67b83470aa90f32e840812d88	k__Bacteria; p__Verrucomicrobia; c__[Pedosphaerae]; o__[Pedosphaerales]; f__; g__; s__	1.0
0caf39ef6eb9e31b3a44e3356a08d29a	k__Bacteria; p__Proteobacteria; c__Alphaproteobacteria; o__Rickettsiales; f__mitochondria; g__; s__	1.0
c4c7780b85808145c86ba7eec9d4ac56	k__Bacteria; p__Proteobacteria; c__Deltaproteobacteria; o__Bdellovibrionales; f__Bacteriovoracaceae; g__Bacteriovorax; s__	1.0
f50db3b4cb67ce98fa9a5e69541c2827	k__Bacteria; p__Proteobacteria; c__Alphaproteobacteria; o__Rhodospirillales; f__Acetobacteraceae; g__Roseococcus; s__	1.0
3e30c197403d3878de20d44cc9c08f29	k__Bacteria; p__Proteobacteria; c__Gammaproteobacteria; o__Legionellales; f__; g__; s__	1.0
b59b89e1b033c970880a1627cd4dbd2d	k__Bacteria; p__Proteobacteria; c__Alphaproteobacteria; o__Rhizobiales; f__; g__; s__	1.0
358d5bb4f5853798d2ce90867370b23c	Unassigned	0.0
1061d117d72c1fd5b8c0d1f01a3c33b0	k__Bacteria; p__Cyanobacteria; c__Nostocophycideae; o__Nostocales; f__Nostocaceae; g__Dolichospermum; s__	0.7
37f4b7cb04305a9e054f7c274db591dd	k__Bacteria; p__Actinobacteria; c__Acidimicrobiia; o__Acidimicrobiales; f__; g__; s__	1.0
b93dd376612562809ef920b6eb1db4c8	k__Bacteria; p__Proteobacteria; c__Gammaproteobacteria; o__Aeromonadales; f__Aeromonadaceae; g__; s__	0.7
b750e5f48c2319cb4d5f39aeca846905	k__Bacteria; p__Cyanobacteria; c__Chloroplast; o__Stramenopiles; f__; g__; s__	1.0
4e2ec2625b3dd5e5902940da1eb66ea5	k__Bacteria	1.0
895bb4ba07c24ffb23626d7ebbf2731e	k__Bacteria; p__Proteobacteria; c__Deltaproteobacteria; o__Bdellovibrionales; f__Bdellovibrionaceae; g__Bdellovibrio; s__	1.0
9cf40a248a48fbaba62c02f459e8b696	k__Bacteria; p__Bacteroidetes; c__Cytophagia; o__Cytophagales; f__Cytophagaceae; g__Emticicia; s__	1.0
b72a22fa427fd6c3ed2fb9da5b3383c0	k__Bacteria; p__OP11; c__OP11-2	1.0
2ea26fa74600db198802419474aef7a2	k__Bacteria; p__Bacteroidetes; c__[Saprospirae]; o__[Saprospirales]; f__Chitinophagaceae; g__; s__	1.0
2ba6dbb0719e2d0df392a34f14bc0306	k__Archaea; p__Euryarchaeota; c__Methanomicrobia; o__Methanosarcinales; f__Methanosaetaceae; g__Methanosaeta; s__	1.0
e3c98b45e7979b31d55d4a2e2b47484a	k__Bacteria; p__Proteobacteria; c__Gammaproteobacteria; o__Legionellales; f__Coxiellaceae; g__Aquicella; s__	1.0
7b8175fa42dc7bbf8585a7f2c6367995	k__Bacteria; p__Proteobacteria; c__Deltaproteobacteria; o__MIZ46; f__; g__; s__	1.0
e3879683bfc83a8673d2f06b9917a618	k__Bacteria; p__Planctomycetes; c__Planctomycetia; o__Planctomycetales; f__Planctomycetaceae; g__Planctomyces; s__	1.0
44eee9f9e59e38e192cd1c6ff7bfd1c9	Unassigned	0.0
d65eec852d0dca0e9fd2e8c7082e8088	k__Bacteria; p__Proteobacteria; c__Gammaproteobacteria; o__Xanthomonadales; f__Sinobacteraceae; g__; s__	1.0
af6a0423f9d571672b5490c978e9b623	k__Bacteria; p__Cyanobacteria; c__Chloroplast; o__Streptophyta; f__; g__; s__	1.0
155e98444dc7a4e3661cfd4369a742e2	k__Bacteria; p__Proteobacteria; c__Alphaproteobacteria; o__BD7-3; f__; g__; s__	1.0
6a0c6acf2d5ad6c8b69306e7ea2d2127	k__Bacteria; p__Proteobacteria; c__Alphaproteobacteria; o__Rickettsiales; f__mitochondria; g__Phytophthora	0.6
cec1ef1cf996e71c21d8abc398ff63de	k__Bacteria; p__Spirochaetes; c__MVP-15; o__PL-11B10; f__; g__; s__	1.0
2482c8578e5b8dd026713f44bd2357f4	k__Bacteria; p__Armatimonadetes; c__[Fimbriimonadia]; o__[Fimbriimonadales]; f__[Fimbriimonadaceae]; g__Fimbriimonas; s__	1.0
34f18fc36363ab2d264170abe75cd814	k__Bacteria; p__Proteobacteria; c__Alphaproteobacteria; o__Rhizobiales; f__Hyphomicrobiaceae; g__Hyphomicrobium; s__	0.9
ee00aecef640061fdb134195ba53d51b	Unassigned	0.0
1b9d923a38174be901ff52fc7b98f0ad	k__Bacteria; p__Proteobacteria	1.0
f1320dcdfb0d022ab93b9afc4dcc2426	k__Bacteria; p__SR1; c__; o__; f__; g__; s__	1.0
549f4e160b10104208166fad7489acac	k__Bacteria; p__Verrucomicrobia; c__[Pedosphaerae]; o__[Pedosphaerales]; f__R4-41B; g__; s__	0.6
60ab88131f1bcb7a84758d8072b81fcc	k__Bacteria; p__Proteobacteria; c__Alphaproteobacteria; o__Sphingomonadales; f__Sphingomonadaceae	0.9
2414a2338a1e9e6ed46d8f4a28f3cdc5	k__Bacteria; p__Proteobacteria; c__Gammaproteobacteria; o__Legionellales; f__Coxiellaceae; g__; s__	0.9
2e32d8eb8e41cf0f122c4f2292ba57d5	k__Bacteria; p__Proteobacteria; c__Alphaproteobacteria; o__Rhizobiales; f__; g__; s__	0.9
04fbadaf2261c6ecaaa959fc0d6cfacc	k__Bacteria; p__Bacteroidetes; c__[Saprospirae]; o__[Saprospirales]; f__Chitinophagaceae; g__; s__	0.6
a7679bc7c0ae8eb9b4c055a7339a42dc	k__Bacteria; p__Proteobacteria; c__Alphaproteobacteria; o__Rhodobacterales; f__Hyphomonadaceae; g__; s__	0.6
b5a8eda286d9b905c8dd332fa6a7c351	k__Bacteria; p__Proteobacteria; c__Deltaproteobacteria; o__Desulfovibrionales; f__Desulfovibrionaceae; g__; s__	1.0
2cd634edc5223ff3a83f7828b0f3b96c	k__Bacteria; p__Bacteroidetes; c__[Saprospirae]; o__[Saprospirales]; f__Chitinophagaceae; g__; s__	0.7
e94a2b91c9aa834a47b387a3e99d3fff	k__Bacteria; p__Proteobacteria; c__TA18; o__PHOS-HD29; f__; g__; s__	1.0
8c870bb2cd387143f598f3272489b202	k__Bacteria; p__Proteobacteria; c__Alphaproteobacteria; o__Rickettsiales; f__Rickettsiaceae; g__; s__	1.0
7336c78137dd8db4f0b62c07308ff7dc	k__Bacteria; p__Proteobacteria; c__TA18; o__CV90; f__; g__; s__	0.9
80ecb109e69a56022794d52160200b00	k__Bacteria; p__Proteobacteria; c__Betaproteobacteria; o__Rhodocyclales; f__Rhodocyclaceae	0.7
2fa74c219f5ba8534172bf9090955c8e	k__Bacteria; p__Bacteroidetes; c__Cytophagia; o__Cytophagales; f__Cytophagaceae; g__; s__	1.0
9283d2a195df533d60a7ba56fb5c218e	k__Bacteria; p__Proteobacteria; c__Alphaproteobacteria; o__Sphingomonadales; f__; g__; s__	1.0
fcb02260db1aa1c628084cf31a6e00f5	k__Bacteria; p__Bacteroidetes; c__[Saprospirae]; o__[Saprospirales]; f__Saprospiraceae; g__; s__	1.0
f863ac2b017a22bca7137b665a2f497f	k__Bacteria; p__Bacteroidetes; c__Cytophagia; o__Cytophagales; f__Cytophagaceae; g__; s__	1.0
954cb3760b93e44445f79f347256ffd1	k__Bacteria; p__Proteobacteria; c__Alphaproteobacteria; o__Rhodospirillales; f__Rhodospirillaceae; g__; s__	0.9
0985cae215eac4c598fb082c63e08eab	k__Bacteria; p__Tenericutes; c__Mollicutes; o__Mycoplasmatales; f__Mycoplasmataceae; g__Candidatus Hepatoplasma; s__	0.9
da957322a5079ccfb0644d472f88426e	k__Bacteria; p__Tenericutes; c__Mollicutes; o__Entomoplasmatales; f__; g__; s__	1.0
71470c6d5fef78e4fb5f8a0a4277a9fd	k__Bacteria; p__Proteobacteria; c__Alphaproteobacteria; o__Sphingomonadales; f__Sphingomonadaceae; g__Novosphingobium; s__	0.6
3ded7c5a050e46e164d9f85b72ce7109	k__Bacteria; p__TM6; c__SJA-4; o__; f__; g__; s__	0.9
0ac3d9552f7b99497014fb7ce2f520e9	k__Bacteria; p__Proteobacteria; c__Alphaproteobacteria; o__Rhodospirillales; f__Rhodospirillaceae; g__; s__	1.0
22bf0949382769ffb6edae8c555be828	k__Bacteria; p__Proteobacteria; c__Gammaproteobacteria; o__Pseudomonadales; f__Moraxellaceae; g__Acinetobacter; s__rhizosphaerae	0.9
441b406604ece0f43c36cb9d6ed0d999	k__Bacteria; p__Proteobacteria; c__Alphaproteobacteria; o__Sphingomonadales; f__Sphingomonadaceae; g__; s__	0.6
46b09e2798b0080c0dc7fa26945decb7	k__Bacteria; p__Proteobacteria; c__Alphaproteobacteria; o__Caulobacterales; f__Caulobacteraceae; g__Caulobacter	0.6
953695bc7d9fff5217b06d68df113553	k__Bacteria; p__Actinobacteria; c__Actinobacteria; o__Actinomycetales; f__Nocardioidaceae; g__; s__	0.8
5748a35be36cd6e7e2ab19a76370d9c7	k__Bacteria; p__Proteobacteria; c__Deltaproteobacteria	0.8
768aff0ee4a44b4149aab36de8fc7fff	Unassigned	0.0
1ad091489da7fbe6fa484fb310ea3fbe	k__Bacteria; p__Bacteroidetes; c__[Saprospirae]; o__[Saprospirales]; f__Chitinophagaceae; g__Sediminibacterium; s__	1.0
3c634abf0996c5b4a4940542577a4b27	k__Bacteria; p__Proteobacteria; c__Alphaproteobacteria; o__; f__; g__; s__	1.0
e3b6cf2284189fbb9c7ff7fbe42882ed	k__Bacteria; p__Proteobacteria; c__Epsilonproteobacteria; o__Campylobacterales; f__Campylobacteraceae; g__Sulfurospirillum; s__	1.0
ec3561442841296a3a169a57c3369dd6	k__Bacteria; p__Bacteroidetes; c__Sphingobacteriia; o__Sphingobacteriales; f__; g__; s__	1.0
ede15379ef8867624f3d1b18f17a8b65	k__Bacteria; p__Proteobacteria; c__Betaproteobacteria; o__Burkholderiales; f__Comamonadaceae	0.9
8e2cb03f1138d98032a715788e56746b	k__Bacteria; p__Planctomycetes; c__Planctomycetia; o__Pirellulales; f__Pirellulaceae; g__; s__	1.0
1bf33610fa2c990da4a629309394cbc4	k__Bacteria; p__SR1; c__; o__; f__; g__; s__	1.0
74d3dabe22d3df43ba53ba7779d04fb3	k__Bacteria; p__Proteobacteria; c__TA18; o__PHOS-HD29; f__; g__; s__	1.0
b8aa7e71411aa922830df61671a21c6c	k__Bacteria; p__OP3; c__BD4-9; o__; f__; g__; s__	1.0
c8ced3a6ebf7cba8ffe5c010b2d4d231	k__Bacteria; p__Cyanobacteria; c__Chloroplast; o__Euglenozoa; f__; g__; s__	0.7
c5b5b5d4d8d9b72b69e3ebdb90232a72	k__Bacteria; p__Bacteroidetes; c__Flavobacteriia; o__Flavobacteriales; f__Flavobacteriaceae; g__Flavobacterium; s__	1.0
04e19d3cdcca13862fbd9ee24c8f2523	k__Bacteria; p__Verrucomicrobia; c__Verrucomicrobiae; o__Verrucomicrobiales; f__Verrucomicrobiaceae	0.9
095cb5809d08f70e8137a0205bebe05a	k__Bacteria; p__Planctomycetes; c__Planctomycetia; o__Pirellulales; f__Pirellulaceae; g__; s__	1.0
9ef0d648247bd1303f21a15604e51aab	k__Bacteria; p__Actinobacteria; c__Actinobacteria; o__Actinomycetales; f__Micrococcaceae	1.0
aa1568bacc66d38a644b17a58a3b7bee	k__Bacteria; p__Proteobacteria; c__Deltaproteobacteria; o__NB1-j; f__JTB38; g__; s__	1.0
ea3610bfec334596de4206e5e479d28a	k__Bacteria; p__Bacteroidetes; c__Sphingobacteriia; o__Sphingobacteriales; f__; g__; s__	1.0
73dfd9e0c584627ca923eb9403149de3	k__Bacteria; p__Verrucomicrobia; c__[Methylacidiphilae]; o__Methylacidiphilales; f__LD19; g__; s__	1.0
dd9de5a5a19978a01288fbfc001061f8	k__Archaea; p__[Parvarchaeota]; c__[Parvarchaea]; o__WCHD3-30; f__; g__; s__	1.0
d393f239f88e50f9199c6bfc3b6a9d93	k__Bacteria; p__Proteobacteria; c__Gammaproteobacteria; o__Alteromonadales; f__Alteromonadaceae; g__Cellvibrio; s__	1.0
10812c00b12b04366f0e6c6c089dc351	Unassigned	0.0
4357c85b08f7eb5ba3be188654638dab	k__Bacteria; p__Proteobacteria; c__Deltaproteobacteria; o__Bdellovibrionales; f__Bdellovibrionaceae; g__Bdellovibrio; s__bacteriovorus	1.0
02463e8fe3cf31e4272b3e307f43585d	k__Bacteria; p__Bacteroidetes; c__Flavobacteriia; o__Flavobacteriales; f__Flavobacteriaceae; g__Flavobacterium; s__	1.0
57613ba22b1212deaa2f901b7e8b95a0	k__Bacteria; p__Proteobacteria; c__Alphaproteobacteria; o__Rhodobacterales; f__Rhodobacteraceae; g__; s__	1.0
8bbf09fa599887bd0ca1539f219ba39d	k__Bacteria; p__Chlamydiae; c__Chlamydiia; o__Chlamydiales; f__Parachlamydiaceae	1.0
68bcf33a3052207eea86a3c6c66aaf6c	Unassigned	0.0
f35fdfad6adf5ba89646285ed396643b	k__Bacteria; p__Cyanobacteria; c__Chloroplast; o__Streptophyta; f__; g__; s__	1.0
b16510db0815a7f41a38a41dd4b84f34	k__Bacteria; p__OD1; c__ZB2; o__; f__; g__; s__	1.0
eb1b4c30105c515dec300091f114f84c	k__Bacteria; p__Planctomycetes; c__Planctomycetia; o__Pirellulales; f__Pirellulaceae; g__Pirellula; s__	1.0
ebd01206252d8424de024fc5c2e6d505	k__Bacteria; p__GN02; c__BD1-5; o__; f__; g__; s__	1.0
d0d906c4043c3e6ddcb7dd40324044ab	k__Bacteria; p__Firmicutes; c__Clostridia; o__Clostridiales; f__Lachnospiraceae; g__Epulopiscium; s__	1.0
7df2eef66d0fee146eaee53e728dfa99	k__Bacteria; p__Bacteroidetes; c__[Saprospirae]; o__[Saprospirales]; f__Saprospiraceae; g__Haliscomenobacter; s__	1.0
4cf778cef17ec14ac9e3f016f2cd2f49	k__Bacteria; p__Bacteroidetes; c__[Saprospirae]; o__[Saprospirales]; f__Chitinophagaceae; g__; s__	0.6
37b57c3af26f541745ad26e455e0d4ef	k__Bacteria; p__Proteobacteria; c__Gammaproteobacteria; o__Pseudomonadales; f__Moraxellaceae; g__Psychrobacter; s__	0.9
649c5d28c8cca188cf087f0aa13c2825	k__Bacteria; p__Lentisphaerae; c__[Lentisphaeria]; o__Z20; f__; g__; s__	0.6
f56a36602cd8a9c54f501db607fcdd62	k__Bacteria; p__Proteobacteria; c__Deltaproteobacteria; o__Myxococcales; f__Polyangiaceae; g__; s__	1.0
87f7511ab0eeecbd0c8543b9f8fe5c22	k__Bacteria; p__Cyanobacteria; c__Chloroplast; o__Stramenopiles; f__; g__; s__	1.0
b3c3d1b0edbb8e33e15779d888f3444e	k__Bacteria; p__Bacteroidetes; c__Flavobacteriia; o__Flavobacteriales; f__Flavobacteriaceae; g__; s__	0.8
34ef011d4fc0f8bf82b62719f2a72a1e	k__Bacteria; p__Planctomycetes; c__Planctomycetia; o__Pirellulales; f__Pirellulaceae; g__; s__	1.0
ced3436cb83229dba982b5bc1f45efdc	k__Bacteria; p__Proteobacteria; c__Alphaproteobacteria; o__Sphingomonadales; f__Sphingomonadaceae	0.9
d3b17574fe05c95875593f7badd5ff4d	k__Bacteria; p__Firmicutes; c__Clostridia; o__Clostridiales	0.6
15fc88de4e3731d4449c33584ce332b4	k__Bacteria; p__GN02; c__BD1-5; o__; f__; g__; s__	1.0
ba739a276542a584faa357d5aa824e2d	k__Bacteria; p__Proteobacteria; c__Gammaproteobacteria; o__Pseudomonadales; f__Moraxellaceae; g__Acinetobacter; s__rhizosphaerae	0.9
e1a8c0004f51428ce9c39dd9bbda43df	k__Bacteria; p__Proteobacteria; c__Gammaproteobacteria; o__Xanthomonadales; f__Xanthomonadaceae; g__Lysobacter; s__	0.6
f4ab951f915f196c20436ef62e10d075	k__Bacteria; p__Proteobacteria; c__Alphaproteobacteria; o__; f__; g__; s__	0.7
04388fbb8f68311c768fc75b214c2f23	k__Bacteria; p__Actinobacteria; c__Acidimicrobiia; o__Acidimicrobiales; f__C111; g__; s__	1.0
0909b2dd5ec4faace0806dedc752c326	k__Bacteria; p__Proteobacteria; c__Betaproteobacteria; o__; f__; g__; s__	0.9
a9a12c69181b60bd62daff9920cd9236	k__Bacteria; p__Proteobacteria; c__Gammaproteobacteria; o__Pseudomonadales; f__Moraxellaceae; g__Acinetobacter; s__rhizosphaerae	0.9
c929bd8f64e6ac2734035fa988209018	k__Bacteria; p__Proteobacteria	1.0
c54a7b39216d812ce680c20cc1621370	k__Bacteria; p__Proteobacteria; c__Deltaproteobacteria; o__Myxococcales; f__; g__; s__	1.0
3f0f2f2ad71ca245ed246c5e018e887c	k__Bacteria; p__Proteobacteria; c__Alphaproteobacteria; o__Rickettsiales; f__; g__; s__	0.7
7f081cc46e9e2a70f48fc92e7f42d686	k__Archaea; p__Euryarchaeota; c__Methanobacteria; o__Methanobacteriales; f__Methanobacteriaceae; g__; s__	0.9
8cf4a3d85f484fab9aa9646bc7c3e245	k__Bacteria; p__Proteobacteria; c__Alphaproteobacteria; o__Rickettsiales; f__Rickettsiaceae; g__; s__	0.9
5f39e887edca492904e5680df7e5b44e	k__Bacteria; p__Proteobacteria; c__Betaproteobacteria	1.0
be3fc03dc8319371776f297d336a0936	k__Bacteria; p__Proteobacteria; c__Alphaproteobacteria; o__Rhodospirillales; f__Rhodospirillaceae; g__; s__	0.9
765fb3159397b838c0ec5ade2f300326	k__Bacteria; p__Proteobacteria; c__Gammaproteobacteria; o__Oceanospirillales; f__Halomonadaceae; g__Halomonas; s__phosphatis	0.9
99ed9009d3427cc103e15d600205b584	k__Bacteria; p__Proteobacteria; c__Deltaproteobacteria; o__Bdellovibrionales; f__Bacteriovoracaceae; g__; s__	0.9
7b4bc9da078b1ab635fef99fe75e905c	k__Bacteria; p__Bacteroidetes; c__Flavobacteriia; o__Flavobacteriales; f__Flavobacteriaceae; g__Flavobacterium; s__	1.0
603e48c8b6095ecc8905b7650133e88c	k__Bacteria; p__Proteobacteria; c__Alphaproteobacteria; o__; f__; g__; s__	0.7
772c6f488e049979bcdaa448a6878398	k__Bacteria; p__Proteobacteria; c__Alphaproteobacteria; o__BD7-3; f__; g__; s__	1.0
652b022ae0d3e7270c1cd50d9be0c975	k__Bacteria; p__GN02; c__BD1-5; o__; f__; g__; s__	1.0
8a3d9d55dd42542f069ece544593f0a2	k__Bacteria; p__Proteobacteria; c__Deltaproteobacteria; o__Spirobacillales; f__; g__; s__	1.0
829c89da107ff2c0c318200be262dbac	k__Bacteria; p__OD1; c__ZB2; o__; f__; g__; s__	1.0
a6576e074c1e5a0ccef3a427529a3b1f	k__Bacteria; p__Actinobacteria; c__Actinobacteria; o__Actinomycetales; f__; g__; s__	1.0
5cf9a5086300423b9351c67109564437	k__Bacteria; p__Proteobacteria; c__Alphaproteobacteria; o__Rhodobacterales; f__Rhodobacteraceae; g__Rhodobacter; s__	0.9
d17848c4a094f3e71f0d2ef76a3867e4	k__Bacteria; p__Planctomycetes; c__Planctomycetia; o__Pirellulales; f__Pirellulaceae; g__; s__	0.9
04da48be25bc688a0ff1874a7d11c893	k__Bacteria; p__Proteobacteria; c__Gammaproteobacteria	0.9
0f33a841fd06ee94c5b821c99064b512	k__Bacteria; p__Planctomycetes; c__Planctomycetia; o__Gemmatales; f__Gemmataceae; g__; s__	0.6
b0e5adb3990115c6e705a9b4b3fd9d49	k__Bacteria; p__OD1; c__ABY1; o__; f__; g__; s__	1.0
89058e85489b18729be039eb4963aab3	k__Bacteria; p__Proteobacteria; c__Alphaproteobacteria; o__; f__; g__; s__	1.0
8b6dfb0d81f44656bdc7b5cbbff5e303	k__Bacteria; p__Proteobacteria; c__Betaproteobacteria; o__Rhodocyclales; f__Rhodocyclaceae	0.6
33be3484e6bc331f1f1e5bdf82c3baec	k__Bacteria; p__Proteobacteria; c__Gammaproteobacteria; o__Methylococcales; f__Crenotrichaceae; g__Crenothrix; s__	1.0
921ab3e982338a5163dfca912a480941	k__Bacteria; p__Bacteroidetes; c__Flavobacteriia; o__Flavobacteriales; f__Cryomorphaceae; g__; s__	1.0
ec83162f6fc49e08da83c9921b675f71	k__Bacteria; p__Proteobacteria; c__Gammaproteobacteria; o__Pseudomonadales; f__Moraxellaceae; g__Perlucidibaca; s__	0.7
eda9a8b8eeeeb8d2f81d23151e9441f4	k__Bacteria; p__Bacteroidetes	1.0
ef48fe7a8ea17d6f1daabe06a67b5efc	k__Bacteria; p__Proteobacteria; c__Alphaproteobacteria; o__Rickettsiales; f__Rickettsiaceae; g__; s__	1.0
6241a41d0dec239981b70be8457f16e3	k__Bacteria; p__Proteobacteria; c__Gammaproteobacteria; o__Xanthomonadales; f__Xanthomonadaceae; g__; s__	0.8
3877a2a410e67e03094e528d520c04f7	k__Bacteria; p__Proteobacteria; c__Alphaproteobacteria; o__; f__; g__; s__	1.0
4b2676e13ff132ccb107042ef71a7ee9	k__Bacteria; p__Bacteroidetes; c__Cytophagia; o__Cytophagales	0.8
74bd87c3b2082b59fba5c72405103a46	k__Bacteria; p__ZB3; c__BS119; o__; f__; g__; s__	0.7
99bf36f71e65054561550731658f4610	k__Bacteria; p__Firmicutes; c__Clostridia; o__Clostridiales	0.6
a7afff5fb88e9214a0925a82c593c52e	k__Bacteria; p__Bacteroidetes; c__Sphingobacteriia; o__Sphingobacteriales; f__; g__; s__	1.0
b0aa089dc9c2613932d996b50a8fe4e1	k__Bacteria	1.0
f9885e8aab8f00a0b73e23a1d2e270f9	k__Bacteria; p__Proteobacteria; c__Deltaproteobacteria; o__Syntrophobacterales; f__Syntrophaceae; g__Desulfobacca; s__	1.0
16029e549caf9c49c47233827c7ba3fe	k__Bacteria; p__Bacteroidetes; c__Bacteroidia; o__Bacteroidales; f__; g__; s__	1.0
5d09508321a5f89d97f819259fde1945	k__Bacteria; p__Bacteroidetes	1.0
59c5ae3692f48585da04e30a6b9a83cb	k__Archaea; p__Euryarchaeota	0.8
ce3f2cc8f8a2d2efc3eecacd0886b0c3	k__Bacteria; p__Proteobacteria; c__Betaproteobacteria; o__Burkholderiales	1.0
afa3c891008a1a7c90be0a8267781b7c	Unassigned	0.0
c0e5b24e8c5a55cdb9a5fe25203c09d5	k__Bacteria; p__Firmicutes; c__Clostridia; o__Clostridiales; f__Dehalobacteriaceae; g__Dehalobacterium; s__	0.9
3756b86860308cfb3b6a5a622a904f97	k__Bacteria; p__Actinobacteria; c__Actinobacteria; o__Actinomycetales; f__; g__; s__	0.9
a8521190faa1393618d5b2e89080fbfa	k__Bacteria; p__NKB19; c__TSBW08; o__; f__; g__; s__	1.0
e7902b43ee65ef78571171be3944dfc5	k__Bacteria; p__Proteobacteria; c__Alphaproteobacteria; o__Sphingomonadales; f__Erythrobacteraceae	0.7
b48477efdff0e58a7512a6ad45d5a9fe	k__Bacteria; p__Chlamydiae; c__Chlamydiia; o__Chlamydiales; f__Rhabdochlamydiaceae; g__Candidatus Rhabdochlamydia; s__	0.7
0f8c93d76c91ad0fe6ff8664975f4bb7	k__Bacteria; p__Proteobacteria; c__Alphaproteobacteria; o__; f__; g__; s__	1.0
a076ffb0323af352a2071bce2ddedf28	k__Bacteria; p__Proteobacteria; c__Alphaproteobacteria	0.8
c3ee974533ccd072cf860b92664ea73b	k__Bacteria; p__Proteobacteria; c__Alphaproteobacteria	1.0
d7728b813213d547b1ff89cbe532d2fe	k__Bacteria; p__GN02	0.6666666666666666
1989e515af7fa6572a0c6f598d9d7fcb	k__Bacteria; p__Proteobacteria; c__Gammaproteobacteria; o__Methylococcales; f__Crenotrichaceae; g__Crenothrix; s__	0.9
c8df59147d8cce9c34c9f6d297cf287d	k__Bacteria; p__Proteobacteria; c__Alphaproteobacteria; o__Sphingomonadales; f__Sphingomonadaceae; g__; s__	1.0
14196102fdadd57d51b71cf41dc4d304	k__Bacteria; p__TM6; c__SJA-4; o__; f__; g__; s__	0.9
3b536b940cff0ae715c280ee65a352bd	Unassigned	0.0
fa9ff23f5d1b67424c5c77c9b7b176e6	k__Bacteria; p__Proteobacteria; c__TA18; o__CV90; f__; g__; s__	1.0
70f701940026dff9ed58dec86cbafa50	k__Bacteria; p__Proteobacteria; c__Alphaproteobacteria; o__Rickettsiales; f__; g__; s__	1.0
38f54474ff28c868a330e9c48a5d9491	k__Bacteria; p__Verrucomicrobia; c__Opitutae; o__[Cerasicoccales]; f__[Cerasicoccaceae]; g__; s__	1.0
59962d0ee1dbb1e3dc589315ee0192bb	k__Bacteria; p__Proteobacteria; c__Gammaproteobacteria; o__Xanthomonadales; f__Sinobacteraceae; g__; s__	1.0
676830e418a85b1ad11097fad1c8485d	k__Bacteria; p__Bacteroidetes; c__[Saprospirae]; o__[Saprospirales]; f__Chitinophagaceae; g__; s__	1.0
49cdddad2201e82cadde8bc3e1aba81c	k__Bacteria; p__Proteobacteria; c__Betaproteobacteria; o__Rhodocyclales; f__Rhodocyclaceae; g__; s__	0.8
38d629b4fecee1cac2ae7430005f2068	k__Bacteria; p__Proteobacteria; c__Alphaproteobacteria; o__Rickettsiales; f__Rickettsiaceae; g__Wolbachia; s__	1.0
3ccb0aca80c8a48a1aaf79e454192c2e	k__Bacteria; p__Bacteroidetes; c__[Saprospirae]; o__[Saprospirales]; f__Chitinophagaceae; g__Sediminibacterium; s__	1.0
656fc1c4000d585dd015fd47ab55f689	k__Bacteria; p__Actinobacteria; c__Actinobacteria; o__Actinomycetales; f__Mycobacteriaceae; g__Mycobacterium; s__	1.0
9140595af7166d3ad07d46283ba3148c	k__Bacteria; p__Proteobacteria; c__Betaproteobacteria; o__Burkholderiales; f__Comamonadaceae; g__; s__	0.9
5147796d286a938f47f9d6f0d74c8e62	k__Bacteria; p__Cyanobacteria; c__Chloroplast; o__Stramenopiles; f__; g__; s__	1.0
22043684ff1aba02dfc01fd4e452cf08	k__Bacteria; p__Proteobacteria; c__Betaproteobacteria; o__Neisseriales; f__Neisseriaceae; g__; s__	0.6
96f09cdcd95379c456d19dbe7720ef39	k__Bacteria; p__SR1; c__; o__; f__; g__; s__	1.0
a121a5d834fccc25b284f26fe45d263e	k__Bacteria; p__Bacteroidetes; c__Cytophagia; o__Cytophagales; f__Cytophagaceae; g__; s__	1.0
4fe9986194a799cdb7e54949fc852a83	k__Bacteria; p__Firmicutes; c__Clostridia; o__Clostridiales; f__[Mogibacteriaceae]; g__; s__	0.7777777777777778
d7575063b060a686fb7a355564ecf2c9	k__Bacteria; p__Proteobacteria; c__Alphaproteobacteria; o__Rhodospirillales; f__Rhodospirillaceae; g__Novispirillum; s__	1.0
53759b64f4646030f13ff1e3737776cb	k__Bacteria; p__Bacteroidetes; c__[Saprospirae]; o__[Saprospirales]; f__Saprospiraceae; g__; s__	1.0
0017cc4db70f4012098909c56301dbf3	k__Bacteria; p__Proteobacteria; c__Gammaproteobacteria; o__Alteromonadales; f__211ds20; g__; s__	0.9
6c26de4136645777aec478b1bcc214ef	k__Bacteria; p__OD1; c__; o__; f__; g__; s__	1.0
44c61039b22a0fa148721f180e014b84	k__Bacteria; p__Bacteroidetes; c__Bacteroidia; o__Bacteroidales; f__Bacteroidaceae; g__Bacteroides; s__barnesiae	0.9
136679d8dccd6847558629ba83116309	k__Bacteria; p__Proteobacteria; c__Alphaproteobacteria; o__Rickettsiales; f__mitochondria	0.8
97aaf3b68f70f5b65a9cf8b6e3c54d07	k__Bacteria; p__Proteobacteria; c__Gammaproteobacteria; o__Thiotrichales; f__Thiotrichaceae; g__Thiothrix; s__	1.0
6940e984c08e7098dc87c4380fe1b453	k__Bacteria; p__Proteobacteria; c__Betaproteobacteria; o__Neisseriales; f__Neisseriaceae; g__Vogesella; s__	0.9
2461b365ce0869c978ce221e88e2fcc6	k__Bacteria; p__Armatimonadetes; c__Armatimonadia; o__Armatimonadales; f__Armatimonadaceae; g__; s__	0.6
b03aee21acb23e42331aa48c7fedea9d	k__Bacteria; p__Acidobacteria; c__[Chloracidobacteria]; o__RB41; f__Ellin6075; g__; s__	0.6
bb06e0381a379d1af767bd8fab363877	k__Bacteria; p__Proteobacteria; c__Alphaproteobacteria; o__Rickettsiales; f__mitochondria; g__Phytophthora	0.75
b8078b26c823485a558f33699ce3ee23	k__Bacteria; p__Cyanobacteria; c__Chloroplast; o__Euglenozoa; f__; g__; s__	1.0
64093612532bd6bed7863f622aa0231a	k__Bacteria; p__Verrucomicrobia; c__Opitutae; o__Opitutales; f__Opitutaceae; g__Opitutus; s__	0.6
0d82e9a310121a29a2fcd10a0ef1b4aa	k__Bacteria; p__WWE1; c__[Cloacamonae]; o__[Cloacamonales]; f__MSBL8; g__; s__	0.8
744febd952e1971e656891bf6ab59330	k__Bacteria; p__Proteobacteria; c__TA18; o__PHOS-HD29; f__; g__; s__	1.0
68da89a486766a7a4da6deb3f9b2db1d	k__Bacteria; p__Proteobacteria; c__Alphaproteobacteria; o__Rickettsiales; f__; g__; s__	1.0
6f635654aca42f23d76ec3bcf35a62c2	k__Bacteria; p__Cyanobacteria; c__Chloroplast; o__Stramenopiles; f__; g__; s__	1.0
b64b43517e5da9138810f2fd59b594d3	k__Bacteria; p__Proteobacteria; c__Deltaproteobacteria; o__; f__; g__; s__	0.7
f289c6981292b1d1c7d57a2a5806cf7b	k__Bacteria	1.0
424cac2304e99bf03acbffe08161d999	k__Bacteria; p__Proteobacteria; c__Deltaproteobacteria; o__Myxococcales; f__OM27; g__; s__	1.0
377c047808fb59613e7722bc601a3a73	k__Bacteria; p__Cyanobacteria; c__Synechococcophycideae; o__Pseudanabaenales; f__Pseudanabaenaceae; g__Leptolyngbya; s__	1.0
d4fc487a2580d0915d8c6c2b087c6056	k__Bacteria; p__Bacteroidetes; c__[Saprospirae]; o__[Saprospirales]; f__Saprospiraceae; g__; s__	0.7
8f9feb14c3efdbc1bf5d1e338278de61	k__Bacteria; p__Bacteroidetes; c__Sphingobacteriia; o__Sphingobacteriales; f__; g__; s__	1.0
b521ed79cdb4669cc429d8cec8603d86	k__Bacteria; p__OP3; c__koll11; o__GIF10; f__kpj58rc; g__; s__	1.0
00b593a1eee5401432fa0f3598682bfc	k__Bacteria; p__Actinobacteria; c__Acidimicrobiia; o__Acidimicrobiales; f__C111; g__; s__	1.0
06f2428c980140dc0d375c538abe0839	k__Bacteria; p__Proteobacteria; c__Alphaproteobacteria; o__Sphingomonadales; f__Erythrobacteraceae; g__; s__	0.8
c938bffd2abe2536b4b53839b2507a7f	k__Bacteria; p__Proteobacteria; c__Deltaproteobacteria; o__Spirobacillales; f__; g__; s__	1.0
bd796718e83886100cc7ac95da4c062a	k__Bacteria; p__Proteobacteria; c__Alphaproteobacteria; o__Rhodospirillales; f__; g__; s__	1.0
7a1643fefc8ecea946c9637efaa49e9c	k__Bacteria; p__Firmicutes; c__Bacilli; o__Bacillales; f__Bacillaceae; g__Bacillus	0.8
aa936f9acca7036513a47ba9d287d743	k__Bacteria; p__Proteobacteria; c__Betaproteobacteria; o__Burkholderiales; f__Comamonadaceae	1.0
6fe235f3bebd3a4c13847c4139485103	k__Bacteria; p__Proteobacteria; c__Alphaproteobacteria; o__; f__; g__; s__	1.0
7def249b80c48f0ee016fb1dc030c3c1	k__Bacteria; p__Proteobacteria; c__Deltaproteobacteria	0.8
accaed801c7c9e2a03dba3ebeeb42610	k__Bacteria; p__Proteobacteria; c__Deltaproteobacteria; o__Myxococcales; f__; g__; s__	1.0
4e6500f09594da50b504caa79a1cca8a	k__Bacteria; p__Proteobacteria; c__Alphaproteobacteria; o__BD7-3; f__; g__; s__	1.0
55778a6e41deb54722fea455a4506ba3	k__Bacteria; p__Proteobacteria; c__Gammaproteobacteria; o__Legionellales; f__Legionellaceae; g__Legionella; s__	0.6
6fef0d1a552cad23a62d6b0e13078790	k__Bacteria; p__Proteobacteria; c__Alphaproteobacteria; o__Rickettsiales; f__mitochondria; g__Phytophthora	0.75
c537a592017b1d850ac839b09699836d	k__Bacteria; p__Proteobacteria	0.9
7eb9a367e4d796e04404894709bca1eb	k__Bacteria; p__Proteobacteria; c__Betaproteobacteria	1.0
3ad13580f3f17b3d8308041e96776243	k__Bacteria; p__Proteobacteria; c__Alphaproteobacteria; o__BD7-3; f__; g__; s__	1.0
850cb092cf574d228eb6f3b84325efb4	k__Bacteria; p__Actinobacteria; c__Actinobacteria; o__Actinomycetales; f__Streptomycetaceae; g__Streptomyces; s__	0.6
8c833f597a5f96b73d21c2c784f32f63	k__Bacteria; p__Proteobacteria; c__Deltaproteobacteria; o__GMD14H09; f__; g__; s__	0.9
d06f93b084e892f1eec5a8edafc793dd	k__Bacteria; p__Proteobacteria	0.6
b01d5551b9d6272eaef845d166bd7104	k__Bacteria; p__SR1; c__; o__; f__; g__; s__	1.0
0126a7f91ee65f3b06bfefbfd7c8c818	k__Bacteria; p__OP3; c__PBS-25; o__; f__; g__; s__	1.0
f1454d55c053eea0d1cead4ea05ca799	k__Bacteria; p__Cyanobacteria; c__Chloroplast; o__Streptophyta; f__; g__; s__	1.0
d886b7cd2ea578598405bea662a3f891	k__Bacteria; p__Bacteroidetes; c__Bacteroidia; o__Bacteroidales; f__Rikenellaceae; g__; s__	1.0
0b5bb68118bbbd1fdd73827fd1bf2a93	k__Bacteria; p__Bacteroidetes; c__[Saprospirae]; o__[Saprospirales]; f__Saprospiraceae; g__; s__	1.0
114734726f12ad8a12582f19b8293e1b	k__Bacteria; p__Proteobacteria; c__Alphaproteobacteria; o__Rhizobiales; f__Xanthobacteraceae; g__Labrys; s__	1.0
e0869be8d2434ae9a0918709aec90298	Unassigned	0.0
e9216973348641374dbc6bf1d7c05c68	k__Bacteria; p__Fibrobacteres; c__TG3; o__TG3-2; f__; g__; s__	0.6
07b66fd703a01c1176dd2438060d4119	k__Bacteria; p__Firmicutes; c__Clostridia; o__Clostridiales; f__Lachnospiraceae; g__; s__	1.0
599a71f2d5f5b2fc736d38910b9c5c3c	k__Bacteria; p__Bacteroidetes; c__[Saprospirae]; o__[Saprospirales]; f__Saprospiraceae; g__Lewinella	0.7
75444e27e40c2f8959a4c1737394a18d	Unassigned	0.0
a3b5e95f400870d06cb2faf2aa0d0acf	k__Bacteria; p__Proteobacteria; c__Betaproteobacteria; o__; f__; g__; s__	0.7
8a3a86bdd24ece412db03c9a12097fe6	k__Bacteria; p__Gemmatimonadetes; c__Gemmatimonadetes; o__KD8-87; f__; g__; s__	0.6
22569dd38d6af9f77575f9d0ad735b2c	k__Bacteria; p__Planctomycetes; c__Planctomycetia; o__Pirellulales; f__Pirellulaceae; g__; s__	1.0
6a34a7cd79688a88f61019a6804a6fa0	k__Bacteria; p__Proteobacteria; c__Gammaproteobacteria; o__Alteromonadales; f__OM60; g__; s__	0.7
3aca657f4078854fa1450c3329d0fb36	k__Bacteria; p__Proteobacteria; c__Deltaproteobacteria; o__Spirobacillales; f__; g__; s__	1.0
9dab981e1ed565de845796ec98bcd1d3	Unassigned	0.0
ebca63a87186c738e7844dd2c3d15a87	k__Bacteria; p__Proteobacteria; c__Gammaproteobacteria; o__Xanthomonadales; f__Xanthomonadaceae; g__; s__	0.6
e6f142e1b37168b760c8f760d14967f6	k__Bacteria; p__Proteobacteria; c__Alphaproteobacteria; o__Rickettsiales; f__mitochondria; g__; s__	1.0
b0ce81f21bcce361416a088196e9ed37	k__Bacteria; p__Cyanobacteria; c__Nostocophycideae; o__Nostocales; f__Nostocaceae	1.0
e55ac57cbf23ebea2e4c4ec422034738	k__Bacteria; p__Planctomycetes; c__Planctomycetia; o__Planctomycetales; f__Planctomycetaceae; g__Planctomyces; s__	1.0
2e147f277e5376e3921444d5c4969af2	k__Bacteria; p__Proteobacteria; c__Deltaproteobacteria; o__Bdellovibrionales; f__Bdellovibrionaceae; g__Bdellovibrio; s__	1.0
a2ea4b894ea5fd6974ef5311b41fbf93	k__Bacteria; p__Verrucomicrobia; c__Verruco-5; o__WCHB1-41; f__RFP12; g__; s__	1.0
5964eede894832b69dce1f70076913a0	k__Bacteria; p__Proteobacteria; c__Deltaproteobacteria; o__Bdellovibrionales; f__Bdellovibrionaceae; g__Bdellovibrio; s__	1.0
f744053d1447233857f7b7cf0b270c08	k__Bacteria; p__Proteobacteria; c__Alphaproteobacteria; o__Sphingomonadales; f__Sphingomonadaceae; g__Novosphingobium; s__	1.0
84592f03ee4df2c95abfe9a5185b8f38	k__Archaea; p__Euryarchaeota	0.9
a4d82fad5e34db0ca5371cd29588cb35	k__Bacteria; p__Proteobacteria; c__Alphaproteobacteria; o__Rhodospirillales; f__Rhodospirillaceae; g__; s__	1.0
037bc3ff161ebe4f07ce06885cb7772d	k__Bacteria; p__Proteobacteria; c__TA18; o__PHOS-HD29; f__; g__; s__	1.0
2a72d938cc6bb4f90089edfec6d5a7df	k__Bacteria; p__Proteobacteria; c__Gammaproteobacteria; o__Legionellales; f__Coxiellaceae; g__; s__	1.0
faffd3036cff12c3c33b856d5ee01889	k__Bacteria; p__Bacteroidetes; c__[Saprospirae]; o__[Saprospirales]; f__Saprospiraceae; g__; s__	1.0
b019bc4ba438a86ea2b4fcc19a7325d3	k__Bacteria; p__Bacteroidetes; c__Flavobacteriia; o__Flavobacteriales; f__Flavobacteriaceae; g__Flavobacterium; s__	1.0
bce106d87aa323c099c9538c8f46efaf	k__Bacteria; p__Proteobacteria; c__Alphaproteobacteria; o__Rickettsiales; f__Pelagibacteraceae; g__; s__	1.0
03f88001100222d29a78d27385adac26	k__Archaea; p__[Parvarchaeota]; c__[Parvarchaea]; o__WCHD3-30; f__; g__; s__	1.0
76a5d4be7992c6b4f688ecd7a6ef5ae4	k__Bacteria; p__Planctomycetes; c__Planctomycetia; o__Pirellulales; f__Pirellulaceae; g__; s__	1.0
98a48e1e322239dd7bd4cf2ca52a00fa	k__Bacteria; p__Actinobacteria; c__Actinobacteria; o__Actinomycetales; f__Micromonosporaceae; g__Actinoplanes; s__	1.0
f660c5a255f508d28c33a2374f5b0db2	k__Bacteria; p__Cyanobacteria; c__Synechococcophycideae; o__Pseudanabaenales; f__Pseudanabaenaceae; g__Leptolyngbya; s__	1.0
5bee1198f408d09641eaa80d7e30d9fc	k__Bacteria; p__Proteobacteria; c__Deltaproteobacteria; o__Myxococcales; f__; g__; s__	0.9
d73b33dce6f3faaa9ed1aa7f09e0c085	k__Bacteria; p__Proteobacteria	1.0
1c8bcb463d707f78b8e90c64e3e77e47	k__Bacteria; p__Cyanobacteria; c__Chloroplast; o__Stramenopiles; f__; g__; s__	1.0
dbcc581fe3d283184c43bcc0284a6b96	k__Bacteria; p__Chloroflexi; c__Anaerolineae; o__Anaerolineales; f__Anaerolinaceae; g__; s__	0.8
44de53494c159eba7b5c81a1ac7c9405	k__Bacteria; p__Firmicutes; c__Clostridia; o__Clostridiales; f__Christensenellaceae; g__; s__	0.7
ad3cee2db3c80c7fd7b85a7110e72546	k__Bacteria; p__Bacteroidetes; c__Cytophagia; o__Cytophagales; f__Cytophagaceae; g__Hymenobacter; s__	1.0
bdb174d460316e6e901026f655484e16	k__Bacteria; p__Proteobacteria; c__Betaproteobacteria; o__Methylophilales; f__Methylophilaceae; g__; s__	0.8
036579136ca2b4dc377cfa11ddca117f	k__Bacteria; p__OD1; c__; o__; f__; g__; s__	1.0
8aca322850db7dd1b56aca35b7e9a7f5	k__Bacteria; p__Acidobacteria; c__OS-K; o__; f__; g__; s__	1.0
a530145184ccab9eb2b2f5264e0df692	k__Bacteria; p__Bacteroidetes; c__[Saprospirae]; o__[Saprospirales]; f__Chitinophagaceae; g__; s__	1.0
cf9f6bf10bb68ec36b61f0aeb6ff7eb7	k__Bacteria; p__Proteobacteria; c__Deltaproteobacteria; o__Bdellovibrionales; f__Bdellovibrionaceae; g__Bdellovibrio; s__	1.0
1d150524691046ed0e164d9b29fe5279	k__Bacteria; p__Proteobacteria; c__TA18; o__PHOS-HD29; f__; g__; s__	0.9
9d448a4141d0bdcd4b3ec2971a75f61d	k__Bacteria; p__Planctomycetes; c__Planctomycetia; o__Pirellulales; f__Pirellulaceae; g__; s__	1.0
af6531a9838d4ef81591e4289b00c8f3	k__Bacteria; p__Proteobacteria; c__Gammaproteobacteria; o__Legionellales; f__Coxiellaceae; g__; s__	0.8
65c5f5935870f4a2fbb722d28cf12201	k__Bacteria; p__Proteobacteria; c__Gammaproteobacteria; o__Legionellales; f__Coxiellaceae; g__; s__	0.6
f82c8c06c9c2a3f9364d507355b57bf3	k__Bacteria; p__Proteobacteria; c__Alphaproteobacteria; o__Rickettsiales; f__; g__; s__	0.8
3eb0904b7f6767f38dcba5d9a38d91cf	k__Bacteria; p__Proteobacteria; c__Alphaproteobacteria; o__Rickettsiales; f__; g__; s__	1.0
8119eeb30e8f45e956c8bf277ee8bcef	k__Bacteria; p__Proteobacteria; c__Betaproteobacteria; o__Rhodocyclales; f__Rhodocyclaceae; g__; s__	0.9
80600b0550609624fb4760e387cd9a07	k__Bacteria; p__Verrucomicrobia; c__[Spartobacteria]; o__[Chthoniobacterales]; f__[Chthoniobacteraceae]; g__; s__	0.6
22aab9f7495c20bec4fdd956f0b49271	k__Bacteria; p__Bacteroidetes; c__[Saprospirae]; o__[Saprospirales]; f__Chitinophagaceae	1.0
7aeb69730475e4653ae9d080021fdc20	k__Bacteria; p__Actinobacteria; c__Acidimicrobiia; o__Acidimicrobiales; f__Microthrixaceae; g__; s__	1.0
3c58db50239a3b99b72a13345833e261	k__Bacteria; p__Proteobacteria; c__Alphaproteobacteria; o__Sphingomonadales; f__Sphingomonadaceae; g__; s__	0.9
37335d40ac42a27e8d76584124adddd7	k__Bacteria; p__Bacteroidetes; c__Cytophagia; o__Cytophagales; f__Cytophagaceae; g__; s__	1.0
56f8a87597cdfba935405d4add7bb05c	k__Bacteria; p__Proteobacteria; c__Alphaproteobacteria; o__; f__; g__; s__	1.0
b6cee0964639c6712eb6403a815c2075	k__Bacteria; p__Proteobacteria; c__Alphaproteobacteria; o__Rhizobiales; f__; g__; s__	0.6
38ad5fadf626a251d2b9813bbc4aad77	k__Bacteria; p__Fusobacteria; c__Fusobacteriia; o__Fusobacteriales; f__Fusobacteriaceae; g__Fusobacterium; s__	0.8
a01621d82fc64d7a016ec8351f2b8af9	k__Bacteria; p__Proteobacteria; c__Deltaproteobacteria; o__Myxococcales; f__; g__; s__	0.9
cf193b542f6e4647159a4793416b3e31	k__Bacteria; p__Verrucomicrobia; c__Verruco-5	1.0
56390105db66d9d785d9c2d858da75ee	k__Bacteria; p__Cyanobacteria; c__Chloroplast; o__Cryptophyta; f__; g__; s__	1.0
2046b1830ce9d9b3672402fb6778098f	k__Bacteria; p__Proteobacteria; c__Betaproteobacteria; o__Rhodocyclales; f__Rhodocyclaceae	0.9
9ae22966bd2c5c731eedb79329472b31	k__Bacteria; p__Planctomycetes; c__Planctomycetia; o__Planctomycetales; f__Planctomycetaceae; g__Planctomyces; s__	1.0
e63c998b809e916714af2419e6c7a956	k__Bacteria; p__Armatimonadetes; c__[Fimbriimonadia]; o__[Fimbriimonadales]; f__[Fimbriimonadaceae]; g__; s__	0.6
cd637d3883a68818a77b3181c4f96178	k__Bacteria; p__Actinobacteria; c__Acidimicrobiia; o__Acidimicrobiales; f__C111; g__; s__	1.0
8f5766116e24d7283e3310bab46f0756	k__Bacteria; p__Verrucomicrobia; c__Opitutae; o__Opitutales; f__Opitutaceae; g__; s__	1.0
91b5acd7196d31aaec55f5fdd119c082	k__Bacteria; p__Bacteroidetes; c__Cytophagia; o__Cytophagales; f__Cyclobacteriaceae; g__; s__	0.6
e8399289f2856ef8c6bd20948d27db43	k__Bacteria; p__Verrucomicrobia; c__Opitutae; o__Opitutales; f__Opitutaceae; g__Opitutus; s__	1.0
e3dad528723debde91288587f8dfa37a	k__Bacteria; p__Proteobacteria; c__Alphaproteobacteria; o__Rhodobacterales; f__Rhodobacteraceae	1.0
f45f6f16454dae48b3789e04bc784ac7	k__Bacteria; p__Proteobacteria; c__Alphaproteobacteria; o__Sphingomonadales; f__Sphingomonadaceae; g__Sphingomonas; s__	1.0
c09fa04ba637fbc0d63d60e1b49e9280	k__Bacteria; p__Proteobacteria; c__Alphaproteobacteria	1.0
b79c481b9f5e44cd0ed04d350f1bc9d3	k__Bacteria; p__Bacteroidetes; c__Cytophagia; o__Cytophagales; f__Cytophagaceae; g__Flectobacillus; s__	1.0
8569cd97dd0feb3b94293272f8103bac	Unassigned	0.0
03dd2b42cd2e86ce3459f1cac21ee4e7	k__Bacteria; p__Firmicutes; c__Clostridia; o__Clostridiales; f__[Mogibacteriaceae]; g__; s__	1.0
27d9af279ad7ce761e95942d00fcaa4f	k__Bacteria; p__Armatimonadetes; c__[Fimbriimonadia]; o__[Fimbriimonadales]; f__[Fimbriimonadaceae]	1.0
f69445755e0337093a4a8da655320c32	k__Bacteria; p__Bacteroidetes; c__[Saprospirae]; o__[Saprospirales]; f__Saprospiraceae; g__; s__	1.0
082737b23e770ea40da2406605bb11f5	k__Bacteria; p__Proteobacteria	1.0
31aed5ebc33a62ae3e3309e54edc2569	k__Bacteria; p__Verrucomicrobia; c__[Pedosphaerae]; o__[Pedosphaerales]; f__; g__; s__	0.8
935f3901928ada8fde235507ca6a94eb	k__Bacteria; p__Proteobacteria; c__Alphaproteobacteria	0.9
80ba02da1aaaf2f1f479a662c5885b3f	k__Bacteria; p__Verrucomicrobia; c__Verrucomicrobiae; o__Verrucomicrobiales; f__Verrucomicrobiaceae; g__; s__	1.0
0182334dc2c0f05c696452178f23d075	k__Bacteria; p__Proteobacteria; c__Alphaproteobacteria; o__Rickettsiales; f__; g__; s__	1.0
b7a902a1005d3cbfae659cfb9063bffc	Unassigned	0.0
de76545a683728cbb1a19d8e1f3ccb00	k__Bacteria; p__Bacteroidetes; c__Cytophagia; o__Cytophagales; f__Cytophagaceae; g__Emticicia; s__	0.7
707041c298338b20420278c6e5e177f4	k__Bacteria; p__Cyanobacteria; c__Chloroplast; o__Stramenopiles; f__; g__; s__	1.0
ca5e9ae26c811935d31916d63cf8b6cb	k__Bacteria; p__Bacteroidetes; c__Bacteroidia; o__Bacteroidales; f__[Paraprevotellaceae]; g__Paraprevotella; s__	0.6
238bfa3195cac1199b1391e2bc521b96	k__Bacteria; p__Proteobacteria; c__Alphaproteobacteria; o__Rhodospirillales; f__Acetobacteraceae; g__; s__	0.8
4f5822ae10e7615a25d81c43487bf2c1	k__Bacteria; p__Cyanobacteria; c__4C0d-2; o__YS2; f__; g__; s__	0.9
5e9a317e9ccd0bfa01c81516f1911af0	k__Bacteria; p__TM6; c__SJA-4; o__; f__; g__; s__	0.9
490817bb00db943610526b3d19b4195d	k__Bacteria; p__Proteobacteria; c__Alphaproteobacteria; o__BD7-3; f__; g__; s__	1.0
03feb1daefc6d2080e758afbbed7b490	k__Bacteria; p__Actinobacteria; c__Acidimicrobiia; o__Acidimicrobiales; f__C111; g__; s__	1.0
ec041efeab7d75e9628813f06f5284d6	k__Bacteria; p__Bacteroidetes	1.0
cd9bf40b44b909f337b0f4197070bfaf	k__Bacteria; p__Proteobacteria; c__Alphaproteobacteria; o__Rickettsiales; f__; g__; s__	0.9
1e5d6d59b67a0949854c369fb74ea596	k__Bacteria; p__Proteobacteria; c__Betaproteobacteria; o__Rhodocyclales; f__Rhodocyclaceae; g__Thauera; s__	0.6
2665d801260d1442b634310774926fd0	k__Bacteria; p__Proteobacteria; c__Deltaproteobacteria; o__MIZ46; f__; g__; s__	1.0
3c5139bfb41e27cf46a14865ac1b5b6a	k__Bacteria; p__Cyanobacteria; c__Chloroplast; o__Streptophyta; f__; g__; s__	1.0
a50242cdbbeddd3c47095d4867fcbcfb	Unassigned	0.0
287ed0693eeac33b8afac5971502f42a	k__Bacteria; p__Proteobacteria; c__Gammaproteobacteria; o__Legionellales; f__Coxiellaceae; g__Aquicella; s__	1.0
c63d62cbe888fa2d971babdff58596a7	k__Bacteria; p__Proteobacteria; c__Alphaproteobacteria; o__Rhizobiales; f__Rhizobiaceae; g__Agrobacterium; s__	1.0
825c65b46e78a9f3594d91291363c95a	k__Bacteria; p__Bacteroidetes; c__Flavobacteriia; o__Flavobacteriales; f__Cryomorphaceae; g__Fluviicola; s__	1.0
75dca7be8fa164c59f6010f83e59afcb	k__Bacteria	1.0
dc4799573ac32c6be33e88d1c48ffbbc	k__Bacteria; p__Proteobacteria; c__Alphaproteobacteria; o__Rhizobiales	1.0
6c375a4c6433326510893bc95c87a36c	k__Bacteria; p__Proteobacteria; c__Betaproteobacteria; o__Burkholderiales; f__Comamonadaceae; g__; s__	0.6
107e867c5145654cc3182840a8f8297e	k__Bacteria; p__Proteobacteria; c__Gammaproteobacteria; o__Alteromonadales; f__OM60; g__; s__	0.7
8fcc01e63b5cf8af74794caddb46dcc0	k__Bacteria; p__Cyanobacteria; c__Chloroplast; o__Stramenopiles; f__; g__; s__	1.0
d5e6e45f174154ee1816ed826048965c	k__Bacteria; p__Actinobacteria; c__Acidimicrobiia; o__Acidimicrobiales; f__JdFBGBact; g__; s__	0.9
883831a35746e6d73d9317763b7877d3	k__Bacteria; p__Verrucomicrobia; c__Opitutae; o__[Cerasicoccales]; f__[Cerasicoccaceae]; g__; s__	1.0
8eb8276d3a2af930da69ebda118daac5	k__Bacteria; p__Proteobacteria; c__Betaproteobacteria; o__Burkholderiales; f__Alcaligenaceae; g__; s__	1.0
ee7759bf85cc9a8310fb4a4d117ee964	k__Bacteria; p__Proteobacteria; c__Gammaproteobacteria; o__Pseudomonadales; f__Moraxellaceae; g__Perlucidibaca; s__	1.0
2ffed54bb8050a6fe36e82a2ba5d98d0	k__Bacteria; p__Proteobacteria; c__Alphaproteobacteria; o__Rhodospirillales; f__Rhodospirillaceae; g__; s__	0.8
e8171434e9e1c33564cf2a9c8bd866f3	k__Bacteria; p__Spirochaetes; c__[Leptospirae]; o__[Leptospirales]; f__Leptospiraceae; g__Leptospira; s__	1.0
60f2ba0bf38402839abdded5e4677449	Unassigned	0.0
073a42d7242cd92d059498ff898d02a8	k__Bacteria; p__Chloroflexi; c__Ellin6529; o__; f__; g__; s__	1.0
8f1737d7dbf14f7c0823c1ccdf2006ec	k__Bacteria; p__Firmicutes; c__Clostridia; o__Clostridiales; f__; g__; s__	1.0
c00e1ae0b7bd5e0a6cad91bfd35fab2b	k__Bacteria; p__Cyanobacteria; c__Chloroplast; o__Stramenopiles; f__; g__; s__	1.0
b3d6ebbee1896247b140cdd51c55f3ff	k__Bacteria; p__Bacteroidetes; c__Flavobacteriia; o__Flavobacteriales; f__Cryomorphaceae; g__Fluviicola; s__	1.0
fe7b3d71c23201791a96872be99a0284	k__Bacteria; p__Actinobacteria; c__Actinobacteria; o__Actinomycetales; f__ACK-M1; g__; s__	0.9
3c204a5b3a318cc14e2a86d3a721ae62	k__Bacteria; p__Bacteroidetes; c__Flavobacteriia; o__Flavobacteriales; f__Flavobacteriaceae; g__Flavobacterium; s__	0.9
15eeab6b53bdd290df9b647e25d10008	k__Bacteria; p__Bacteroidetes; c__Sphingobacteriia; o__Sphingobacteriales; f__; g__; s__	1.0
2574db9ee8ef64e54a07daaee2b905a7	k__Bacteria; p__Firmicutes; c__Clostridia; o__Clostridiales; f__Gracilibacteraceae	0.9
c513fecf6c0023993f245ec107e45e31	k__Bacteria; p__Proteobacteria; c__Betaproteobacteria; o__Rhodocyclales; f__Rhodocyclaceae; g__Dechloromonas; s__	0.9
d1f651dcdda3a269a431d2059f107f65	k__Bacteria; p__Cyanobacteria; c__4C0d-2; o__YS2; f__; g__; s__	1.0
38d03db759119cd3f06ee0d37032c4a0	k__Bacteria; p__Bacteroidetes	0.8
f9cb506a2cfd9e9f159ed66dc429b418	k__Bacteria; p__Verrucomicrobia; c__[Pedosphaerae]; o__[Pedosphaerales]; f__Ellin515; g__; s__	1.0
da97f1f9f0d1ebf151dbe5e887e2616a	k__Bacteria; p__Proteobacteria; c__Alphaproteobacteria; o__; f__; g__; s__	1.0
eef14386c65bc7ec3238e5b05ca2cbac	k__Bacteria; p__Cyanobacteria; c__Chloroplast; o__Euglenozoa; f__; g__; s__	0.6
8266bf25631d7699a821f86e08105108	k__Bacteria; p__Proteobacteria; c__Deltaproteobacteria	1.0
46d2f65d5b5bc9d7e8c24944c19dcc5f	k__Bacteria; p__Bacteroidetes; c__[Saprospirae]; o__[Saprospirales]; f__Chitinophagaceae; g__; s__	0.9
c63632c225a4706eb3e3cf71cd0f3f13	k__Bacteria; p__Proteobacteria; c__Alphaproteobacteria; o__BD7-3; f__; g__; s__	1.0
3f78ef24d33796ad08a300e502347fb7	k__Bacteria; p__Proteobacteria; c__Gammaproteobacteria; o__Legionellales; f__Legionellaceae; g__Legionella	0.6
be30f3fd1810577e85f87f18640be60b	k__Bacteria; p__Verrucomicrobia; c__[Spartobacteria]; o__[Chthoniobacterales]; f__[Chthoniobacteraceae]	0.9
e443ad193afcbf4aa707abcd79014945	k__Bacteria; p__Firmicutes; c__Clostridia; o__Clostridiales; f__Ruminococcaceae; g__; s__	0.8
d8780718687303f0dce9f47ba41b07a5	k__Bacteria; p__Bacteroidetes; c__Flavobacteriia; o__Flavobacteriales; f__Flavobacteriaceae; g__Flavobacterium; s__	0.9
cb680b4e7fec9c492a12e9da9f73f774	k__Bacteria; p__Proteobacteria; c__Gammaproteobacteria; o__Legionellales; f__Legionellaceae	1.0
18e6cb0561a662bd3fe57aaf348c6675	k__Bacteria; p__Proteobacteria; c__Alphaproteobacteria; o__Sphingomonadales; f__Sphingomonadaceae; g__Sphingomonas; s__	0.8
b26e0b0c36a64967d5bb1604a40c3200	k__Bacteria; p__Bacteroidetes; c__Flavobacteriia; o__Flavobacteriales; f__Cryomorphaceae; g__Fluviicola; s__	1.0
966b65c57010ee5b5ce00fea3b2dbe1d	k__Bacteria; p__Proteobacteria; c__Alphaproteobacteria; o__Rickettsiales; f__; g__; s__	0.8
6fd819be4c55916694ee773c39c31b58	k__Bacteria; p__Cyanobacteria; c__Chloroplast; o__Chlorophyta; f__; g__; s__	1.0
941dc190adc2d0ed79278886facd1fed	k__Bacteria; p__Spirochaetes; c__Spirochaetes; o__Spirochaetales; f__Spirochaetaceae; g__Spirochaeta; s__aurantia	1.0
5c2bc670f03d851a46bf8136c78202fc	k__Bacteria; p__Proteobacteria	0.8
867e6e984851a215691ca771c6225788	k__Bacteria; p__Bacteroidetes	1.0
8688392ca711f3a44a00f388446972f6	Unassigned	0.0
ca658bf69736284b0d6738b780335d66	k__Bacteria; p__Firmicutes; c__Clostridia; o__Clostridiales; f__Lachnospiraceae; g__; s__	0.7
bd753154f5c04d224fb8310e71a7a669	k__Bacteria; p__Firmicutes; c__Clostridia; o__Clostridiales; f__Ruminococcaceae; g__; s__	0.6
d4860cdb418cb78c3069032f100829fa	k__Bacteria; p__Actinobacteria; c__Acidimicrobiia; o__Acidimicrobiales; f__; g__; s__	1.0
e1713190d54dc6197bfebc6215a12bd6	k__Bacteria; p__Proteobacteria; c__Alphaproteobacteria; o__Rhodobacterales; f__Rhodobacteraceae; g__; s__	0.7
48f754d8d8f11ea455d5be57eb974cb0	k__Bacteria; p__Proteobacteria; c__Alphaproteobacteria; o__Rickettsiales; f__; g__; s__	0.8
1b6aa62d50b3cb537da042fd59eee014	k__Bacteria; p__Proteobacteria; c__Alphaproteobacteria; o__Rhizobiales; f__Brucellaceae; g__Ochrobactrum; s__intermedium	0.8
f88709f5e25e738e820968a045c24b6f	k__Bacteria; p__Spirochaetes; c__[Leptospirae]; o__[Leptospirales]; f__Leptospiraceae; g__Leptospira; s__biflexa	0.7
712cfa52d027c1d5c81cf2976ac705ec	k__Bacteria; p__Proteobacteria; c__Betaproteobacteria; o__Neisseriales; f__Neisseriaceae; g__Vogesella; s__	0.7
00b42e35846959706a691d849e85d804	k__Bacteria; p__Bacteroidetes; c__[Saprospirae]; o__[Saprospirales]; f__Saprospiraceae; g__; s__	0.9
9b6b5bbe23fa9d54a62ce1b723ff89ee	k__Bacteria; p__Acidobacteria; c__[Chloracidobacteria]; o__RB41; f__Ellin6075; g__; s__	1.0
e87ab251273e3726dd016413c84e0756	k__Bacteria; p__Planctomycetes; c__Planctomycetia; o__Pirellulales; f__Pirellulaceae; g__; s__	1.0
af1404fd949dc9a4ee68fce33838b604	k__Bacteria; p__Proteobacteria; c__Alphaproteobacteria; o__Sphingomonadales; f__Sphingomonadaceae; g__; s__	0.9
a4b03d088feb5b397b6afd043600d5a9	k__Bacteria; p__Proteobacteria; c__Gammaproteobacteria; o__Legionellales; f__Coxiellaceae; g__Aquicella; s__	1.0
723b3cc32cc9f0b549749f7ebe595113	k__Bacteria; p__Proteobacteria; c__Betaproteobacteria; o__Neisseriales; f__Neisseriaceae; g__Vogesella; s__	0.7
8c587fa8cc0ef645825fa6b68ee2534b	k__Bacteria; p__Proteobacteria; c__Deltaproteobacteria; o__MIZ46; f__; g__; s__	1.0
28630d28cfdaa6be1fdad4844bdcf166	k__Bacteria; p__Proteobacteria; c__Deltaproteobacteria; o__Spirobacillales; f__; g__; s__	1.0
d1c4c7444a475ed57b8f58961223b76d	k__Bacteria; p__Cyanobacteria; c__Chloroplast; o__Stramenopiles; f__; g__; s__	1.0
f19443dec95341284478c3db41a17a70	k__Bacteria; p__Verrucomicrobia; c__Opitutae; o__[Cerasicoccales]; f__[Cerasicoccaceae]; g__; s__	1.0
437c9e6624784734ea8e7e7c605a618f	k__Bacteria; p__Proteobacteria; c__Gammaproteobacteria	1.0
ca204e1d018451ee3a53f7d72d217ded	k__Bacteria; p__GOUTA4; c__; o__; f__; g__; s__	0.6
748fd67184a5fe8f5f5483f63a8b9109	k__Bacteria; p__Actinobacteria; c__Acidimicrobiia; o__Acidimicrobiales; f__C111; g__; s__	1.0
6fd976bbb23b244b59d6840ab64e7537	k__Bacteria; p__Actinobacteria; c__Acidimicrobiia; o__Acidimicrobiales; f__JdFBGBact; g__; s__	1.0
c09812a6f643e4aaa202a5237867aa26	k__Bacteria; p__Proteobacteria; c__Deltaproteobacteria; o__Bdellovibrionales; f__Bdellovibrionaceae; g__Bdellovibrio; s__	0.9
6ae532ae1563f796513f8d8666ef315f	k__Bacteria; p__SR1; c__; o__; f__; g__; s__	1.0
0286616089d89d8962ad5d059d49f85d	k__Bacteria; p__Actinobacteria; c__Actinobacteria; o__Actinomycetales; f__Microbacteriaceae; g__Candidatus Aquiluna; s__rubra	0.9
8c27b9df5c4d2bf652cc88de7eef6c38	k__Bacteria; p__TM6	1.0
9c1a0cd597590de28c7f3e560b5d32b5	k__Bacteria; p__Cyanobacteria; c__ML635J-21; o__; f__; g__; s__	1.0
b1bf41c48ee6558c4c7d66b9d9273cb3	k__Bacteria; p__Cyanobacteria; c__Chloroplast; o__Stramenopiles; f__; g__; s__	1.0
55fa4e1b44e4e9318539e490215bbdb0	k__Bacteria; p__Proteobacteria; c__Alphaproteobacteria; o__Rickettsiales; f__mitochondria; g__; s__	0.6666666666666666
f54b91f6e3fde6f919868147725f36a7	k__Bacteria; p__Proteobacteria; c__Deltaproteobacteria; o__Bdellovibrionales; f__Bdellovibrionaceae; g__Bdellovibrio; s__	1.0
b6398fc82832ea6aca12667388d23745	k__Bacteria; p__Bacteroidetes; c__Cytophagia; o__Cytophagales; f__Cytophagaceae; g__; s__	1.0
0912e520023475ccae54b4c968935882	k__Bacteria; p__Verrucomicrobia; c__Opitutae; o__Puniceicoccales; f__Puniceicoccaceae; g__Coraliomargarita; s__	0.9
5e93a29f2dde6f99fd6142cc57e4a3ca	k__Bacteria; p__Firmicutes; c__Clostridia; o__Clostridiales; f__; g__; s__	1.0
a45635c7063338c1703a369549268b74	k__Bacteria; p__Planctomycetes; c__Planctomycetia; o__Gemmatales; f__Gemmataceae; g__; s__	1.0
049acd20987a410bafe57882b8781e36	k__Bacteria; p__Proteobacteria; c__Gammaproteobacteria	0.6
0652619b20206dfd08776d6f69c8bde2	k__Bacteria; p__Proteobacteria; c__Deltaproteobacteria; o__Myxococcales; f__Haliangiaceae; g__; s__	1.0
888d766121129fa07737a10c6e01e6dd	k__Bacteria; p__Cyanobacteria; c__Chloroplast; o__Streptophyta; f__; g__; s__	1.0
5ad3b9a45479a30161cd3ad0a085d35a	k__Bacteria; p__Verrucomicrobia; c__Opitutae; o__[Cerasicoccales]; f__[Cerasicoccaceae]; g__; s__	1.0
5220e5418611362520d507059e4a32ad	k__Bacteria; p__Actinobacteria; c__Actinobacteria; o__Actinomycetales; f__ACK-M1; g__; s__	1.0
18f9d86139cd12712285fb65914c92a3	k__Bacteria; p__Proteobacteria; c__Alphaproteobacteria; o__Rhizobiales; f__Phyllobacteriaceae; g__Mesorhizobium; s__	0.6
974adbeec84c26449804d534ac9f7654	k__Bacteria; p__Proteobacteria; c__Alphaproteobacteria; o__; f__; g__; s__	1.0
384877d5b7cc593b3da9f8082e8a3eac	k__Bacteria; p__Proteobacteria; c__Alphaproteobacteria; o__; f__; g__; s__	1.0
7e8c6f8157cf33ff2d8c2f20215581fd	k__Bacteria; p__Firmicutes; c__Clostridia; o__Clostridiales; f__Ruminococcaceae; g__Oscillospira; s__	0.9
48c3926698b3c4b11315d0e4b70ff720	k__Bacteria; p__Proteobacteria; c__Deltaproteobacteria; o__Syntrophobacterales; f__Syntrophobacteraceae; g__; s__	1.0
19d4258acd28cb025463165414d697b4	k__Bacteria; p__Verrucomicrobia; c__Verrucomicrobiae; o__Verrucomicrobiales; f__Verrucomicrobiaceae; g__Luteolibacter; s__	0.9
9ec67929cf1ce73f5703a373d64046b4	k__Bacteria	1.0
30d15531d9ee35e31213ef24ac15639c	k__Bacteria; p__Bacteroidetes; c__Sphingobacteriia; o__Sphingobacteriales; f__; g__; s__	1.0
a5a70f6244468467a8e88ad224a73bc4	k__Bacteria; p__Actinobacteria; c__Acidimicrobiia; o__Acidimicrobiales; f__; g__; s__	1.0
b13e8f33e67349e154225329248c87bd	k__Bacteria; p__Actinobacteria; c__Actinobacteria; o__Actinomycetales; f__Mycobacteriaceae; g__Mycobacterium; s__	1.0
a32e21c065db1783771f71c8389639f3	k__Bacteria; p__Cyanobacteria; c__Synechococcophycideae; o__Synechococcales; f__Synechococcaceae; g__Synechococcus; s__	1.0
eb8b3f1c594dae685a882bda7017b0d7	k__Bacteria; p__Firmicutes; c__Clostridia; o__Clostridiales	0.6
6602c7aadf743eb3a8b4bbb181fd8e2b	k__Bacteria; p__Proteobacteria; c__Deltaproteobacteria	1.0
f16f32a0c95bdf324b0b9192ac17f73d	k__Bacteria; p__Firmicutes; c__Clostridia; o__Clostridiales; f__Lachnospiraceae; g__; s__	0.8
d6a696ffa92b81e88d301e843a6f6e29	k__Bacteria; p__Proteobacteria; c__Deltaproteobacteria; o__; f__; g__; s__	1.0
0ce5616ba2b8895b294f7569ef2c13ff	k__Bacteria; p__Bacteroidetes; c__Cytophagia; o__Cytophagales; f__Cytophagaceae; g__Leadbetterella; s__	1.0
9fd4d80f232b26f65ed1496e380affe3	k__Bacteria; p__Proteobacteria; c__TA18; o__PHOS-HD29; f__; g__; s__	0.6
5cca66b74bd10733d354a0dcea883050	k__Bacteria; p__Proteobacteria; c__Alphaproteobacteria; o__Rickettsiales; f__; g__; s__	1.0
1f88cb320fb9439ed413e83328ee0313	k__Bacteria; p__Firmicutes; c__Clostridia; o__Clostridiales; f__Clostridiaceae; g__; s__	1.0
51321432daeb819ac04cba2074d697c3	k__Bacteria; p__Bacteroidetes; c__Sphingobacteriia; o__Sphingobacteriales; f__; g__; s__	1.0
123ed20311bb3912095d005987cdd45e	k__Bacteria; p__Planctomycetes; c__Planctomycetia; o__Pirellulales; f__Pirellulaceae; g__; s__	0.9
7cded149ca382bd324f154d567f3653d	k__Bacteria	1.0
9db92ec69c934a7acd4edbc3122249a6	k__Bacteria; p__Proteobacteria; c__Alphaproteobacteria; o__Rhizobiales; f__Phyllobacteriaceae; g__; s__	0.6
26890054c9496c8b24fd8344b36150ce	k__Bacteria; p__Acidobacteria; c__Solibacteres; o__Solibacterales; f__[Bryobacteraceae]; g__; s__	0.7
2b6b1e822fb9c621b99789ea2b7cb5d0	k__Bacteria; p__Planctomycetes; c__Planctomycetia; o__Pirellulales; f__Pirellulaceae; g__; s__	1.0
73533b7f585d64eafe3db94718ce99e8	k__Bacteria; p__Proteobacteria; c__TA18; o__PHOS-HD29; f__; g__; s__	1.0
a75e49f18508a5e484eba127fb9b4052	k__Bacteria; p__Proteobacteria; c__Betaproteobacteria; o__Burkholderiales; f__Oxalobacteraceae; g__; s__	0.6
f6cbb79693ffcdfdf9e9b3c03be145f4	k__Bacteria; p__Bacteroidetes; c__Sphingobacteriia; o__Sphingobacteriales; f__; g__; s__	1.0
531785908644014cb993410790b30875	k__Bacteria; p__Cyanobacteria; c__Chloroplast; o__Stramenopiles; f__; g__; s__	1.0
b5fdf3fbb5074a079ffc362ecdc87e23	k__Bacteria; p__Proteobacteria; c__Alphaproteobacteria; o__Rickettsiales; f__Rickettsiaceae; g__; s__	1.0
11c0f996a6f1d204952d4ae068194253	k__Bacteria; p__Bacteroidetes; c__Cytophagia; o__Cytophagales; f__Cytophagaceae; g__; s__	1.0
ea1693474664687614c4640357419344	k__Bacteria; p__Proteobacteria; c__Deltaproteobacteria; o__Myxococcales; f__OM27; g__; s__	1.0
a602050b3266994a8b53dfaf88a85880	k__Bacteria; p__GN02; c__GKS2-174; o__; f__; g__; s__	0.8888888888888888
7f7bbc22f37f881b26b651f45e01d77a	k__Bacteria; p__Bacteroidetes; c__[Saprospirae]; o__[Saprospirales]; f__Saprospiraceae; g__; s__	0.9
c76d47f2601972274c1f3a1de954d957	k__Bacteria; p__Actinobacteria; c__Actinobacteria; o__Actinomycetales; f__Microbacteriaceae	1.0
1c511e704b98391c0581ce7cfe2f8630	k__Bacteria; p__Proteobacteria; c__Alphaproteobacteria; o__Rhodobacterales; f__Rhodobacteraceae; g__; s__	0.8
b47370ce6bd34d825a8458fb42095d40	k__Bacteria; p__Proteobacteria; c__Alphaproteobacteria	1.0
7a7a06cb35612a4477f00501d515b46a	k__Bacteria; p__Proteobacteria; c__Alphaproteobacteria	0.8
528e1fadca722ef265b18595bca130ae	k__Bacteria; p__Proteobacteria; c__Deltaproteobacteria; o__MIZ46; f__; g__; s__	1.0
99c26c0d3bda4ad00c866118fcd7a163	k__Bacteria; p__Proteobacteria; c__Betaproteobacteria; o__Burkholderiales	1.0
6773cdd5cc875ad177521e1e96564590	k__Bacteria; p__Spirochaetes; c__Spirochaetes; o__Spirochaetales; f__Spirochaetaceae; g__; s__	0.8
ef48e930eb1f19bf6a1768cafd4b2a0c	k__Bacteria; p__Proteobacteria; c__Deltaproteobacteria; o__Desulfuromonadales; f__Geobacteraceae; g__Geobacter; s__	0.9
a10d0ac60bb1bea6a1e654f7033abe44	k__Bacteria; p__Chlamydiae; c__Chlamydiia; o__Chlamydiales	1.0
97a491afb48e689a4bbe5967fcbbe686	k__Bacteria; p__GN02; c__BD1-5; o__; f__; g__; s__	1.0
b1f8c09c8e08a40b2e2a2ff3acf62135	k__Bacteria; p__Bacteroidetes; c__[Saprospirae]; o__[Saprospirales]; f__Saprospiraceae; g__; s__	1.0
0f486bfe943d35fee247c4f1a26c9c15	k__Bacteria; p__Actinobacteria; c__Actinobacteria; o__Actinomycetales; f__ACK-M1; g__; s__	1.0
07960a2233bacf8f3a71f52fa257469e	k__Bacteria; p__Proteobacteria; c__Gammaproteobacteria; o__Legionellales; f__Legionellaceae; g__; s__	0.8
40bb322f00da1a9976fea19e3d550551	k__Bacteria; p__Proteobacteria; c__Alphaproteobacteria; o__Sphingomonadales; f__Sphingomonadaceae; g__Novosphingobium; s__	0.8
43dc8a14da11c98e4bdc6812a4e37034	k__Bacteria; p__Bacteroidetes; c__[Saprospirae]; o__[Saprospirales]; f__Chitinophagaceae	1.0
351acc3689d2e0947777e445c254916a	k__Bacteria; p__Bacteroidetes; c__[Saprospirae]; o__[Saprospirales]; f__Saprospiraceae; g__Saprospira; s__	1.0
1f60f5ed8651f3455dc57641e0753663	k__Bacteria; p__Proteobacteria; c__Betaproteobacteria; o__Burkholderiales; f__Comamonadaceae; g__Limnobacter; s__	0.9
f1e2896ea0d967b3609c58e8e7314d4a	k__Bacteria; p__OP3; c__PBS-25; o__; f__; g__; s__	1.0
68c8e3c3981fe8e334ff134c85a7a350	k__Bacteria; p__Acidobacteria; c__Acidobacteriia; o__Acidobacteriales; f__Acidobacteriaceae	0.6
a0144e8f924ceeaf0f140a7674d8f980	k__Bacteria; p__Proteobacteria; c__Deltaproteobacteria; o__NB1-j; f__JTB38; g__; s__	1.0
1bb46a38225ae413d15e7276cc19bac0	k__Bacteria; p__Bacteroidetes; c__[Saprospirae]; o__[Saprospirales]; f__Chitinophagaceae; g__; s__	0.8
00622d412e495f97bbd55748bee55bfb	k__Bacteria; p__Proteobacteria; c__Betaproteobacteria; o__Burkholderiales; f__Oxalobacteraceae; g__Ralstonia; s__	0.9
95d5335932d4dc6bf6681ea469e95316	Unassigned	0.0
42715c4c2bfd5b01fbe48931de925cff	k__Bacteria; p__Actinobacteria; c__Acidimicrobiia; o__Acidimicrobiales; f__C111; g__; s__	0.7
1c461925c169b3b5aaeea4a44f780970	k__Bacteria; p__Verrucomicrobia; c__[Spartobacteria]; o__[Chthoniobacterales]; f__[Chthoniobacteraceae]; g__Candidatus Xiphinematobacter; s__	1.0
aaca6784f732ba1c81d9da85752da82c	Unassigned	0.0
d2f8335e4d96b0c02e41ffd6ebb568a6	k__Bacteria; p__OP3; c__BD4-9; o__; f__; g__; s__	1.0
1d20ca502e7d4eac86dbf716dae74a66	k__Bacteria; p__Cyanobacteria; c__Nostocophycideae; o__Nostocales; f__Nostocaceae; g__Cylindrospermopsis; s__	0.8
8a795253f50992b5ea7f07eb2a7f192f	k__Bacteria; p__Proteobacteria; c__Alphaproteobacteria; o__Rickettsiales; f__mitochondria; g__; s__	1.0
79f2ee2584cb61cd998013c3eba5ac36	k__Bacteria; p__Proteobacteria; c__Alphaproteobacteria; o__Rhizobiales; f__Rhizobiaceae; g__Rhizobium; s__	0.8
a1e3b61dd0421a7ff1d4645c94b527ef	k__Bacteria; p__Cyanobacteria; c__Nostocophycideae; o__Nostocales; f__Nostocaceae; g__Nostoc; s__	0.8
63b7c618c2c16341a094285fee89d299	k__Bacteria; p__Planctomycetes; c__Planctomycetia; o__Pirellulales; f__Pirellulaceae; g__; s__	1.0
f6b662684cfd3b2a6dff189c4c24e373	k__Bacteria; p__OD1; c__ZB2; o__; f__; g__; s__	1.0
663448735fa6a3beeb320295085b168f	k__Bacteria; p__Acidobacteria; c__Solibacteres; o__Solibacterales; f__; g__; s__	0.9
f833998dc529c08804148ed0f2f42de2	k__Bacteria; p__Bacteroidetes; c__Cytophagia; o__Cytophagales; f__Cytophagaceae; g__Dyadobacter; s__	1.0
e33a8cd1c29321f437bece8abae4c4de	k__Bacteria; p__Bacteroidetes; c__[Saprospirae]; o__[Saprospirales]; f__Chitinophagaceae; g__Sediminibacterium; s__	1.0
9c1361e7fa2a617b4a6e4aa9677f07e8	k__Bacteria	1.0
bd15056601c856f29392bedb0bd34669	k__Bacteria; p__Proteobacteria; c__Deltaproteobacteria; o__Desulfobacterales; f__Desulfobulbaceae; g__; s__	0.7
8652699410f6263e589e5609f4ce9f94	k__Bacteria; p__Chlamydiae; c__Chlamydiia; o__Chlamydiales; f__; g__; s__	0.6
729fe922966bfbff4b2a30f94fbf992f	k__Bacteria; p__Tenericutes; c__Mollicutes; o__Entomoplasmatales; f__; g__; s__	1.0
aeede97691d93673e5eb204324137b5c	k__Bacteria; p__Bacteroidetes; c__[Saprospirae]; o__[Saprospirales]; f__Saprospiraceae; g__; s__	0.9
bb3cfb31d2a5cd0adb0a1adfae86ee3a	k__Bacteria; p__Planctomycetes; c__Planctomycetia; o__Gemmatales; f__Gemmataceae; g__; s__	1.0
1e8e9ee847b841809a514135243e3e4e	k__Bacteria; p__Bacteroidetes; c__Cytophagia; o__Cytophagales; f__Cytophagaceae; g__Flectobacillus; s__	1.0
1a96f18f8c965228aa592a3bc0f2b857	k__Bacteria; p__Firmicutes; c__Clostridia; o__Clostridiales; f__Lachnospiraceae; g__Epulopiscium; s__	1.0
48e8d59c356e58f0f63c70de6cc8735e	k__Bacteria; p__Proteobacteria; c__Betaproteobacteria; o__; f__; g__; s__	0.7
11379e328e16c0ea23407900ee7cf54e	k__Bacteria; p__Proteobacteria; c__Betaproteobacteria; o__Burkholderiales; f__Alcaligenaceae; g__; s__	1.0
e5799925195428154f58d7aa4aa15b77	k__Bacteria; p__Proteobacteria; c__Alphaproteobacteria; o__Rhizobiales; f__Rhizobiaceae	1.0
019961ee6dddc7eea686fb04ad9bd68a	k__Bacteria; p__Cyanobacteria; c__Chloroplast; o__Streptophyta; f__; g__; s__	1.0
d9b9f93f7647a32c83d11f354439c841	k__Bacteria; p__Proteobacteria; c__Deltaproteobacteria; o__MIZ46; f__; g__; s__	1.0
bfb9ace23940b3c8466b65ddb5104cd1	k__Bacteria; p__Actinobacteria; c__Acidimicrobiia; o__Acidimicrobiales; f__; g__; s__	1.0
ee9e906a98b71d6fb11e9a822eafdcca	k__Bacteria; p__Bacteroidetes; c__Bacteroidia; o__Bacteroidales; f__Rikenellaceae; g__Blvii28; s__	1.0
1de2e052a1f5b199034aff8b317a6906	k__Bacteria; p__Verrucomicrobia; c__Verruco-5; o__WCHB1-41; f__RFP12; g__; s__	1.0
c7f8d996062f4e9e7c9b42c82844244b	k__Bacteria; p__Actinobacteria; c__Actinobacteria; o__Actinomycetales; f__Microbacteriaceae; g__; s__	0.6
5c6ed01670a52eb42dd3791e424f4d2e	k__Bacteria; p__Proteobacteria; c__Deltaproteobacteria; o__GMD14H09; f__; g__; s__	1.0
58b01246795e7b4fa953a3d2e1467c8c	k__Bacteria; p__Cyanobacteria; c__Chloroplast; o__Streptophyta; f__; g__; s__	1.0
83195874dec1ce62db047bafe69693d4	k__Bacteria; p__Proteobacteria; c__Alphaproteobacteria; o__Sphingomonadales; f__Sphingomonadaceae; g__; s__	0.7
d44eba7c7c894491b21756d016cb634d	k__Bacteria; p__Verrucomicrobia; c__[Spartobacteria]; o__[Chthoniobacterales]; f__[Chthoniobacteraceae]; g__; s__	0.6
9b1e0ddd0f306a4a5a5b016ec9033d57	k__Bacteria	1.0
3604d2d841adbc6d9c0527702b3872e2	k__Bacteria; p__Bacteroidetes; c__Flavobacteriia; o__Flavobacteriales; f__Cryomorphaceae; g__Fluviicola; s__	0.9
99ca73ec9c747e771ebf7e32d820ac9b	k__Bacteria; p__Verrucomicrobia; c__[Pedosphaerae]; o__[Pedosphaerales]; f__; g__; s__	0.8
9e37abd1c90c495a96fc483f19887e8c	k__Bacteria; p__Proteobacteria; c__Alphaproteobacteria; o__Rhizobiales; f__Rhizobiaceae; g__; s__	0.6
6ac1019646393b2556a41f6dde27d4df	k__Bacteria	1.0
76b145413d798ac69ea7dd6d3d08ad23	k__Bacteria; p__Firmicutes; c__Clostridia; o__Clostridiales; f__; g__; s__	1.0
747aa8358e091488511858de99ae1830	k__Bacteria; p__Cyanobacteria; c__Chloroplast; o__Chlorophyta; f__; g__; s__	1.0
7405b295f301861765d165f5e095ec9c	k__Bacteria; p__Firmicutes; c__Bacilli; o__Lactobacillales; f__Lactobacillaceae; g__Lactobacillus; s__	1.0
1795d2f7eabbb09e6b1baca660ecaa19	k__Bacteria; p__Proteobacteria; c__Betaproteobacteria; o__Methylophilales; f__Methylophilaceae; g__; s__	0.9
3b4ca05ae82954ab9e9579726b8f9212	k__Bacteria; p__Proteobacteria; c__Gammaproteobacteria; o__Xanthomonadales; f__Xanthomonadaceae; g__Stenotrophomonas; s__	1.0
bebc6993a32f15e0c07e462c20e77438	k__Bacteria; p__Proteobacteria; c__Alphaproteobacteria; o__Rhodospirillales; f__Acetobacteraceae; g__; s__	0.8
93a689e1cb55ac66800be176daf540fb	k__Bacteria; p__Cyanobacteria; c__Nostocophycideae; o__Nostocales; f__Nostocaceae; g__Anabaena	0.8
de4f24b5515d28ac47a5e1f39f49101f	k__Bacteria; p__Proteobacteria; c__Alphaproteobacteria; o__Rickettsiales; f__Rickettsiaceae; g__; s__	0.8
695b2da4fade91b319e45e73d6bc35f0	k__Bacteria; p__SR1; c__; o__; f__; g__; s__	1.0
1ee6582be23747985d5f5c4994055dba	k__Bacteria; p__Proteobacteria; c__Deltaproteobacteria	0.7
42d1a5f95d4943dac04dfb468673fda4	k__Bacteria; p__Cyanobacteria; c__4C0d-2; o__YS2; f__; g__; s__	0.7
633df34bf2a7d285ea1158136111b618	k__Bacteria; p__Proteobacteria; c__Alphaproteobacteria; o__Rickettsiales; f__; g__; s__	1.0
5b57bb5c43eee283253ea68633d53ea1	k__Bacteria; p__Firmicutes; c__Clostridia; o__Clostridiales; f__Peptostreptococcaceae; g__; s__	1.0
b2b2aecd3e02d0eac59e05db5b6c6354	k__Bacteria; p__Proteobacteria	0.7
771a7027048d884c9e231e10e6452c86	k__Bacteria; p__Proteobacteria; c__Alphaproteobacteria; o__Rhizobiales; f__Hyphomicrobiaceae; g__Hyphomicrobium; s__	0.6
9c57f583b4f04f03662d7277eac64104	k__Bacteria; p__Proteobacteria; c__Betaproteobacteria; o__Rhodocyclales; f__Rhodocyclaceae; g__Dechloromonas; s__	0.7
f713449bf852c75159e09d52420feea1	k__Bacteria; p__Actinobacteria; c__Thermoleophilia; o__Gaiellales; f__; g__; s__	1.0
0d3bf19d4c56d922ddef4ec0f389a634	k__Bacteria; p__Bacteroidetes; c__Sphingobacteriia; o__Sphingobacteriales; f__; g__; s__	1.0
56e66e70d07357baf411136914a84167	k__Bacteria; p__Proteobacteria; c__Deltaproteobacteria; o__Spirobacillales; f__; g__; s__	1.0
d21047ef5320578fcd974b511114c220	k__Bacteria; p__Proteobacteria; c__Gammaproteobacteria; o__Xanthomonadales; f__Xanthomonadaceae; g__; s__	1.0
81c6d1da644b125b766f2dc42037eb9f	k__Bacteria; p__Cyanobacteria	0.8
634d500eb0bbc3d4424eb8edceb5c121	k__Bacteria; p__Bacteroidetes; c__Flavobacteriia; o__Flavobacteriales; f__Cryomorphaceae; g__Fluviicola; s__	1.0
4eb95a0663b4d48189726ec9f5abc0fe	k__Bacteria; p__Actinobacteria; c__Acidimicrobiia; o__Acidimicrobiales; f__C111; g__; s__	1.0
4dcaae070349d59a9ebd919c90803d07	k__Bacteria; p__Proteobacteria; c__Alphaproteobacteria; o__Caulobacterales; f__Caulobacteraceae; g__; s__	1.0
81672fc7a59165c8c217024a0784ea40	k__Bacteria; p__Cyanobacteria; c__Chloroplast; o__Stramenopiles; f__; g__; s__	1.0
5428a81bdaf214b720081a54d64ec739	k__Bacteria; p__Proteobacteria; c__Betaproteobacteria	1.0
bb4363bc9336277da54f99eb3c8b245f	k__Bacteria; p__Actinobacteria; c__Actinobacteria; o__Actinomycetales; f__; g__; s__	0.9
6680901660bd16402ddfc0c0e1b81c5b	k__Bacteria; p__Chlamydiae; c__Chlamydiia; o__Chlamydiales; f__Parachlamydiaceae	1.0
a75896c70cbce52a3fcacc44f76000b9	k__Bacteria; p__Chlorobi; c__OPB56; o__; f__; g__; s__	1.0
16ea5900fb576f0e6df499fee09e5056	k__Bacteria; p__OD1; c__ZB2; o__; f__; g__; s__	1.0
4326c65cdccf8d7419e9f6f90c30e00c	k__Bacteria; p__OP3; c__BD4-9; o__; f__; g__; s__	1.0
f014ccef6f489d1d463d61a93ab5f177	k__Bacteria; p__Proteobacteria; c__Betaproteobacteria	1.0
ccbf47594d42d0257da2cfd349ffe0dd	k__Bacteria	1.0
fc6ee68430f037eb039b34034feac09f	k__Bacteria; p__TM6; c__SBRH58; o__; f__; g__; s__	1.0
33d579eb1e2789ff38f241f6eb594adf	k__Bacteria; p__Proteobacteria; c__Alphaproteobacteria; o__Rhodospirillales; f__Acetobacteraceae; g__; s__	1.0
ab4dfe11138c4f4ac3b4eb76053e32e2	k__Bacteria; p__Cyanobacteria; c__Chloroplast; o__Stramenopiles; f__; g__; s__	1.0
e818d371b5afef6385bdeca23ffcdd55	k__Bacteria; p__Proteobacteria; c__Gammaproteobacteria	0.6
897c9656a6bf7b223eaf967018e0739e	k__Bacteria; p__Firmicutes; c__Clostridia; o__Clostridiales; f__Eubacteriaceae; g__Acetobacterium; s__	1.0
c02d8153afc2c3062bf3b1f37264deeb	k__Bacteria; p__Cyanobacteria; c__; o__; f__; g__; s__	0.6
296c67a68e6b9dc1b0889375ba64ec88	k__Bacteria; p__Proteobacteria; c__Alphaproteobacteria; o__BD7-3; f__; g__; s__	1.0
dd1e180fe651ceb60b187b039920627a	k__Bacteria; p__Acidobacteria; c__Solibacteres; o__Solibacterales; f__; g__; s__	1.0
85bfb5e28d9a8fa9cfcceada89467e27	k__Bacteria; p__Firmicutes; c__Clostridia; o__Clostridiales; f__Lachnospiraceae	0.6
6965897982caf4a28cf9a8daa178bb83	k__Bacteria; p__Proteobacteria; c__Betaproteobacteria; o__Burkholderiales; f__; g__; s__	0.7
7d15111328efca30c95f60107aecf58b	k__Bacteria; p__Proteobacteria; c__Deltaproteobacteria; o__[Entotheonellales]; f__; g__; s__	1.0
560e157fbd15eb89af27dad326ebf9fc	k__Bacteria; p__Acidobacteria; c__Holophagae; o__Holophagales; f__Holophagaceae; g__; s__	0.9
23e652ecc3ed5184293035bb8eac79f1	k__Bacteria; p__Proteobacteria; c__TA18; o__PHOS-HD29; f__; g__; s__	1.0
cd0d895974b5727209f892246e44f9d8	k__Bacteria; p__Proteobacteria; c__Alphaproteobacteria; o__Rickettsiales; f__; g__; s__	0.8
9deb0128e7b191359942e955b3cc1f7f	k__Bacteria; p__Firmicutes; c__Clostridia; o__Clostridiales; f__[Acidaminobacteraceae]; g__Fusibacter; s__	0.9
1895ef34d80e5613a133f61a8ec77f3a	k__Bacteria; p__Proteobacteria; c__Epsilonproteobacteria; o__Campylobacterales; f__Helicobacteraceae; g__Sulfuricurvum; s__kujiense	1.0
9c1fe3407e2bdbc7bb17ef57a4093333	k__Bacteria; p__Proteobacteria; c__Deltaproteobacteria; o__Syntrophobacterales; f__Syntrophobacteraceae; g__; s__	0.9
34ef585738f95f399231fec1e34becbe	k__Bacteria; p__Actinobacteria; c__Coriobacteriia; o__Coriobacteriales; f__Coriobacteriaceae; g__; s__	1.0
59e9b92a171f3b85058a7f5c45b4f3c9	k__Bacteria; p__Proteobacteria; c__Betaproteobacteria; o__Neisseriales; f__Neisseriaceae; g__Aquitalea	0.6
2776863341eb0acf4ce3829fabdf2f1d	k__Bacteria; p__Proteobacteria; c__Gammaproteobacteria	0.7
0dcbd19b57b207b0dc2589815c7813c6	k__Bacteria; p__Bacteroidetes; c__[Saprospirae]; o__[Saprospirales]; f__Chitinophagaceae; g__Sediminibacterium; s__	1.0
7775c9c49e468e944bd371d197c88a7b	k__Bacteria; p__Proteobacteria; c__Gammaproteobacteria; o__Methylococcales; f__Methylococcaceae; g__Methylocaldum; s__	0.7
d17518ff2b8a8bcbbae0f5d2d7d66799	k__Bacteria; p__Armatimonadetes; c__[Fimbriimonadia]; o__[Fimbriimonadales]; f__[Fimbriimonadaceae]	1.0
532343d99914f76c6a2ee4f3d5ceb320	k__Bacteria; p__Proteobacteria; c__Gammaproteobacteria; o__Legionellales; f__Legionellaceae; g__; s__	1.0
4c73e5e5a6f4118d67a79418b579a956	k__Bacteria; p__Bacteroidetes; c__Sphingobacteriia; o__Sphingobacteriales; f__; g__; s__	1.0
687845e9cb076c06f66717628babb4b9	k__Bacteria; p__Actinobacteria; c__Actinobacteria; o__Actinomycetales; f__Microbacteriaceae; g__Candidatus Aquiluna; s__rubra	0.8
c559a9d7cab1cf9c04d8e475efd0cf07	k__Bacteria; p__Firmicutes; c__Clostridia; o__Clostridiales; f__Clostridiaceae; g__Clostridium; s__	1.0
920f551c8e9e2a072c72d92393ce0f1a	k__Bacteria; p__Proteobacteria; c__Alphaproteobacteria; o__Rhodospirillales; f__; g__; s__	1.0
6c1314b6d914c9e50ad89751b78473cf	k__Bacteria; p__Bacteroidetes; c__[Saprospirae]; o__[Saprospirales]; f__Saprospiraceae; g__; s__	0.9
c3ab89862496701f1a69d89e8bb7cd9d	k__Bacteria; p__Acidobacteria; c__Acidobacteria-6; o__iii1-15; f__; g__; s__	0.9
9897e4be7b93bb65d1d67d725ed53f57	k__Bacteria; p__Proteobacteria	0.6
1001f370f5ad5896fadfd302f00059b1	k__Bacteria; p__Cyanobacteria; c__Chloroplast; o__Stramenopiles; f__; g__; s__	1.0
ec3369f2ee7744446496a946bc8d421a	k__Bacteria; p__Proteobacteria; c__Gammaproteobacteria; o__Xanthomonadales; f__Xanthomonadaceae; g__; s__	1.0
e294d639e85462a0bf49b00887f746ba	k__Bacteria; p__Actinobacteria; c__Actinobacteria; o__Actinomycetales; f__; g__; s__	0.9
a96d16256d7ec41c58407898882b587b	k__Bacteria; p__Planctomycetes; c__Planctomycetia; o__Gemmatales; f__Gemmataceae; g__Gemmata; s__	0.7
4614dfc180bdb702cd757ec184837640	k__Bacteria; p__Lentisphaerae; c__[Lentisphaeria]; o__Lentisphaerales; f__Lentisphaeraceae	0.6
9c69a296370da7be4e907b284f38f0b3	k__Bacteria; p__Bacteroidetes; c__[Saprospirae]; o__[Saprospirales]; f__Chitinophagaceae; g__; s__	0.9
81100b4d405ce59bd6b1a85bc76b0a69	k__Bacteria; p__Proteobacteria; c__Deltaproteobacteria; o__Spirobacillales; f__; g__; s__	1.0
ebf8cff00e69d16d7e92e38ae7d400c0	k__Bacteria; p__Proteobacteria; c__Alphaproteobacteria; o__Caulobacterales; f__Caulobacteraceae; g__Caulobacter	0.6
4fe9838d333642d3756f52ea108a52a9	k__Bacteria; p__Proteobacteria; c__Betaproteobacteria; o__Burkholderiales; f__Burkholderiaceae; g__; s__	0.7
74edea5058c9ac75cb1f3bd953d8566c	k__Bacteria; p__Proteobacteria; c__Deltaproteobacteria; o__PB19; f__; g__; s__	1.0
3ed5dd726c46e6a098e7a3a9936200ef	k__Bacteria; p__Bacteroidetes; c__Sphingobacteriia; o__Sphingobacteriales; f__Sphingobacteriaceae; g__; s__	1.0
633d126b31bc048aca9f8b66850c04e5	k__Bacteria; p__Actinobacteria; c__Actinobacteria; o__Actinomycetales; f__ACK-M1; g__; s__	0.9
52bb12300e3be495a5ac8dd28c5155cb	k__Bacteria; p__Proteobacteria; c__Betaproteobacteria; o__Burkholderiales; f__Comamonadaceae	1.0
a4dcf1008b5c3b7388c0b64716848d6b	k__Bacteria; p__Proteobacteria; c__Alphaproteobacteria; o__Rickettsiales; f__mitochondria	1.0
06d3e13d92e39fbc6d09bb6cd7ef7098	k__Bacteria; p__Bacteroidetes; c__[Saprospirae]; o__[Saprospirales]; f__Chitinophagaceae; g__; s__	1.0
14eab4b0c7b5806feda9bc7b2f02f2aa	k__Bacteria	1.0
4cfbf105229ae2c31f27abfa4bbe1dd4	Unassigned	0.0
ac46dff0a36c03de0882f6671978c441	k__Bacteria; p__Proteobacteria; c__Gammaproteobacteria; o__Chromatiales; f__Chromatiaceae; g__; s__	1.0
68f38c5543b783e0c8630dc9fc7739df	k__Bacteria; p__Bacteroidetes; c__Sphingobacteriia; o__Sphingobacteriales; f__; g__; s__	1.0
4590a068cdba41353f6bf4836a021f19	k__Bacteria; p__Chlamydiae; c__Chlamydiia; o__Chlamydiales; f__Rhabdochlamydiaceae; g__Candidatus Rhabdochlamydia; s__	0.6
40dea2ce87ee9e8bbd615b8eda74dcd3	k__Bacteria; p__Cyanobacteria; c__Synechococcophycideae; o__Synechococcales; f__Synechococcaceae; g__Synechococcus; s__	1.0
6f36fa6609cae4d2fe1f4bba0d0d8cb3	Unassigned	0.0
0b2a6318ed1b932e9a2cf0232a9706c5	k__Bacteria; p__Proteobacteria; c__Deltaproteobacteria; o__BPC076; f__; g__; s__	1.0
b23f782cbd5c8f2a3ef5390f8a474506	Unassigned	0.0
7cbba0b85b43bbbcc02539c19d224031	k__Bacteria; p__Proteobacteria; c__Alphaproteobacteria; o__Rhodospirillales; f__Rhodospirillaceae; g__; s__	1.0
f2ab1db75dd37f2895d5c6b1803771a6	k__Bacteria	1.0
44557a6d34f94f669b31f708adec70be	k__Bacteria; p__Proteobacteria; c__Alphaproteobacteria; o__Rhodobacterales; f__Hyphomonadaceae; g__; s__	1.0
bd06d205a5c63112d6ed71cf04f49fe7	k__Bacteria; p__Bacteroidetes; c__[Saprospirae]; o__[Saprospirales]; f__Saprospiraceae; g__; s__	1.0
fa69646c79b7cc3c8c07cbdb765c48f1	k__Bacteria	1.0
7c9e52c7b7a95049526d5476ae59d851	k__Bacteria; p__Proteobacteria; c__Gammaproteobacteria; o__Aeromonadales; f__Aeromonadaceae; g__; s__	0.8
59f38a5550d02cb5b45df6e5cc0ff303	k__Bacteria; p__Proteobacteria; c__TA18; o__PHOS-HD29; f__; g__; s__	1.0
1e9879ec466431ea172dcf53214dc238	k__Bacteria; p__Cyanobacteria; c__4C0d-2; o__SM1D11; f__; g__; s__	0.6
5ed9a59c00e8d1837ebbeea642a99524	k__Bacteria; p__Proteobacteria; c__Alphaproteobacteria; o__Rhodospirillales; f__Acetobacteraceae; g__; s__	0.9
4c3374351c4145ba90d7895561da3c29	k__Bacteria; p__Planctomycetes; c__Planctomycetia; o__Pirellulales; f__Pirellulaceae; g__; s__	1.0
6f543073086a17c8cd48ef7607426d65	k__Bacteria; p__Fusobacteria; c__Fusobacteriia; o__Fusobacteriales; f__; g__; s__	0.6
94096c962fc97e705e263ff706cac2cf	k__Bacteria; p__Proteobacteria; c__Betaproteobacteria; o__Burkholderiales; f__Oxalobacteraceae; g__Ralstonia; s__	1.0
394ed958a3d0b29c844111c3a870735a	k__Bacteria; p__Bacteroidetes; c__Sphingobacteriia; o__Sphingobacteriales; f__; g__; s__	0.9
f799d0bb3284cdf2b261e7b74a9601c1	k__Bacteria; p__Planctomycetes; c__Planctomycetia; o__Pirellulales; f__Pirellulaceae; g__; s__	1.0
6687a6ed7778659c9f074238bad4d10e	k__Bacteria; p__Proteobacteria; c__Deltaproteobacteria; o__Myxococcales; f__Nannocystaceae; g__Plesiocystis; s__	1.0
0d09d3a059f5bfc1ac9d13fe615484a6	k__Bacteria; p__Planctomycetes; c__Planctomycetia; o__Pirellulales; f__Pirellulaceae; g__; s__	1.0
26dfbe77a5359b52c46c529f809a45cd	k__Bacteria; p__Proteobacteria; c__Gammaproteobacteria; o__Alteromonadales; f__OM60; g__; s__	0.8
a0c62e29735f8f44555a16933898821f	k__Bacteria; p__Proteobacteria; c__Deltaproteobacteria; o__Spirobacillales; f__; g__; s__	1.0
0b3247e02f987eaaa897f6ac50e932aa	k__Bacteria; p__Proteobacteria; c__Betaproteobacteria; o__Burkholderiales; f__Comamonadaceae	0.9
99c2c7611598d818a6dd0cb3f306d787	k__Bacteria; p__Bacteroidetes; c__Bacteroidia; o__Bacteroidales; f__; g__; s__	0.7
82366e57c70be732c5880eb33bc072b6	k__Bacteria; p__OD1; c__ZB2; o__; f__; g__; s__	0.8
fff25b83ea4ca0598ff3ea9301180c6c	k__Bacteria; p__Chloroflexi; c__Anaerolineae; o__WCHB1-50; f__; g__; s__	1.0
ff8a54df7fea6b04ef432235cf84490d	k__Bacteria	1.0
893471e4d56ace92d7b1f461db438870	k__Bacteria; p__Proteobacteria; c__; o__; f__; g__; s__	1.0
ee5ed70933896155d610ac4a108ae07c	k__Bacteria; p__Verrucomicrobia; c__[Pedosphaerae]; o__[Pedosphaerales]; f__Ellin515; g__; s__	0.6
bccc3745c43162d571b990bf3df6cfee	k__Bacteria; p__Chlamydiae; c__Chlamydiia; o__Chlamydiales; f__; g__; s__	0.6
6a3359cffaff83ea5cafaac97b51539e	k__Bacteria; p__Bacteroidetes; c__Flavobacteriia; o__Flavobacteriales; f__Cryomorphaceae; g__Fluviicola; s__	1.0
9af318b112e9d6c737681031eabcf8b0	k__Bacteria; p__Proteobacteria; c__Deltaproteobacteria; o__Desulfarculales; f__Desulfarculaceae; g__; s__	1.0
44df0167e25676b2be83f7d2f3849249	k__Bacteria; p__Actinobacteria; c__Acidimicrobiia; o__Acidimicrobiales; f__; g__; s__	1.0
8596c96f518be725c578bb5b1603909d	k__Bacteria; p__Proteobacteria; c__Deltaproteobacteria; o__Bdellovibrionales; f__Bdellovibrionaceae; g__Bdellovibrio; s__	1.0
19cf1da3f192a136632f31ed00e84af7	k__Bacteria; p__Proteobacteria; c__Alphaproteobacteria; o__Rhodobacterales; f__Hyphomonadaceae; g__; s__	0.9
727b6ff60169ea75f7aeaaa695912379	k__Bacteria; p__Proteobacteria; c__Betaproteobacteria; o__Methylophilales; f__Methylophilaceae; g__; s__	0.9
a020f6660a92e94693aed737349faf9b	k__Bacteria; p__Bacteroidetes; c__Cytophagia; o__Cytophagales; f__Cytophagaceae; g__Emticicia; s__	0.7
76a2e5096efcba843a62bd9c59e61950	k__Bacteria; p__Proteobacteria; c__Alphaproteobacteria	1.0
e003ef6bedeb4a61d0f0642426dd7650	k__Bacteria; p__Proteobacteria; c__Alphaproteobacteria; o__Sphingomonadales; f__Sphingomonadaceae; g__Novosphingobium	0.6
98388c06983481897b424e10f6603f3d	k__Bacteria; p__Tenericutes; c__Mollicutes; o__; f__; g__; s__	0.6
91b3ae92a66c656a897c72e3a380e6ec	k__Bacteria; p__BRC1; c__PRR-11; o__; f__; g__; s__	1.0
64e75fa539369af932de082e6e10da4d	k__Bacteria; p__Proteobacteria; c__Alphaproteobacteria; o__Rickettsiales; f__; g__; s__	0.6
cd9fa5b186cca05cb1586152fcdc6a93	k__Bacteria; p__Cyanobacteria; c__Chloroplast; o__Streptophyta; f__; g__; s__	1.0
0d504fe0bd21dd75fb9c64454083251e	k__Bacteria; p__Proteobacteria; c__TA18; o__PHOS-HD29; f__; g__; s__	1.0
3b335e95354f8169d3b799e9f8bb13a9	k__Bacteria; p__Cyanobacteria; c__4C0d-2; o__YS2; f__; g__; s__	1.0
405f42396168681055b972fe7ef831f9	k__Bacteria; p__Proteobacteria; c__Alphaproteobacteria; o__; f__; g__; s__	1.0
ea75857060943b47153588e0d5d0574b	k__Bacteria; p__Fibrobacteres; c__Fibrobacteria; o__258ds10; f__; g__; s__	1.0
a62df9220f237357d069cc10de6bb0d3	k__Bacteria; p__Proteobacteria; c__Alphaproteobacteria	0.9
09b7b6893adbf2d54d9c363f9a75fdda	k__Bacteria; p__Firmicutes; c__Clostridia; o__Clostridiales; f__; g__; s__	1.0
d630915f4c0cb3cf3ad78603419619b7	k__Bacteria; p__Bacteroidetes; c__Sphingobacteriia; o__Sphingobacteriales	0.6
82baba33d57a83ac2144fe1969e98d59	k__Bacteria; p__Proteobacteria; c__Alphaproteobacteria; o__Rickettsiales; f__; g__; s__	0.8
a35f53bb386432c64f656243edc45f9a	k__Bacteria; p__Actinobacteria; c__Actinobacteria; o__Actinomycetales; f__Microbacteriaceae; g__Curtobacterium; s__	0.9
e731c4b60e7184d8a5dbcdd5df8c29ee	k__Bacteria; p__Proteobacteria; c__Deltaproteobacteria; o__Bdellovibrionales; f__Bacteriovoracaceae; g__Bacteriovorax; s__	1.0
129885cae8f30c5be9aa670419985657	k__Bacteria; p__Actinobacteria; c__Acidimicrobiia; o__Acidimicrobiales; f__C111; g__; s__	1.0
776c9ecaaf978cb554ed05f625392de2	k__Bacteria; p__Proteobacteria; c__Gammaproteobacteria; o__Alteromonadales; f__[Chromatiaceae]; g__Rheinheimera; s__	0.9
3fd0d2c663797745d39abc23e52d4965	k__Bacteria; p__Proteobacteria; c__Deltaproteobacteria; o__Myxococcales; f__OM27; g__; s__	1.0
bdf3d9b0d473990e9d9a456d3c4de496	k__Bacteria; p__Proteobacteria; c__Deltaproteobacteria; o__Bdellovibrionales; f__Bacteriovoracaceae; g__; s__	0.9
dc0f10f418e9137c8dad9ac80592c3dd	k__Bacteria; p__Proteobacteria; c__Alphaproteobacteria; o__Rhizobiales; f__; g__; s__	1.0
821c1a381a869bbc067cdc780bb2bee4	k__Bacteria; p__Proteobacteria; c__Betaproteobacteria; o__Rhodocyclales; f__Rhodocyclaceae	0.8
13996ad0b2c75d8727f20b567db9bf4a	k__Bacteria; p__Bacteroidetes; c__Cytophagia; o__Cytophagales; f__Cytophagaceae; g__; s__	1.0
535e042d2cf411a5a91964d011515994	k__Bacteria; p__Bacteroidetes; c__[Saprospirae]; o__[Saprospirales]	0.7
036bfa7a6bc2b6bf1de93eb1266cfdf5	k__Bacteria; p__Proteobacteria; c__Deltaproteobacteria; o__Myxococcales; f__Nannocystaceae; g__Plesiocystis; s__	1.0
338b8940a9b9de013b6c0fb2946db4de	k__Bacteria; p__Proteobacteria; c__Deltaproteobacteria	0.8
3bf60ebdad75bb134a8d485dd63b45dd	k__Bacteria	1.0
22e7d8ee22b86cc11980c1d3933db266	k__Bacteria; p__Bacteroidetes; c__Cytophagia; o__Cytophagales; f__Flammeovirgaceae; g__; s__	0.6
f24289c0ba4a9a3074ca2f60fa6d68ed	k__Bacteria; p__OD1; c__ZB2; o__; f__; g__; s__	1.0
3fe9419d6cf2717575801d9df496c2bd	k__Bacteria; p__Proteobacteria; c__Betaproteobacteria; o__Burkholderiales	0.9
4b4d8d9aa6d0c5ba29428346cb8daca4	k__Bacteria; p__Proteobacteria; c__Alphaproteobacteria	0.9
65d00b0f20de65a49a0c340f1b2b97ed	k__Bacteria; p__Planctomycetes; c__Planctomycetia; o__Pirellulales; f__Pirellulaceae; g__Pirellula; s__	1.0
8b910f911327a02e1b60f8a3307ded69	k__Bacteria; p__Cyanobacteria; c__Chloroplast; o__Streptophyta; f__; g__; s__	1.0
59b99d2f0449ae856d8c6cba85f82725	k__Bacteria; p__Actinobacteria; c__Actinobacteria; o__Actinomycetales; f__Micrococcaceae; g__; s__	0.6
76dc57d63f5b2ab6aa322a31d6bfb8c3	k__Bacteria; p__Chlamydiae; c__Chlamydiia; o__Chlamydiales; f__Rhabdochlamydiaceae; g__Candidatus Rhabdochlamydia; s__	0.7
3763c1369cf827dc9901e3094358c91c	k__Bacteria; p__Proteobacteria; c__Gammaproteobacteria; o__Alteromonadales; f__Alteromonadaceae; g__Cellvibrio; s__	1.0
54215b0f33f5a88abee0502adae662aa	k__Bacteria; p__Planctomycetes; c__vadinHA49; o__DH61; f__; g__; s__	1.0
0df6334a9940160c2e4d4f1bf129e1a1	k__Bacteria; p__Gemmatimonadetes; c__Gemmatimonadetes; o__KD8-87; f__; g__; s__	1.0
cb3998dea15e500075f34df6872f55aa	k__Bacteria; p__Proteobacteria; c__Alphaproteobacteria; o__Rhizobiales; f__Rhizobiaceae; g__Agrobacterium; s__	1.0
4d47845ca6574eeb59d91fe859d87b8f	k__Bacteria; p__Acidobacteria; c__Holophagae; o__Holophagales; f__Holophagaceae; g__; s__	0.9
eff461e9cb125fecd1bf7004881367a5	k__Bacteria; p__Cyanobacteria; c__Chloroplast; o__Stramenopiles; f__; g__; s__	1.0
87fc54bfca7f03baca7a8e351f80270f	k__Bacteria	1.0
169dd84f76c728eb171b8da81a43e43e	k__Bacteria; p__Verrucomicrobia; c__[Spartobacteria]; o__[Chthoniobacterales]; f__[Chthoniobacteraceae]; g__DA101; s__	1.0
d06230031a6ccb20a6080e295e9ca182	Unassigned	0.0
42c46b373b8db46627dadd13cccb9303	k__Bacteria; p__Proteobacteria; c__Gammaproteobacteria; o__Alteromonadales; f__125ds10; g__; s__	1.0
22cf2eb5ccf717a9c7d8aeafab3e1a23	k__Bacteria; p__Firmicutes; c__Clostridia; o__Clostridiales; f__Ruminococcaceae	0.6
ca434f5afdc9daceb8ee95faa9761424	k__Bacteria; p__Proteobacteria; c__Betaproteobacteria; o__Burkholderiales; f__Oxalobacteraceae; g__; s__	0.7
f106ad81253abcdeb67cf6a393ccbfd2	k__Bacteria; p__Proteobacteria; c__Betaproteobacteria; o__Burkholderiales; f__Comamonadaceae; g__Rhodoferax; s__	0.6
b0adce786bc5527491ca091a09a9a58d	k__Bacteria; p__Bacteroidetes; c__[Saprospirae]; o__[Saprospirales]; f__; g__; s__	0.8
1875e2de22130e9ffc703086bea751c3	k__Bacteria; p__Proteobacteria; c__Alphaproteobacteria; o__Rhizobiales	1.0
ca160570553027cca3a5cd4fc345f708	k__Bacteria; p__SR1; c__; o__; f__; g__; s__	1.0
14ffe96b678f8514163b42c5ee4aebbd	k__Bacteria; p__Proteobacteria; c__Betaproteobacteria; o__; f__; g__; s__	0.9
66e575736ef11b39dc70709c27d36992	Unassigned	0.0
264bdacefc4f1375219231c9e6fbfc9d	k__Bacteria; p__Proteobacteria; c__Deltaproteobacteria; o__Syntrophobacterales; f__Syntrophaceae; g__Desulfobacca; s__	1.0
9f0415d7418352cdb97ab1f34a4a1b7d	k__Bacteria; p__Cyanobacteria; c__Chloroplast; o__Stramenopiles; f__; g__; s__	1.0
fca31f7b28832669a30149a144ec7b82	k__Bacteria; p__Proteobacteria; c__Betaproteobacteria; o__Burkholderiales; f__Comamonadaceae; g__; s__	0.8
f9f01cf9c390d7218fbed4af3daf550f	k__Bacteria; p__Bacteroidetes; c__Flavobacteriia; o__Flavobacteriales; f__Cryomorphaceae; g__; s__	1.0
fac70d6d0f1141c60a467845fbfdbc32	k__Bacteria; p__Verrucomicrobia; c__[Pedosphaerae]; o__[Pedosphaerales]; f__; g__; s__	0.6
86a865eb203a27e88dc7fb0f786cb5cc	k__Bacteria; p__Proteobacteria; c__Deltaproteobacteria; o__NKB15; f__; g__; s__	1.0
3a6248fa464b134a89ac49da0bb297e9	k__Bacteria; p__Proteobacteria; c__TA18; o__PHOS-HD29; f__; g__; s__	1.0
8ca293698e1b49b25310b334c36db35e	k__Bacteria; p__Proteobacteria; c__Deltaproteobacteria; o__Syntrophobacterales; f__Syntrophobacteraceae; g__; s__	1.0
035e02f0f1885401ee91c96bc63da7cc	k__Bacteria; p__Proteobacteria; c__Betaproteobacteria; o__Burkholderiales; f__Oxalobacteraceae; g__Janthinobacterium; s__	0.7
0e28f55f09bfad14f0acef717038af09	k__Bacteria; p__TM6	1.0
c3b4aaa4ea31d618f999a8d3c14ac90c	k__Bacteria; p__Proteobacteria; c__Betaproteobacteria; o__Burkholderiales; f__Comamonadaceae	0.9
ec6af0c800fa1de5a494445e49a1534c	k__Bacteria	1.0
7638f833f18294e271ad9714cfeecba2	k__Bacteria; p__Proteobacteria; c__Deltaproteobacteria; o__; f__; g__; s__	0.7
5f8e4971181bed7be149aa9a9923c963	k__Bacteria; p__Cyanobacteria; c__Chloroplast; o__Streptophyta; f__; g__; s__	1.0
6aa8589b1361152676143db3f29ab3aa	k__Bacteria; p__Proteobacteria; c__Deltaproteobacteria; o__Myxococcales; f__; g__; s__	1.0
3dc34bc657bb4860f7a6e35f75d5e6a6	k__Bacteria; p__Proteobacteria; c__Gammaproteobacteria; o__Thiotrichales; f__Piscirickettsiaceae; g__; s__	0.6
0d2815e372787bbaa8c2d4fc94aee891	k__Bacteria; p__Cyanobacteria; c__Chloroplast; o__Stramenopiles; f__; g__; s__	1.0
1e0152abad3427dfbc0b7685a9ce173b	k__Bacteria; p__Proteobacteria; c__Alphaproteobacteria; o__Rhizobiales; f__Rhizobiaceae; g__; s__	0.6
208cac155415a1de7078b3b504b79870	k__Bacteria; p__Cyanobacteria; c__Synechococcophycideae; o__Synechococcales; f__Synechococcaceae; g__Synechococcus; s__	1.0
a3483e9b56bd8af275c7ac6d9ec7a95b	k__Bacteria; p__OD1; c__ABY1; o__; f__; g__; s__	0.9
cca2f064fa7f905116453dcc382d95cb	k__Bacteria; p__Verrucomicrobia; c__[Spartobacteria]; o__[Chthoniobacterales]; f__[Chthoniobacteraceae]; g__; s__	1.0
c208c8314c281a7fefe287591b4bfc1c	k__Bacteria; p__Bacteroidetes; c__Flavobacteriia; o__Flavobacteriales; f__Cryomorphaceae; g__; s__	1.0
4de723055f71c235112282f5505a956c	k__Bacteria; p__Proteobacteria; c__Gammaproteobacteria; o__Legionellales; f__Legionellaceae; g__; s__	0.9
e1e55d18f9385ec2af382c381feff6f4	k__Bacteria; p__Bacteroidetes; c__Cytophagia; o__Cytophagales; f__Cytophagaceae; g__Rhodocytophaga; s__	0.6
1fdc3ec5c24e052f9a53fa170a6859eb	k__Bacteria	1.0
7016334ab32e9ba8a94277d268e0485e	k__Bacteria; p__Cyanobacteria; c__Chloroplast; o__Stramenopiles; f__; g__; s__	1.0
fec7780f4a5ef93e3d40188f05b8e4d7	k__Bacteria; p__Bacteroidetes; c__[Saprospirae]; o__[Saprospirales]; f__Saprospiraceae; g__; s__	1.0
8cc5c7d8512e2676b9b35de46f25d900	k__Bacteria; p__Bacteroidetes; c__Sphingobacteriia; o__Sphingobacteriales; f__; g__; s__	0.7
724beb5b7fc4fb9ac119c587386df14f	k__Bacteria; p__Proteobacteria; c__Gammaproteobacteria; o__Xanthomonadales; f__Sinobacteraceae; g__; s__	1.0
81ecc81e78e8fcc2b1763930812da88b	k__Bacteria; p__Actinobacteria; c__Actinobacteria; o__Actinomycetales; f__Microbacteriaceae; g__Candidatus Rhodoluna; s__	0.6
157f93f3f3cc289b580493ae5ab19a68	k__Bacteria; p__Proteobacteria; c__Deltaproteobacteria; o__MIZ46; f__; g__; s__	1.0
5b86dcddae0714e2771ba57df8c0d6cc	k__Bacteria; p__Planctomycetes; c__vadinHA49; o__DH61; f__; g__; s__	1.0
dcc543f0d616ad2006a26843ff3507cd	k__Bacteria; p__Proteobacteria; c__Gammaproteobacteria; o__Legionellales; f__; g__; s__	1.0
921be729830b4287e143c84631a9809e	k__Bacteria; p__Proteobacteria; c__Betaproteobacteria; o__Methylophilales; f__Methylophilaceae	0.7
9f871e0f18feb6f9924be0675f56dfbb	k__Bacteria; p__Cyanobacteria	1.0
e4cd36a80dc0ca45eb21e1ea9fddda68	k__Bacteria; p__Acidobacteria; c__[Chloracidobacteria]	0.6
f0cdb1d36ed190a579f4bd662a24c494	k__Bacteria; p__Chlorobi; c__OPB56; o__; f__; g__; s__	1.0
5924113e7258ffd7ce29cdabad825cd0	k__Bacteria; p__Bacteroidetes; c__Flavobacteriia; o__Flavobacteriales; f__Cryomorphaceae; g__Fluviicola; s__	1.0
c7b4f261f320de726e09141d76ab5094	k__Bacteria; p__Proteobacteria; c__Epsilonproteobacteria; o__Campylobacterales; f__Campylobacteraceae; g__Arcobacter	0.9
0abc3ff6febd9708410ec36a0e7a7353	k__Bacteria; p__WPS-2; c__; o__; f__; g__; s__	1.0
8a7e02a7a3f360fbc98a171ded357bb8	k__Bacteria; p__Proteobacteria; c__TA18; o__PHOS-HD29; f__; g__; s__	1.0
aaf1d06d23b8412e4f69a749cd8b3bff	Unassigned	0.0
9628fa5443c0cd05b203c995a9a4b849	k__Bacteria; p__Bacteroidetes; c__Cytophagia; o__Cytophagales; f__Cytophagaceae	0.6
8dff5bc28bc437d6096c5b526212b1c6	k__Bacteria; p__Actinobacteria; c__Acidimicrobiia; o__Acidimicrobiales; f__C111; g__; s__	1.0
f4a6b69363b654d1239e2340957c3de5	k__Bacteria; p__Proteobacteria; c__Alphaproteobacteria	1.0
7e037e49d352c78e028c64fac3ceb5c1	k__Bacteria; p__Bacteroidetes; c__Bacteroidia; o__Bacteroidales; f__Marinilabiaceae; g__; s__	0.7
f6c6a7b0f2e242270e41b552bdb9bdde	k__Bacteria; p__Proteobacteria; c__Alphaproteobacteria; o__Rhodospirillales; f__Rhodospirillaceae; g__Azospirillum; s__	1.0
89bd1417b2e28316f0ea0edfbb34d0c5	k__Bacteria; p__Proteobacteria; c__Alphaproteobacteria; o__Rickettsiales; f__mitochondria; g__; s__	1.0
37e3b2fc4e2d7e9b5e873300e422079d	k__Bacteria; p__Proteobacteria; c__Gammaproteobacteria; o__; f__; g__; s__	0.6
21aa70794f869ed5c4d2df8e8bb7a026	k__Bacteria; p__Spirochaetes; c__MVP-15; o__PL-11B10; f__; g__; s__	1.0
7c2084636df00ba1df6f82c64a2bb8f6	k__Bacteria; p__Proteobacteria; c__Alphaproteobacteria; o__Rhodobacterales; f__Rhodobacteraceae; g__; s__	1.0
68b813d48e4e3dcfcf11658bd26b003c	k__Bacteria; p__Proteobacteria; c__Gammaproteobacteria; o__Pseudomonadales; f__Pseudomonadaceae; g__Pseudomonas	0.6
3448b64af2d6e551656973b10f39f564	k__Bacteria; p__Bacteroidetes; c__Cytophagia; o__Cytophagales; f__Cytophagaceae	0.6
dcfd64b8dfb7fc9970be6b040e15a274	k__Bacteria; p__Verrucomicrobia; c__Opitutae; o__Opitutales; f__Opitutaceae; g__Opitutus; s__	0.8
4ca6ade5ad65439c9371f7ca0aad99f2	k__Bacteria; p__Bacteroidetes; c__Bacteroidia; o__Bacteroidales; f__SB-1; g__; s__	0.8
bc0ebe76bde62a8c9e9b1e08c6150ca6	k__Bacteria; p__Verrucomicrobia; c__Opitutae; o__Opitutales; f__Opitutaceae; g__; s__	0.8
3c7b2b66357d98c4934036c26e67985b	k__Bacteria; p__Firmicutes; c__Clostridia; o__Clostridiales; f__; g__; s__	1.0
94c01f61daa5249240f173050c5832d1	k__Bacteria; p__Armatimonadetes; c__[Fimbriimonadia]; o__[Fimbriimonadales]; f__[Fimbriimonadaceae]; g__; s__	0.8
6aa22c57f39090cd0f49dba781323322	k__Bacteria; p__Proteobacteria; c__Deltaproteobacteria; o__Desulfuromonadales; f__Geobacteraceae; g__Geobacter; s__	1.0
6b4d48847afeb89d705cfd33540230a7	k__Bacteria; p__Actinobacteria; c__Acidimicrobiia; o__Acidimicrobiales; f__; g__; s__	1.0
7e6fba96ae6b2d853d98eab096bce8da	k__Bacteria; p__GN02; c__BD1-5; o__; f__; g__; s__	1.0
a652499b03d2874366ad68b7d18509a7	k__Bacteria; p__Actinobacteria; c__Actinobacteria; o__Actinomycetales; f__Sporichthyaceae; g__; s__	0.6
166d78be8702fc71fc8b8f675843ae47	k__Bacteria; p__OD1; c__ZB2; o__; f__; g__; s__	1.0
fc6bb541d97dda998f99c90e8cf710e2	k__Bacteria; p__Proteobacteria; c__Alphaproteobacteria; o__Sphingomonadales; f__Erythrobacteraceae; g__; s__	0.6
0b7ac373bf456bb5607c95c78a12f389	k__Bacteria; p__Proteobacteria; c__Gammaproteobacteria; o__Enterobacteriales; f__Enterobacteriaceae	1.0
df337e087f798226d22eaea8aeb52059	k__Bacteria; p__Proteobacteria; c__Gammaproteobacteria; o__Pseudomonadales; f__Moraxellaceae; g__Acinetobacter; s__	1.0
9b7288a11be7c8922d2d85de96ce058d	k__Bacteria; p__Proteobacteria; c__Alphaproteobacteria; o__; f__; g__; s__	0.6
f5759575b82825c012770fe08c07d0c4	Unassigned	0.0
3343e7624f0e0dfe9e68fb0a6069aab5	k__Archaea; p__[Parvarchaeota]; c__[Parvarchaea]; o__WCHD3-30; f__; g__; s__	1.0
de74cb324566b1e16fdcd8290b6ef45e	k__Bacteria; p__Proteobacteria; c__Betaproteobacteria; o__Burkholderiales; f__Comamonadaceae; g__Leptothrix; s__	0.8
7cf69dae202b87dfa40460ae5a4032f2	k__Bacteria; p__Proteobacteria; c__Alphaproteobacteria; o__Rickettsiales; f__; g__; s__	1.0
6e4aeb8df9e13404f2bd72fb5c75820f	k__Bacteria; p__Actinobacteria; c__Acidimicrobiia; o__Acidimicrobiales; f__EB1017; g__; s__	1.0
baa5d995de2b0fa61fa576f2196ada35	k__Bacteria; p__Proteobacteria; c__Deltaproteobacteria; o__Myxococcales; f__OM27; g__; s__	0.8
4d654e439cdaae1ead3f2d831690d7a0	k__Bacteria; p__Bacteroidetes; c__[Saprospirae]; o__[Saprospirales]; f__Saprospiraceae; g__; s__	0.8
ddb3c37a57a39991217e24d52b41b96d	k__Bacteria; p__Proteobacteria; c__Betaproteobacteria; o__Burkholderiales; f__Comamonadaceae; g__Hydrogenophaga; s__	0.8
9bea09183815a7e99e160417cdef0167	k__Bacteria; p__Bacteroidetes; c__Sphingobacteriia; o__Sphingobacteriales; f__Sphingobacteriaceae; g__Pedobacter; s__	0.8
a9b018de8b9c6d92ebab9a8bc4b569ef	k__Bacteria; p__Chlorobi; c__OPB56; o__; f__; g__; s__	1.0
15a353da73f0dad4e2c8013514690232	k__Bacteria; p__Proteobacteria; c__Alphaproteobacteria; o__Sphingomonadales; f__Sphingomonadaceae; g__Blastomonas; s__	0.6
f7a6e5be3f104a0cbf658afb81d78dcf	k__Bacteria; p__Cyanobacteria; c__Synechococcophycideae; o__Synechococcales; f__Synechococcaceae; g__Synechococcus; s__	1.0
41f92f484ff3f726102fe1c2819d49de	k__Bacteria; p__Bacteroidetes; c__[Saprospirae]; o__[Saprospirales]; f__Chitinophagaceae; g__; s__	1.0
b5e4ee273a6ae00a848b49d537ec195f	k__Bacteria; p__Fibrobacteres; c__Fibrobacteria; o__Ucp1540; f__; g__; s__	0.6
fefe6b5fd76be0ffb5bee281033365f9	k__Bacteria	1.0
3703d9bb8fc162bbfa36ccaee3ef3b4f	k__Bacteria; p__Proteobacteria; c__Alphaproteobacteria; o__Rickettsiales; f__mitochondria; g__Phytophthora	0.6
b384b26604b99abc9ed9dc7ac2c73bbd	k__Bacteria; p__Bacteroidetes; c__Sphingobacteriia; o__Sphingobacteriales; f__; g__; s__	1.0
0df0e87d0115c4dbb18bffdcde07ac64	k__Bacteria; p__Actinobacteria; c__Thermoleophilia; o__Solirubrobacterales; f__; g__; s__	1.0
d0e66f2eae8056ee7629ac4ada28abff	Unassigned	0.0
ddb1e36e62c2f1d08fb4039f67dada26	k__Bacteria; p__Planctomycetes; c__Planctomycetia; o__Pirellulales; f__Pirellulaceae; g__; s__	1.0
a10393472bdb6c57011906c5fcad48b3	k__Bacteria; p__Cyanobacteria; c__Chloroplast; o__Streptophyta; f__; g__; s__	1.0
fe10e4e1d678223d43b8b339c3f4c8da	k__Bacteria; p__Firmicutes; c__Clostridia; o__Clostridiales; f__Lachnospiraceae; g__Epulopiscium; s__	1.0
4b73b9e457404a80c2d271b5cf0fd8a6	k__Bacteria; p__Proteobacteria; c__Alphaproteobacteria; o__Rickettsiales; f__; g__; s__	1.0
9a7d1b58e5f575bbeb0f387e5eecd359	k__Bacteria; p__Proteobacteria; c__Gammaproteobacteria; o__Legionellales	0.6
2ed1fcec9e05f01aa8130012b01b2f88	k__Bacteria; p__Verrucomicrobia; c__Verrucomicrobiae; o__Verrucomicrobiales; f__Verrucomicrobiaceae; g__; s__	0.8
172d029a026d5527aeb76fcae8e91c76	k__Bacteria; p__Bacteroidetes; c__BME43; o__; f__; g__; s__	0.6
1cdb6b0c2d58f3f99617abe4e80ee068	k__Bacteria; p__Proteobacteria; c__Alphaproteobacteria; o__BD7-3; f__; g__; s__	1.0
ab02d97ec297ec2212b933407e8a9ebc	k__Bacteria; p__Bacteroidetes; c__Cytophagia; o__Cytophagales; f__[Amoebophilaceae]; g__SC3-56; s__	0.6
0bdd79f0d5da0a92a5275387cadd691f	k__Bacteria; p__Proteobacteria	1.0
0af6c288a86514049bc2360cf3fdb735	k__Bacteria; p__Proteobacteria; c__Gammaproteobacteria; o__Methylococcales; f__Crenotrichaceae; g__Crenothrix; s__	1.0
ec7ed73a9b3a019da17d23566fdd21a3	k__Bacteria; p__Proteobacteria; c__Alphaproteobacteria; o__Sphingomonadales; f__Sphingomonadaceae	0.9
e7865e591ca9fe3ee16a92fa87ad99f0	Unassigned	0.0
8db8cc51eb254bcda95f4c9e1530abfe	k__Bacteria; p__Proteobacteria; c__Gammaproteobacteria; o__Legionellales; f__Legionellaceae; g__; s__	0.9
2aba2c014782463c7a0cd09bcecee7f2	k__Bacteria; p__Acidobacteria; c__Acidobacteria-6; o__iii1-15; f__; g__; s__	1.0
00a52447fe845239cd1da90638f93850	k__Bacteria; p__Proteobacteria; c__Alphaproteobacteria; o__Rhizobiales; f__Hyphomicrobiaceae; g__Hyphomicrobium; s__	0.8
f6930e71720b3352870d190c733151e2	k__Bacteria; p__Chlamydiae; c__Chlamydiia; o__Chlamydiales; f__Parachlamydiaceae	0.8
8bf9c28cf360b7a9ce57aed70a341646	k__Bacteria; p__Firmicutes; c__Clostridia; o__Clostridiales; f__Ruminococcaceae	1.0
f6071ad772063963469b4419aa6882a6	k__Bacteria; p__Firmicutes; c__Clostridia; o__Clostridiales; f__[Acidaminobacteraceae]	0.8
db9867d153e243d0ec5b3ee6bae14194	k__Bacteria; p__Proteobacteria; c__Gammaproteobacteria; o__Enterobacteriales; f__Enterobacteriaceae	0.7272727272727273
64633ecaebabcb5f3e6f5e29e3508e53	k__Bacteria; p__Bacteroidetes; c__[Saprospirae]; o__[Saprospirales]; f__Chitinophagaceae; g__; s__	0.9
e5103ba35750cc394de1207aa8b21836	k__Bacteria; p__Firmicutes; c__Clostridia; o__Clostridiales	1.0
5ed89bc79d6ef9b1a2f544beac4ffd6a	k__Bacteria; p__Proteobacteria; c__Deltaproteobacteria; o__Myxococcales; f__OM27; g__; s__	1.0
1e6cd2015473f4a24f93f5a61e9b681c	k__Bacteria; p__OD1; c__; o__; f__; g__; s__	1.0
f6df8463694295df56e5f493b760708f	k__Bacteria; p__Proteobacteria; c__Alphaproteobacteria; o__Rhizobiales; f__Methylocystaceae; g__Pleomorphomonas	0.7
fc0ad7821832c3242f01c4974cca59bf	k__Bacteria; p__Proteobacteria; c__Betaproteobacteria; o__Rhodocyclales; f__Rhodocyclaceae; g__Uliginosibacterium; s__	0.9
e4dad09b270cc4e848728b42f74cf2c9	k__Bacteria; p__Proteobacteria; c__Alphaproteobacteria	1.0
a839ec8268e6e8a6bb0a3c134b80ba96	k__Bacteria; p__Proteobacteria; c__Gammaproteobacteria; o__Legionellales	0.6
9e7ac48de5d952f36e33a7885b6e764c	k__Bacteria; p__Proteobacteria; c__Deltaproteobacteria; o__Bdellovibrionales; f__Bdellovibrionaceae; g__Bdellovibrio; s__	1.0
4cf13887ea9026f34d6328c4dbd26a53	k__Bacteria; p__Proteobacteria; c__Alphaproteobacteria; o__Rhizobiales; f__Phyllobacteriaceae	0.9
f99622778ec7628d7b3090d5e4725e22	k__Bacteria; p__Proteobacteria; c__Betaproteobacteria; o__Rhodocyclales; f__Rhodocyclaceae; g__Uliginosibacterium; s__	0.9
9eecb7cbbc04ef44b8b154c679187491	k__Bacteria; p__Proteobacteria; c__Betaproteobacteria; o__Burkholderiales; f__Oxalobacteraceae; g__; s__	0.7
6266ebc61eb510f45c76862af11361e3	k__Bacteria; p__Proteobacteria; c__Gammaproteobacteria; o__Methylococcales; f__Methylococcaceae; g__Methylocaldum; s__	0.8
0a3a58631e8752671425c802ffca65b3	k__Bacteria; p__Bacteroidetes; c__Flavobacteriia; o__Flavobacteriales; f__[Weeksellaceae]; g__Chryseobacterium; s__	1.0
ac389cbcc99f9d4850c62f7c3e0b40cd	k__Bacteria; p__Firmicutes; c__Clostridia; o__Clostridiales; f__Lachnospiraceae; g__Coprococcus; s__	0.9
e1d04d335eecb4a914d44ff742202d16	k__Bacteria; p__Firmicutes; c__Bacilli; o__Turicibacterales; f__Turicibacteraceae; g__Turicibacter; s__	1.0
3005e4d464755969ee518b4056dc5e94	k__Bacteria; p__Proteobacteria; c__Gammaproteobacteria; o__Aeromonadales; f__Aeromonadaceae; g__; s__	0.8
5052bcacc207788cce6905441a2a52e6	k__Bacteria; p__Cyanobacteria; c__Chloroplast; o__Euglenozoa; f__; g__; s__	1.0
79c1398bdf1517711547c66d958c898b	k__Bacteria; p__Bacteroidetes; c__Cytophagia; o__Cytophagales; f__Cytophagaceae; g__; s__	1.0
c87d2ff777798a53b50c7e1218bfc3cc	k__Bacteria; p__OD1; c__; o__; f__; g__; s__	1.0
5b1abad8ab8593104258b428f425831d	k__Bacteria; p__Firmicutes; c__Bacilli; o__Bacillales; f__Listeriaceae	0.6
37830319f25f8e7222651de17aa907b0	k__Bacteria; p__Proteobacteria; c__Gammaproteobacteria; o__HOC36; f__; g__; s__	1.0
cbdde69f50ce9baada66d19cba4d38f3	k__Bacteria; p__Chloroflexi; c__Anaerolineae; o__GCA004; f__; g__; s__	1.0
baea784e915352b0c7469ef432f819bf	k__Bacteria; p__Firmicutes; c__Clostridia; o__Clostridiales; f__[Acidaminobacteraceae]; g__Fusibacter; s__	0.6
ecf0d443c7d089d0c6bf91ecf2440683	k__Bacteria; p__Proteobacteria; c__Gammaproteobacteria; o__Pseudomonadales; f__Pseudomonadaceae; g__Pseudomonas	0.8
bfb5a09b0c8065861086f629ac4c5721	k__Bacteria; p__Actinobacteria; c__Thermoleophilia; o__Gaiellales; f__Gaiellaceae; g__; s__	0.7
89ce9df364ace8c8a02d94107aeb17f2	k__Archaea; p__Euryarchaeota; c__Methanobacteria; o__Methanobacteriales; f__Methanobacteriaceae; g__; s__	0.9
6832d3823a5ecd4a548031c077c4b2ef	k__Bacteria; p__Proteobacteria; c__Betaproteobacteria; o__Burkholderiales; f__Comamonadaceae; g__Hydrogenophaga; s__	0.7
a72482540dcde9a6f920de11858122b9	k__Bacteria; p__Actinobacteria; c__Actinobacteria; o__Actinomycetales; f__ACK-M1; g__; s__	0.9
8cc0b2b12fa55da9714c413c6d6f2d5f	k__Bacteria; p__Cyanobacteria; c__Nostocophycideae; o__Nostocales; f__Nostocaceae; g__Nostoc; s__	0.8
2125e4c3884b7e02d3da8f8896024f86	k__Bacteria; p__Proteobacteria; c__Betaproteobacteria; o__; f__; g__; s__	0.9
0b1f7d3b5c86430d36e9722ce55a4b63	k__Bacteria; p__Proteobacteria; c__Gammaproteobacteria; o__Methylococcales; f__Methylococcaceae; g__Methylocaldum; s__	0.7
640f3fd92a0c180e34b17cb0e622aa45	k__Bacteria; p__Proteobacteria; c__Betaproteobacteria; o__Burkholderiales; f__Alcaligenaceae; g__; s__	1.0
bca527b8d32e59b0f405800fe329f05f	k__Bacteria; p__Proteobacteria	1.0
0dd2f264a3bde39247a7eb44191cce30	k__Bacteria; p__Cyanobacteria	1.0
3d746abd4773a3623207294df6f9a587	k__Bacteria; p__Proteobacteria; c__Gammaproteobacteria; o__Thiotrichales; f__Thiotrichaceae; g__Thiothrix; s__	1.0
ddfaea14f1ead65402fdafacfff9c865	k__Bacteria; p__Cyanobacteria; c__Chloroplast	0.7
b6a89ab53f97904552debc7a308dfbf3	k__Bacteria; p__Proteobacteria; c__Gammaproteobacteria; o__Alteromonadales; f__[Chromatiaceae]; g__Rheinheimera; s__	1.0
7fcc529f10f71d41231d1440f3831bc1	k__Archaea; p__Euryarchaeota	0.6
6e245ea06a4cf4ce22a19bac016b4675	k__Bacteria; p__Planctomycetes; c__Planctomycetia; o__Pirellulales; f__Pirellulaceae; g__; s__	0.7
697ebba03b43d52ce0d81b5a2b1e4753	k__Bacteria; p__Proteobacteria; c__Alphaproteobacteria; o__Sphingomonadales; f__Erythrobacteraceae	0.8
0d888df3be239aeaaf39a216f3cba24c	Unassigned	0.0
eff22f639d501415ff322fb276e9c12e	k__Bacteria; p__Proteobacteria; c__Alphaproteobacteria; o__Rhizobiales; f__Phyllobacteriaceae	0.6
8400b87e9d7b11ac37b46c2e8f4faca0	k__Bacteria; p__Proteobacteria; c__Alphaproteobacteria; o__Rhizobiales; f__Bradyrhizobiaceae; g__Bradyrhizobium; s__	0.8
3ae8a508edd6d55a97c3c3f62178c903	k__Bacteria; p__Cyanobacteria; c__Chloroplast; o__Cryptophyta; f__; g__; s__	1.0
499556d9638b83039e5c30d7f6c8f9e1	Unassigned	0.0
7e5106ac85711fc587f233bcb1612b84	k__Bacteria; p__Proteobacteria; c__Alphaproteobacteria; o__Rhodobacterales; f__Hyphomonadaceae; g__; s__	1.0
dd6b6b5c64c37038754b1355210224d6	k__Bacteria; p__Planctomycetes; c__Planctomycetia; o__Pirellulales; f__Pirellulaceae; g__; s__	0.8
b3aa3c0fa156e8175c33007b7ebb049c	k__Bacteria; p__Bacteroidetes; c__[Saprospirae]; o__[Saprospirales]; f__Saprospiraceae; g__; s__	0.9
df7a82b1a7e09ec19e0d6818b42db20e	k__Bacteria; p__Proteobacteria; c__Betaproteobacteria; o__Burkholderiales	0.6
07f5c63a8f13d1a13d858470f2643b90	k__Bacteria; p__Proteobacteria; c__Alphaproteobacteria; o__Rickettsiales; f__mitochondria; g__Phytophthora	0.6
9eeefc2dc17e4726c6a715da08b4817f	k__Bacteria; p__Proteobacteria	0.8
f4d7b7b44a779ab5cadc420a103ab696	k__Bacteria; p__Proteobacteria; c__Betaproteobacteria; o__SC-I-84; f__; g__; s__	0.8
67879f098b769b45bfb94f177ae6f56d	k__Bacteria; p__Proteobacteria	1.0
b7c95a90f8d3f8922df951fa8dc3a5df	k__Bacteria; p__Actinobacteria; c__Actinobacteria; o__Actinomycetales; f__ACK-M1; g__; s__	0.9
d69b8afbca8a0ee3bb5c49554eda72ef	k__Bacteria; p__Proteobacteria; c__Alphaproteobacteria; o__Sphingomonadales; f__Sphingomonadaceae; g__Novosphingobium; s__	0.6
e33b6584004a7f118680387f7e2a095e	k__Bacteria; p__Planctomycetes; c__Planctomycetia; o__Gemmatales; f__Gemmataceae; g__Gemmata; s__	0.9
fe2b0dd6273ad0a908554851573fde70	k__Bacteria; p__Proteobacteria; c__Betaproteobacteria; o__Rhodocyclales; f__Rhodocyclaceae	0.8
fd9d7277f6c0dfb9a7bc2e05d05361a2	k__Bacteria; p__Proteobacteria; c__Deltaproteobacteria; o__Spirobacillales; f__; g__; s__	0.9
2475f86243624ec611b400519582c334	k__Bacteria; p__Proteobacteria; c__Alphaproteobacteria; o__Rickettsiales; f__Rickettsiaceae; g__; s__	1.0
92ae5a20686cd5a7dcf868c965303060	k__Bacteria; p__Acidobacteria; c__TM1; o__; f__; g__; s__	0.8
e029a9e26dacf54780a2239fea28c3e5	k__Bacteria; p__Bacteroidetes; c__[Saprospirae]; o__[Saprospirales]; f__Saprospiraceae; g__; s__	1.0
060a09bde75875b5b1f9b59265ffce6d	k__Bacteria; p__Proteobacteria; c__Deltaproteobacteria; o__MIZ46; f__; g__; s__	1.0
0f2405491507110423a4c2bdafd6a0cf	k__Bacteria; p__Proteobacteria; c__Alphaproteobacteria; o__Rhizobiales; f__; g__; s__	1.0
f0774239f8f2031335365495c3d67ffe	k__Bacteria; p__Bacteroidetes; c__Cytophagia; o__Cytophagales; f__Cytophagaceae	0.8
23d435a0c490ccdbdcb42f8f3ee6eabb	k__Bacteria; p__Verrucomicrobia; c__Verruco-5; o__WCHB1-41; f__; g__; s__	0.8
d52e8cef2c3399aca88e2a4a4fa12d35	k__Bacteria; p__Cyanobacteria; c__Chloroplast; o__Stramenopiles; f__; g__; s__	1.0
56f7761783602071d633f715366c957a	k__Bacteria; p__Proteobacteria; c__TA18; o__PHOS-HD29; f__; g__; s__	1.0
f612f8e705d463b07474e6b92b049eb8	k__Bacteria; p__Spirochaetes; c__Spirochaetes; o__Spirochaetales; f__Spirochaetaceae; g__Treponema; s__	1.0
6679fa3623f223527850699746dfe233	k__Bacteria; p__Proteobacteria; c__Deltaproteobacteria; o__Spirobacillales; f__; g__; s__	1.0
e28ed5063b4358d82b40c53797fe81ff	k__Bacteria; p__Bacteroidetes; c__Cytophagia; o__Cytophagales; f__Cytophagaceae; g__; s__	1.0
2fabdc5264d97754dbe4b78e88b662bf	k__Bacteria; p__Bacteroidetes; c__Sphingobacteriia; o__Sphingobacteriales; f__Sphingobacteriaceae; g__Pedobacter; s__	0.6
6f2fc25ba34aca3ddfe201733fe0f85b	k__Bacteria; p__Actinobacteria; c__Actinobacteria; o__Actinomycetales; f__Microbacteriaceae; g__; s__	0.6
f5e85b735afd0842ff882e5d34d0dbd9	k__Bacteria; p__Chlorobi; c__OPB56; o__; f__; g__; s__	1.0
76785354ed7cd2c73a10591f7763a6c8	k__Bacteria; p__Planctomycetes; c__Planctomycetia; o__Gemmatales; f__Gemmataceae; g__; s__	0.9
6b0206210b665f2fadb3ead164b616f4	Unassigned	0.0
6f37f9d50f3d689db93fd21f5e1b33b4	k__Bacteria; p__Proteobacteria; c__Gammaproteobacteria	1.0
19a6a7c66bece011d33b168a145ad6ac	k__Bacteria; p__Proteobacteria; c__TA18; o__CV90; f__; g__; s__	1.0
9a0cc3721481c45d0bc56a90c6b30f6c	k__Bacteria; p__Proteobacteria; c__Gammaproteobacteria; o__Legionellales; f__Legionellaceae; g__; s__	0.8
0f991c65e76b281e0736883f53b4a50b	k__Bacteria; p__Bacteroidetes; c__Cytophagia; o__Cytophagales; f__Cytophagaceae; g__Flectobacillus; s__	0.9
c0b5938c5bacb46ccb3461d67b500f21	k__Bacteria; p__TM6; c__SJA-4; o__; f__; g__; s__	1.0
18bc505f9afeeb418affd65007fc1304	k__Bacteria; p__Proteobacteria; c__Alphaproteobacteria; o__Rhizobiales	0.8
a2f3257936f4f2bee3736d64e1d0cf4f	k__Bacteria; p__Planctomycetes; c__Planctomycetia; o__Gemmatales; f__Isosphaeraceae; g__; s__	1.0
07e26e4a51984750784660a87365ab18	k__Bacteria; p__Proteobacteria; c__Alphaproteobacteria	1.0
83fc3afb9334a0a0caf64868ed9f2ab0	k__Bacteria; p__TM6; c__SJA-4; o__; f__; g__; s__	0.6
a6a08cd4554bc7d15b25aafec0a01ae2	k__Bacteria; p__Proteobacteria; c__Alphaproteobacteria; o__Rickettsiales; f__; g__; s__	0.9
38f238bb57bc34dff7d1c33c4db7a34b	k__Bacteria; p__Proteobacteria; c__Gammaproteobacteria; o__Legionellales; f__Coxiellaceae; g__; s__	1.0
48c1719d1de5081796dd8ade15324a98	k__Bacteria; p__Cyanobacteria; c__Chloroplast; o__Chlorophyta; f__Trebouxiophyceae	0.6
f3865e6f2f25803da786b2d2f0c541da	k__Bacteria; p__Bacteroidetes; c__Flavobacteriia; o__Flavobacteriales; f__Cryomorphaceae; g__; s__	1.0
3196aa6f2ff9163f3b03f3f9fbcba498	k__Bacteria; p__Proteobacteria; c__Alphaproteobacteria; o__Rhodobacterales; f__Rhodobacteraceae	1.0
0023702e60d7ad680ab68328b6fe0e43	k__Bacteria; p__Proteobacteria; c__Alphaproteobacteria; o__; f__; g__; s__	1.0
82983da54934becc45e5d3ae0b48bc77	k__Bacteria; p__Cyanobacteria	1.0
19baebbdf6a0391baab59b2fa6cb62b4	k__Bacteria; p__Proteobacteria; c__Deltaproteobacteria; o__Bdellovibrionales; f__Bdellovibrionaceae; g__Bdellovibrio; s__	0.9
bc27501a28a4d6a2c0db5107b9b4a75b	k__Bacteria; p__Firmicutes; c__Clostridia; o__Clostridiales; f__; g__; s__	0.9
ed78d349abacbaeab7fac5728b8e7f6d	k__Bacteria; p__Proteobacteria; c__Betaproteobacteria; o__Procabacteriales; f__Procabacteriaceae; g__; s__	0.7
f97051047d2e02f1ab0c1a17674d7324	k__Bacteria; p__Proteobacteria; c__Betaproteobacteria	0.9
51d68bacd1b61d80dc9e003dd473480c	k__Bacteria; p__Firmicutes; c__Clostridia; o__Clostridiales; f__Clostridiaceae; g__Clostridium; s__	0.7
0fedcd95d7312d53de0507eee09e0dd8	k__Archaea; p__[Parvarchaeota]; c__[Parvarchaea]; o__YLA114; f__; g__; s__	1.0
9c00571d7f05fb05313efecf9c73f231	k__Bacteria; p__Lentisphaerae; c__[Lentisphaeria]; o__Victivallales; f__Victivallaceae; g__; s__	1.0
53c3d22ae8ef2b5ddf3a58309fd5423f	k__Bacteria; p__Proteobacteria; c__Alphaproteobacteria; o__Rhizobiales; f__Hyphomicrobiaceae; g__Hyphomicrobium; s__	1.0
8dd37085ba34f155bab526d3b943cec0	k__Bacteria; p__Proteobacteria; c__Alphaproteobacteria; o__Rhodobacterales; f__Rhodobacteraceae; g__Rhodobacter; s__	1.0
d45615bfd54daa7a5e722fe1887bfe83	k__Bacteria; p__Firmicutes; c__Clostridia; o__Clostridiales; f__Clostridiaceae; g__Clostridium; s__	0.7
a3cbb948b8212db5ef8e77e90240c5e8	k__Bacteria; p__Planctomycetes	0.6
ee6b9de7b985acce0aea462fb4c86bc0	k__Bacteria; p__Cyanobacteria; c__Chloroplast; o__Streptophyta; f__; g__; s__	1.0
d1571aabc21a4cd3a828d38eaa4e7599	k__Bacteria; p__Bacteroidetes; c__Flavobacteriia; o__Flavobacteriales; f__Flavobacteriaceae; g__Flavobacterium; s__	1.0
daf2d0f969eab823dfec2abffd661271	k__Bacteria; p__OD1; c__Mb-NB09; o__; f__; g__; s__	0.8
19c4b1360a4bde88ab90341f68a3e804	Unassigned	0.0
a924ae5f5cfa367d29b311eeef3239e3	k__Bacteria; p__Bacteroidetes; c__[Saprospirae]; o__[Saprospirales]; f__Saprospiraceae; g__; s__	1.0
ce0fa15842f7be9b02c2815c67b1faf2	k__Bacteria; p__Cyanobacteria; c__Chloroplast; o__Streptophyta; f__; g__; s__	1.0
6ec777096835e7bc9e13ea8d4da55b84	k__Bacteria; p__SR1; c__; o__; f__; g__; s__	1.0
21bb8a45b7280a4b206ccd94ebe2e218	k__Bacteria; p__Verrucomicrobia; c__Verrucomicrobiae; o__Verrucomicrobiales; f__Verrucomicrobiaceae; g__Prosthecobacter; s__	0.7
26201f8d02d8f7247477e7a65375f12b	k__Bacteria; p__Proteobacteria; c__Gammaproteobacteria; o__Legionellales; f__Coxiellaceae; g__; s__	1.0
2964b19180635b30069c226ef5f01c56	k__Bacteria; p__Spirochaetes; c__Spirochaetes; o__Spirochaetales; f__Spirochaetaceae; g__; s__	0.9
81711895a99e9a3980449bdf0ad22df7	k__Archaea; p__Euryarchaeota; c__Methanomicrobia; o__Methanomicrobiales; f__Methanospirillaceae; g__Methanospirillum; s__	1.0
57f66fad753b8e62ff7df6d6a42b99c4	k__Bacteria; p__Proteobacteria; c__Alphaproteobacteria; o__Rhizobiales; f__Methylocystaceae; g__Methylosinus; s__	1.0
9498e7ed629ce91289a33d85e879e003	k__Bacteria; p__Proteobacteria; c__TA18; o__PHOS-HD29; f__; g__; s__	1.0
d02fe86287c07ea7763c0edc141709a8	k__Bacteria; p__Proteobacteria; c__Alphaproteobacteria; o__Rhizobiales	0.8
f5971d33f19d408faf05f425e0b51aca	k__Bacteria; p__Proteobacteria; c__Deltaproteobacteria; o__Syntrophobacterales; f__Syntrophobacteraceae; g__; s__	0.8
c5806776c2877213087db375fca6a508	k__Bacteria; p__Proteobacteria; c__Deltaproteobacteria; o__Spirobacillales; f__; g__; s__	1.0
8c3f2d8c1abcf163d63ed587eba5a53b	k__Bacteria; p__Proteobacteria; c__Deltaproteobacteria; o__Spirobacillales; f__; g__; s__	1.0
04b3079e716496ea19e57f6ba87298af	k__Bacteria; p__Gemmatimonadetes; c__Gemmatimonadetes; o__; f__; g__; s__	1.0
1b1c011674e70c955bde3980c0e8bd6b	k__Bacteria; p__Proteobacteria; c__Betaproteobacteria; o__Ellin6067; f__; g__; s__	0.9
36f4b688a4999f61ac172dcc82790214	k__Bacteria; p__Planctomycetes; c__Planctomycetia; o__Pirellulales; f__Pirellulaceae; g__; s__	1.0
fcb97b19a9ccabda84c2e62ab9acf9e4	k__Bacteria; p__Actinobacteria; c__Actinobacteria; o__Actinomycetales; f__ACK-M1; g__; s__	1.0
863edcc0f4d37c7b69006d4eda2219da	k__Bacteria; p__Acidobacteria; c__Holophagae; o__Holophagales; f__Holophagaceae; g__; s__	0.9
e6727fb39adc9ca107b7a1f925cb5fb8	k__Bacteria; p__Proteobacteria; c__Betaproteobacteria; o__; f__; g__; s__	1.0
44a641b1ed669bcb44ca8d8f107439f2	k__Bacteria; p__Proteobacteria; c__Gammaproteobacteria; o__Chromatiales; f__; g__; s__	0.6
58ecb4948a8c325465dedeb9ed0729df	k__Bacteria; p__Proteobacteria; c__Alphaproteobacteria; o__Rhizobiales; f__; g__; s__	1.0
0c8793ccefa67fcfa5aedf466b82739f	k__Bacteria; p__Tenericutes; c__Mollicutes; o__Entomoplasmatales; f__; g__; s__	0.7
42a60155dccdfcb054f329878e988b02	k__Bacteria; p__Cyanobacteria; c__Chloroplast; o__Streptophyta; f__; g__; s__	1.0
144f103c58bd7e286096de8c32b559d1	k__Bacteria; p__Proteobacteria; c__TA18; o__CV90; f__; g__; s__	0.9
589421ec050a9782498cb5b94982a70a	k__Bacteria; p__Proteobacteria; c__Alphaproteobacteria; o__BD7-3; f__; g__; s__	1.0
be3cf1faf9f3f00b46236d58be58dc8f	k__Bacteria; p__Proteobacteria; c__Alphaproteobacteria; o__Rickettsiales; f__; g__; s__	1.0
c3698e1d6e5c6c34587a41f51c6c6d45	k__Bacteria; p__Planctomycetes; c__Planctomycetia; o__Gemmatales; f__Gemmataceae; g__; s__	1.0
bf327583785b54d7cbf350c6ebd6faee	k__Bacteria; p__Bacteroidetes; c__Sphingobacteriia; o__Sphingobacteriales; f__; g__; s__	0.8
c5f38872401f78246264d1b7d8aab456	Unassigned	0.0
3126ca726083dbe4c5510725511cf7e9	k__Bacteria; p__Proteobacteria	1.0
153cd7d847dab7d98e7a513465580ba0	k__Bacteria; p__GN02; c__BD1-5; o__; f__; g__; s__	0.6
bc6a0e9162ce4944101d7dc0c68c54b3	k__Bacteria; p__Cyanobacteria; c__4C0d-2; o__YS2; f__; g__; s__	1.0
085924c5ab3e0e698b310bbefa89b8b9	k__Bacteria; p__Proteobacteria; c__Alphaproteobacteria; o__Rickettsiales; f__; g__; s__	1.0
131be31aff8ed676e753c9a5bcff8ba3	k__Bacteria; p__Proteobacteria; c__Alphaproteobacteria; o__Rhizobiales; f__Hyphomicrobiaceae; g__Hyphomicrobium; s__	0.6
eb45d5e8b2dbaf218c9ef25fe5b841e2	k__Bacteria; p__OD1; c__; o__; f__; g__; s__	1.0
ded1146a12979dbc76f685030f581fc9	k__Bacteria; p__Firmicutes; c__Clostridia; o__Clostridiales; f__Lachnospiraceae; g__Epulopiscium; s__	1.0
7b8757731e562aae7db60de8e429639c	k__Bacteria; p__Bacteroidetes; c__Flavobacteriia; o__Flavobacteriales; f__Cryomorphaceae; g__; s__	1.0
f93d012ffcf804e1a169499ef46faa12	k__Bacteria; p__TM6; c__SJA-4; o__; f__; g__; s__	1.0
85a3d170a655e51f9689a7990e057e7b	k__Bacteria; p__Bacteroidetes; c__Sphingobacteriia; o__Sphingobacteriales; f__; g__; s__	1.0
37d8fffce82df8456300df2b27e1eeea	k__Bacteria; p__Proteobacteria; c__Betaproteobacteria; o__Burkholderiales; f__Oxalobacteraceae; g__; s__	0.8
c3eda42ad22fb44aef8f65a35f0b7af8	k__Bacteria; p__Proteobacteria; c__Alphaproteobacteria; o__Rhizobiales; f__Rhizobiaceae	0.6
5b0bfe3df3c27b6d4c603369b5ee1b1c	k__Bacteria; p__Proteobacteria; c__Gammaproteobacteria; o__Legionellales; f__Legionellaceae	0.9
078ba230bd2da724cf8d77c552f7b894	k__Bacteria; p__Proteobacteria; c__Alphaproteobacteria; o__Caulobacterales; f__Caulobacteraceae; g__Caulobacter	0.6
6c51838132515187d0abd997447e4ef3	k__Bacteria; p__Proteobacteria; c__Deltaproteobacteria; o__Spirobacillales; f__; g__; s__	1.0
9313b1edf12850326b27f5cf126f94df	k__Bacteria; p__Proteobacteria; c__Alphaproteobacteria; o__Rhodospirillales; f__Rhodospirillaceae	0.6
f00b2803a8b96ed82abec2f91ffeed7b	k__Bacteria; p__Proteobacteria; c__Alphaproteobacteria; o__Kiloniellales; f__; g__; s__	0.9
f640f53c9d8c1fdf18ca2f899d5ba24e	k__Bacteria; p__Proteobacteria; c__Alphaproteobacteria; o__BD7-3; f__; g__; s__	1.0
5c1839e2f4ffea7410eec029097f4cd1	k__Bacteria; p__Bacteroidetes; c__BME43; o__; f__; g__; s__	0.6
63b5d8126b3ac3e460e9b0cee489f5fe	k__Bacteria; p__Proteobacteria; c__Deltaproteobacteria; o__Myxococcales; f__; g__; s__	1.0
d44cf47a1a96fffbc5997303efe83e17	k__Bacteria; p__Planctomycetes; c__Planctomycetia; o__Pirellulales; f__Pirellulaceae; g__; s__	1.0
3a01ec9173d6dca62bc6da0c4451aeb0	k__Bacteria; p__Proteobacteria; c__Alphaproteobacteria; o__Caulobacterales; f__Caulobacteraceae; g__Asticcacaulis	0.9
099f0af1e2c82f5434331e15193ddcab	k__Bacteria; p__Proteobacteria; c__Deltaproteobacteria; o__Myxococcales; f__; g__; s__	1.0
e4b05e57d5127378ea2120368e4a0c95	k__Bacteria; p__Proteobacteria; c__Deltaproteobacteria; o__Myxococcales; f__; g__; s__	0.9
6b8340cfaf23a110343a6ff4b763e227	k__Bacteria; p__Bacteroidetes; c__Sphingobacteriia; o__Sphingobacteriales; f__; g__; s__	0.8
19afd18871e97d6a4b9d135dbc61ec67	k__Bacteria; p__Proteobacteria; c__Betaproteobacteria; o__Burkholderiales; f__Alcaligenaceae; g__; s__	1.0
c52295bc1a6662b8d006dbfbeff2a486	k__Bacteria; p__Bacteroidetes; c__Sphingobacteriia; o__Sphingobacteriales; f__; g__; s__	0.9
eb990b6306dffdf9b7a1af76e7c32bfb	k__Bacteria; p__Proteobacteria; c__Gammaproteobacteria; o__Xanthomonadales; f__Xanthomonadaceae; g__; s__	0.6
6dbe8845acfcdb78a7b5a40edfdf7528	Unassigned	0.0
2a0b1963186425db172f07f386506a4d	k__Bacteria; p__Proteobacteria; c__Gammaproteobacteria; o__Methylococcales; f__Crenotrichaceae; g__Crenothrix; s__	0.7
a9112c5db7344097d18e6688147f7fc7	k__Bacteria; p__Proteobacteria; c__Alphaproteobacteria; o__Rhodospirillales; f__Rhodospirillaceae; g__; s__	0.7
b43ebfdbc4be64a2bebd39ab40cd39ba	k__Bacteria; p__Proteobacteria; c__Alphaproteobacteria; o__Rhizobiales; f__Rhizobiaceae; g__; s__	0.6
e415c608af69b35e197383fe002bea42	k__Bacteria; p__Proteobacteria; c__Gammaproteobacteria; o__Pseudomonadales; f__Pseudomonadaceae; g__; s__	0.6
6927c4322cff6b7b83dbb29c8b6c4e70	k__Bacteria; p__Bacteroidetes; c__[Saprospirae]; o__[Saprospirales]; f__Chitinophagaceae; g__; s__	0.8
fee6a2a6156a693d633122e5d13063b0	k__Bacteria; p__Bacteroidetes; c__[Saprospirae]; o__[Saprospirales]; f__Chitinophagaceae; g__; s__	1.0
f92aa20a309eede937f46ddf403f8392	k__Bacteria; p__Bacteroidetes; c__Sphingobacteriia; o__Sphingobacteriales; f__Sphingobacteriaceae; g__Pedobacter; s__	1.0
37793f114f23d2a4bf0f1100cf4ff752	k__Bacteria; p__Cyanobacteria; c__Chloroplast; o__Stramenopiles; f__; g__; s__	1.0
9e7cb926f789f0f85eb49e9530539f54	k__Bacteria; p__Proteobacteria; c__Betaproteobacteria; o__Rhodocyclales; f__Rhodocyclaceae; g__Dechloromonas; s__	0.9
f8828fabc7f5e6756e048772f5b16441	k__Bacteria; p__Proteobacteria; c__Deltaproteobacteria; o__Myxococcales; f__OM27; g__; s__	1.0
a65e393f2a83b29f0437fe4860b9baca	k__Bacteria; p__Proteobacteria; c__Betaproteobacteria; o__MND1; f__; g__; s__	0.6
81887341de5fb8c4f797f18bb350399e	k__Bacteria; p__Proteobacteria; c__Betaproteobacteria; o__Burkholderiales; f__Comamonadaceae	0.9
e70c7a6103ca7a521b26b12762e6a0c9	k__Bacteria; p__Proteobacteria; c__Alphaproteobacteria; o__Rhodospirillales; f__; g__; s__	1.0
bfe4444c7f4698a5167cb006fbde6872	k__Bacteria; p__Proteobacteria; c__Deltaproteobacteria; o__Spirobacillales; f__; g__; s__	0.8
4636d89dd66791f9e4f15bd7b2cd48a8	k__Bacteria; p__Chlamydiae; c__Chlamydiia; o__Chlamydiales	0.7
aff0e9aca8ebbe0d03ea03833824052e	k__Bacteria; p__Planctomycetes; c__Planctomycetia; o__Pirellulales; f__Pirellulaceae; g__; s__	1.0
e212891bbe92c678a703ca6f80b6bba5	k__Bacteria; p__Bacteroidetes; c__Sphingobacteriia; o__Sphingobacteriales; f__; g__; s__	0.9
57950368f5ff84d74cf05736f892a29f	k__Bacteria; p__Bacteroidetes; c__BME43; o__; f__; g__; s__	0.6
78cb919d50fe68d5e845ca2a80f1196d	k__Bacteria; p__Proteobacteria; c__Deltaproteobacteria; o__Bdellovibrionales; f__Bacteriovoracaceae; g__Bacteriovorax; s__	0.7
53337b79daab539431eac751ca28e161	k__Bacteria; p__Proteobacteria; c__Alphaproteobacteria; o__Rickettsiales; f__; g__; s__	0.9
6eedab1cf6585984dbfe5523a0b28ac8	k__Bacteria; p__Spirochaetes; c__Spirochaetes; o__Spirochaetales; f__Spirochaetaceae; g__Treponema; s__	1.0
53934015c556c5bd89fe0598ab3864b8	k__Bacteria; p__Verrucomicrobia; c__Verrucomicrobiae; o__Verrucomicrobiales; f__Verrucomicrobiaceae	1.0
6455262d1f5b6db9cb1647e42d8834e4	k__Bacteria; p__GN02; c__BD1-5; o__; f__; g__; s__	1.0
7beed710d5da1cdf350bcc61311ae846	k__Bacteria; p__OD1; c__ABY1; o__; f__; g__; s__	1.0
c31ac34ddf7340043bf40d1fb0f1986f	k__Archaea; p__Crenarchaeota; c__Thaumarchaeota; o__Nitrososphaerales; f__Nitrososphaeraceae; g__Candidatus Nitrososphaera; s__SCA1170	0.8
69caaf3cd12931bd148e8ba6fc95e482	k__Bacteria; p__Proteobacteria; c__Alphaproteobacteria; o__Rickettsiales; f__; g__; s__	0.8
f25eedf29681b2942e17ac5571184040	k__Bacteria; p__Bacteroidetes; c__Sphingobacteriia; o__Sphingobacteriales; f__; g__; s__	1.0
27c067f8f7e89266c2160b989cf42dac	k__Bacteria; p__Actinobacteria; c__Acidimicrobiia; o__Acidimicrobiales; f__C111; g__; s__	1.0
9243632f3008a52971809bc4e6176b8b	k__Bacteria; p__Proteobacteria; c__Betaproteobacteria; o__Burkholderiales; f__Burkholderiaceae; g__; s__	0.7
c7647e655ca5078a3772bc38792626bb	k__Bacteria; p__Proteobacteria; c__Alphaproteobacteria; o__Rhizobiales; f__Hyphomicrobiaceae; g__Hyphomicrobium; s__	1.0
1d528c84045d0b2f0aad1951e866b15c	k__Bacteria; p__Proteobacteria; c__Betaproteobacteria; o__Burkholderiales; f__Burkholderiaceae; g__; s__	0.6
b48cbb6a886f3d3c616a1e7e4d6578ed	k__Bacteria; p__Proteobacteria; c__Deltaproteobacteria; o__Spirobacillales; f__; g__; s__	1.0
9a41d2af657b213a7521242ceed358fd	k__Bacteria; p__Proteobacteria; c__Alphaproteobacteria; o__Sphingomonadales; f__Sphingomonadaceae; g__Sphingobium; s__	1.0
2e4536070d88ed5a04afbe21fa6f9617	k__Bacteria; p__Proteobacteria; c__Deltaproteobacteria	0.6
fdcaabe7d0b4b4acd058be7c5eb36924	k__Bacteria; p__Proteobacteria; c__Alphaproteobacteria; o__Sphingomonadales; f__Sphingomonadaceae; g__Sphingomonas; s__	0.8
c4c407b1077109407abd2d8b06f0a073	k__Bacteria; p__Proteobacteria; c__Betaproteobacteria; o__Burkholderiales; f__Comamonadaceae	1.0
c9034a128534ab3a1e765a7ffbc92710	k__Bacteria; p__Cyanobacteria; c__Chloroplast; o__Stramenopiles; f__; g__; s__	1.0
6a7abfb09cd01694ee45d5f03cb40645	k__Bacteria; p__Proteobacteria; c__Betaproteobacteria; o__Burkholderiales; f__Oxalobacteraceae; g__Polynucleobacter; s__	0.7
a68dfba98335f6342f03bc3849c41811	k__Bacteria; p__Bacteroidetes; c__Flavobacteriia; o__Flavobacteriales; f__Cryomorphaceae; g__Fluviicola; s__	1.0
cb302a79f22c60e051810ffa6d48148c	k__Bacteria; p__Proteobacteria; c__Betaproteobacteria; o__Burkholderiales; f__Comamonadaceae; g__; s__	0.8
53ecb414aa53cb3e6d6a73e1b4a83129	k__Bacteria; p__Proteobacteria	0.9
94f4a4951c0fc85df9dcb4836f11c18f	k__Bacteria; p__OD1; c__ABY1; o__; f__; g__; s__	1.0
38466a1febfbcbb872c20f80b8f86a60	k__Bacteria; p__Fusobacteria; c__Fusobacteriia; o__Fusobacteriales; f__Fusobacteriaceae; g__Cetobacterium; s__somerae	1.0
8734f2cf237545042d895251987b648c	k__Bacteria; p__Proteobacteria; c__Alphaproteobacteria; o__Rhodobacterales; f__Hyphomonadaceae; g__Hyphomonas; s__	1.0
174df38b577394c5e91f7285a1229209	k__Bacteria; p__Proteobacteria; c__Deltaproteobacteria; o__Bdellovibrionales; f__Bacteriovoracaceae; g__; s__	0.9
5853b182229d769ace4fbe80c12e2abc	k__Bacteria; p__Bacteroidetes; c__Flavobacteriia; o__Flavobacteriales; f__Cryomorphaceae; g__Fluviicola; s__	0.9
c2ccf3f1029ba03bcbb34a2af7b07e2b	k__Bacteria; p__Cyanobacteria; c__Synechococcophycideae; o__Pseudanabaenales; f__Pseudanabaenaceae; g__Leptolyngbya; s__	1.0
3fbf3737ddbd8c5cd796929f8473df49	k__Bacteria; p__Bacteroidetes; c__Sphingobacteriia; o__Sphingobacteriales; f__; g__; s__	1.0
3bdbef12b80763c8f800019062311c8c	k__Bacteria; p__OD1; c__; o__; f__; g__; s__	1.0
84bb4fb8dbff761d6c68d0c4c24039c7	k__Bacteria; p__Bacteroidetes; c__[Saprospirae]; o__[Saprospirales]; f__Saprospiraceae; g__; s__	1.0
ddcb9b9eaa0575c3c4f8f6f627bbb0c6	k__Bacteria; p__Proteobacteria; c__Deltaproteobacteria; o__Spirobacillales; f__; g__; s__	0.9
ef44c746f49c97d9b0eca4d6f6532bfd	Unassigned	0.0
d21bc267b528c5f226a6df385d7b0c90	k__Bacteria; p__Proteobacteria; c__Gammaproteobacteria; o__Legionellales; f__Legionellaceae; g__; s__	0.9
3a95e4c6dda8a1d8fbb21eb6bcfe7909	k__Bacteria; p__Proteobacteria; c__Alphaproteobacteria; o__; f__; g__; s__	1.0
c43b83a6996313d63a0faa9390125aca	k__Bacteria; p__Planctomycetes; c__OM190; o__agg27; f__; g__; s__	1.0
ecb9c22dec1ccc8183d36f5824caec4d	k__Bacteria; p__Proteobacteria; c__Alphaproteobacteria; o__Rickettsiales; f__; g__; s__	1.0
e8094b921c230c351c0773d3de7ce5c6	k__Bacteria; p__Bacteroidetes; c__Bacteroidia; o__Bacteroidales; f__; g__; s__	1.0
0948e3301874b4c1c19235caa64c3c2e	k__Bacteria; p__Planctomycetes; c__Planctomycetia; o__Pirellulales; f__Pirellulaceae; g__; s__	1.0
f32c79fd52675ed81befbe2bd649d0b8	k__Bacteria; p__Proteobacteria; c__Deltaproteobacteria; o__Myxococcales	1.0
232309fa585cd31c55200fd431b73a65	k__Bacteria; p__Actinobacteria; c__Actinobacteria; o__Actinomycetales; f__Mycobacteriaceae; g__Mycobacterium; s__	1.0
1bf1deed9e482666af5eee31a20193ce	k__Bacteria; p__Planctomycetes; c__Planctomycetia; o__Pirellulales; f__Pirellulaceae; g__; s__	1.0
93e7d0f3b1c24b977ee340bf11e2cdcb	k__Bacteria; p__Cyanobacteria; c__Chloroplast; o__Stramenopiles; f__; g__; s__	1.0
0160b9b13dff2e41d6e9b8c86bc44d2f	k__Bacteria; p__Bacteroidetes; c__[Saprospirae]; o__[Saprospirales]; f__Saprospiraceae; g__; s__	1.0
8e6b6821a4599d911b429fb58ea05fec	k__Bacteria; p__OD1; c__; o__; f__; g__; s__	0.6
172d1013a791f04d8ac48d3369044aaa	k__Bacteria; p__Cyanobacteria; c__4C0d-2; o__YS2; f__; g__; s__	1.0
2cf2b9c44ce7dacda58e78708d48355d	k__Bacteria; p__OP3; c__BD4-9; o__; f__; g__; s__	1.0
ed82ef5d6518740b8711048a6bed1684	k__Bacteria; p__Bacteroidetes; c__[Saprospirae]; o__[Saprospirales]; f__Chitinophagaceae; g__Sediminibacterium; s__	1.0
8fdf48c5bde6dfd61063af78e295a4a2	Unassigned	0.0
7958e07438c1ff7edd949794d4f94bd2	k__Bacteria; p__Proteobacteria; c__Alphaproteobacteria; o__Rhodobacterales	0.6
c2948c019c6c1cfe560f4e2f751e6dea	k__Bacteria; p__Proteobacteria; c__Betaproteobacteria; o__; f__; g__; s__	0.8
b4b25d11ce6dbb36c46cae3c2cc07f4f	k__Bacteria; p__Proteobacteria; c__Alphaproteobacteria; o__Rickettsiales; f__mitochondria; g__Cyanophora; s__paradoxa	1.0
114ab878279dcda468d1c4e0295a0868	k__Bacteria; p__Actinobacteria; c__Actinobacteria; o__Actinomycetales; f__; g__; s__	0.9
3481bc172367663543cbcbb546684cab	k__Bacteria; p__Proteobacteria; c__Alphaproteobacteria	1.0
719b9a9a83621e6f7fc3b8531184e9d9	k__Bacteria; p__Proteobacteria; c__Betaproteobacteria; o__Burkholderiales; f__Comamonadaceae	1.0
c9ebc96217f52acc8b0ff2b6e7cbf4a1	k__Bacteria; p__Cyanobacteria; c__Chloroplast; o__Streptophyta; f__; g__; s__	1.0
327a5298eeb151e75bfde17bcf4f3ad6	k__Bacteria; p__Proteobacteria; c__Gammaproteobacteria; o__Xanthomonadales; f__Xanthomonadaceae; g__; s__	0.9
3bd16e9a775733a2febffb0e0041d845	Unassigned	0.0
caae6eff4e80d173c95e64cb7bec27f7	k__Bacteria; p__Bacteroidetes; c__Bacteroidia; o__Bacteroidales; f__; g__; s__	0.9
a2b57d7ea0ebece3845d2e89fd576393	k__Bacteria; p__Firmicutes; c__Clostridia; o__Clostridiales; f__Clostridiaceae; g__Clostridium; s__perfringens	0.9
9d9b2f7440d0ddf85c267c9fade58f26	k__Bacteria; p__Proteobacteria; c__Alphaproteobacteria; o__Rhizobiales; f__; g__; s__	1.0
e2d2331ff969f2e558f9691123bf5ac5	k__Bacteria; p__Proteobacteria; c__Deltaproteobacteria; o__Myxococcales; f__; g__; s__	1.0
a75dac56317caf38fd5ebf093fc5d753	k__Bacteria; p__Proteobacteria; c__Alphaproteobacteria; o__Caulobacterales; f__Caulobacteraceae; g__Phenylobacterium; s__	1.0
89ad9f570ea6ed1cf7fa519d3e61c420	k__Bacteria; p__Chlorobi; c__OPB56; o__; f__; g__; s__	1.0
4db49021727b84a733505b9cce248d59	k__Bacteria; p__Proteobacteria; c__Alphaproteobacteria; o__; f__; g__; s__	1.0
7d235b24e22f2e1ecdb5aaab31ee265d	k__Bacteria; p__Actinobacteria; c__OPB41; o__; f__; g__; s__	1.0
c05791f06304a46db1b15c9072054ee6	k__Bacteria; p__Proteobacteria; c__Betaproteobacteria; o__; f__; g__; s__	0.7
947e3418cc09a989813bbf4deb6a4982	k__Bacteria; p__Cyanobacteria; c__Chloroplast; o__Cryptophyta; f__; g__; s__	1.0
342e5160700d78b8e8a141b75d1f88cc	k__Bacteria; p__Proteobacteria; c__Alphaproteobacteria; o__BD7-3; f__; g__; s__	1.0
11f4ce1e778c50cd582ded1e78a4dc54	k__Bacteria; p__Proteobacteria; c__Betaproteobacteria; o__Burkholderiales; f__Oxalobacteraceae	0.8
483180859fbc619d7c8e36fbe4a56191	k__Bacteria; p__Bacteroidetes; c__Bacteroidia; o__Bacteroidales; f__; g__; s__	1.0
60d7d7195a06d5f47094285b4a3ef523	k__Bacteria; p__Bacteroidetes; c__Flavobacteriia; o__Flavobacteriales; f__Cryomorphaceae; g__Fluviicola; s__	1.0
fe7c22a84141d03e8aa1a5561e921a3a	k__Bacteria; p__Verrucomicrobia; c__Opitutae; o__Opitutales; f__Opitutaceae; g__; s__	1.0
5457f4e77f8ab1d24d7f961a8b3aae8e	k__Bacteria; p__Proteobacteria; c__Alphaproteobacteria; o__Rhodobacterales; f__Rhodobacteraceae; g__; s__	0.7
76b560c365e23e61ad5a039041f42211	k__Bacteria; p__Proteobacteria; c__Alphaproteobacteria; o__Rhodobacterales; f__Rhodobacteraceae	1.0
dd6c7220ec7359ec3078a19f3c347481	k__Bacteria; p__Proteobacteria; c__Alphaproteobacteria; o__Caulobacterales; f__Caulobacteraceae; g__; s__	0.9
e7dd993a471eb9a9fa29b464ad9530b3	k__Bacteria; p__Cyanobacteria; c__Synechococcophycideae; o__Synechococcales; f__Synechococcaceae; g__Synechococcus; s__	1.0
74213b7682c0b38a44d01a0311a1a980	k__Bacteria; p__Cyanobacteria; c__Chloroplast; o__Chlorophyta; f__; g__; s__	1.0
05741d5a9533ff33aa54bba8f6a382b3	k__Bacteria; p__Actinobacteria; c__Acidimicrobiia; o__Acidimicrobiales; f__; g__; s__	1.0
81448421e20970af50537a8c70be751d	k__Bacteria; p__Proteobacteria; c__Deltaproteobacteria; o__Myxococcales; f__OM27; g__; s__	1.0
243426f1162a7ea6aba7e173640b53f1	k__Bacteria; p__Fusobacteria; c__Fusobacteriia; o__Fusobacteriales; f__Fusobacteriaceae; g__Cetobacterium; s__somerae	1.0
0ccddd06d68a0663607b0ae55fa2b4b1	k__Bacteria; p__Proteobacteria; c__Betaproteobacteria; o__Burkholderiales; f__Comamonadaceae; g__Rubrivivax; s__	0.7
5df9d5c9f500bd06d930f5533ddad806	k__Bacteria; p__Proteobacteria; c__Deltaproteobacteria; o__; f__; g__; s__	0.9
5cb7a4a60d27d520468039a69bf646ad	k__Bacteria; p__Proteobacteria; c__Betaproteobacteria; o__Burkholderiales; f__Comamonadaceae	1.0
e5fe36035ec85a8bee5ecbf754b0f495	k__Bacteria; p__Bacteroidetes; c__Flavobacteriia; o__Flavobacteriales; f__Cryomorphaceae; g__Fluviicola; s__	1.0
38fbba6509d31c7f3875aaf87d702467	k__Bacteria; p__Verrucomicrobia; c__[Pedosphaerae]; o__[Pedosphaerales]; f__R4-41B; g__; s__	0.9
10a9acf8dd49e35f493b4caa8056ec2b	k__Bacteria; p__Proteobacteria; c__Deltaproteobacteria; o__Spirobacillales; f__; g__; s__	1.0
86d376c75aa67049f21aa7df9d0facc2	k__Bacteria; p__Proteobacteria; c__Betaproteobacteria; o__Burkholderiales; f__Oxalobacteraceae	0.6
34d3854377e1487d4c88ebb962da64c6	k__Bacteria; p__Proteobacteria; c__Betaproteobacteria; o__Burkholderiales; f__Comamonadaceae; g__; s__	0.7
c9906aa35913239f6f70c445ed434251	k__Bacteria; p__Proteobacteria; c__Betaproteobacteria; o__Burkholderiales; f__Comamonadaceae	1.0
7c1f573f95c6461e17f844b2cb6d771f	k__Bacteria; p__Proteobacteria; c__Gammaproteobacteria; o__Xanthomonadales; f__Xanthomonadaceae; g__; s__	1.0
1045197f15d30bd89f6f63a410a16c1e	k__Bacteria; p__Proteobacteria; c__Alphaproteobacteria; o__Rhizobiales; f__; g__; s__	1.0
ab27f295acf83c941bb921705b81c3d6	k__Bacteria; p__Proteobacteria; c__Gammaproteobacteria; o__Alteromonadales; f__211ds20; g__; s__	1.0
82ffd7844796a2e2a287a00861344437	k__Bacteria; p__Cyanobacteria; c__Chloroplast; o__Chlorophyta; f__; g__; s__	1.0
8994f56e03bd857e519bd8acded2eaf7	k__Bacteria	1.0
dec7278705753351d0fe20d754890e3f	k__Bacteria; p__Proteobacteria; c__Alphaproteobacteria; o__Rhizobiales; f__; g__; s__	1.0
9699418032e83a837a3fc4c23279391d	k__Bacteria; p__Cyanobacteria; c__Chloroplast; o__Streptophyta; f__; g__; s__	0.6
9cf58c5c4f8838fd1e2a81ba5b899ad9	k__Bacteria; p__Proteobacteria; c__Betaproteobacteria	1.0
79204be01dd1ecc787ab7b4503764277	k__Bacteria; p__Proteobacteria; c__Alphaproteobacteria; o__Rickettsiales; f__; g__; s__	0.8
37354ecc68d08c8c609038013ff39307	k__Bacteria; p__Bacteroidetes; c__Cytophagia; o__Cytophagales; f__Cytophagaceae; g__Leadbetterella; s__	1.0
082ac815b0df3c6328a37364900eb168	k__Bacteria; p__Proteobacteria; c__Betaproteobacteria; o__Burkholderiales; f__; g__; s__	0.9
473c87fadc8cf2e6225212636134795b	k__Bacteria; p__Chloroflexi; c__Anaerolineae; o__Caldilineales; f__Caldilineaceae; g__; s__	1.0
b3235efea69a9d5736528f81064f29b7	k__Bacteria; p__Actinobacteria; c__Acidimicrobiia; o__Acidimicrobiales; f__; g__; s__	1.0
ea4eb9cf991fbfaa618fd8416438a400	k__Bacteria; p__Proteobacteria; c__Alphaproteobacteria; o__Rhizobiales; f__; g__; s__	0.7
313adc24b4eaca127ecc09eee8538a5c	k__Bacteria; p__Acidobacteria	0.625
9ea138a00babaa65bdc862ea4316c189	k__Bacteria; p__GN02; c__BD1-5; o__; f__; g__; s__	0.6666666666666666
2eef998f61c1adfb349f042a9de7fcd3	k__Bacteria; p__Firmicutes; c__Bacilli; o__Lactobacillales; f__Enterococcaceae; g__Enterococcus; s__	0.9
84ca2af9796ce0d0201d23b6ed2df999	k__Bacteria; p__Actinobacteria; c__Actinobacteria; o__Actinomycetales; f__ACK-M1; g__; s__	1.0
b6abbe9d9b346dcdf179aaadbcae4f5a	k__Bacteria; p__Proteobacteria; c__Deltaproteobacteria	0.7
a68becda38bfb24f5a7b8ac115d0498d	k__Bacteria; p__NC10; c__; o__; f__; g__; s__	1.0
c4db44a849456ae5ab3b2e68c74a57ca	Unassigned	0.0
39eabf98f46e635ebd76e9bdda06cccb	k__Bacteria; p__Proteobacteria; c__Gammaproteobacteria; o__Legionellales; f__Coxiellaceae; g__; s__	1.0
977d4ff8cab389ea56085b033c521f95	k__Bacteria; p__Proteobacteria; c__Deltaproteobacteria; o__GMD14H09; f__; g__; s__	1.0
825e9d688e1bed25bfdb73e6da08099f	k__Bacteria; p__Proteobacteria; c__Betaproteobacteria; o__Procabacteriales; f__Procabacteriaceae; g__; s__	0.8
e9d98eb8e5559ed573da4776b64765c5	k__Bacteria; p__Proteobacteria; c__Deltaproteobacteria; o__Myxococcales; f__; g__; s__	1.0
b5f006aee169016f2ddf51dadea9875a	k__Bacteria; p__Proteobacteria; c__Alphaproteobacteria; o__Sphingomonadales; f__Sphingomonadaceae	0.8
555f740e6bbdedea88b29bf4510e43a7	k__Bacteria; p__Bacteroidetes; c__Sphingobacteriia; o__Sphingobacteriales; f__; g__; s__	0.6
1221999ca37e88659022ff5d240aea82	k__Bacteria; p__Bacteroidetes; c__[Saprospirae]; o__[Saprospirales]; f__Chitinophagaceae; g__Sediminibacterium; s__	1.0
5afbc52427052c411e422505707b331e	k__Bacteria; p__Verrucomicrobia; c__[Spartobacteria]; o__[Chthoniobacterales]; f__[Chthoniobacteraceae]; g__; s__	0.8
540cae58e12a3b46e7643a373782549e	k__Bacteria; p__Verrucomicrobia; c__Verrucomicrobiae; o__Verrucomicrobiales; f__Verrucomicrobiaceae; g__; s__	0.8
effc79df9b2f6d589a9a03c6f2ab73ef	Unassigned	0.0
068a1191a88846d8f5328f9b333b4288	k__Bacteria; p__Chlorobi; c__Ignavibacteria; o__Ignavibacteriales; f__Ignavibacteriaceae; g__; s__	0.9
a8832a0c9e7b95aee045c7691c190d47	k__Bacteria; p__Proteobacteria; c__Gammaproteobacteria; o__Xanthomonadales; f__Xanthomonadaceae; g__; s__	0.6
d99c91aec49eab6da33140990d9d5f6a	k__Bacteria; p__Proteobacteria; c__TA18; o__PHOS-HD29; f__; g__; s__	1.0
119b0ba0d81625e85e0d1890c453ddac	k__Bacteria; p__Proteobacteria; c__Gammaproteobacteria; o__Xanthomonadales; f__Sinobacteraceae; g__; s__	0.9
0591441e576de4ed6c18c9b09e1e3891	k__Bacteria; p__Proteobacteria; c__Alphaproteobacteria; o__Rhodospirillales; f__Rhodospirillaceae; g__Azospirillum; s__	1.0
af38aa176178d96f44100266b3c49a54	k__Bacteria; p__Proteobacteria; c__Alphaproteobacteria; o__Rhizobiales; f__; g__; s__	1.0
e44122f77fcc508b25c02bb5d365943b	k__Bacteria; p__Proteobacteria; c__Alphaproteobacteria; o__Sphingomonadales; f__Sphingomonadaceae; g__Novosphingobium; s__	0.8
0253376c248627406251d9dbefca6fa4	Unassigned	0.0
0e7f4e0ab0f4e591cce54fea65052cba	k__Bacteria; p__Proteobacteria; c__Deltaproteobacteria; o__Spirobacillales; f__; g__; s__	1.0
38a6c14d7b806043f3d1f797025e8b00	k__Bacteria; p__GN02; c__BD1-5; o__; f__; g__; s__	1.0
8b81ed00da758b38c8f3d48398a5175b	k__Bacteria; p__Cyanobacteria; c__Chloroplast; o__Chlorophyta; f__Trebouxiophyceae	0.6
b58d56929d397a475386e2ce2d8c0478	k__Bacteria; p__Cyanobacteria; c__Chloroplast; o__Streptophyta; f__; g__; s__	1.0
cd2d35f7589aa44c9f7240c172696150	k__Bacteria; p__Proteobacteria; c__Gammaproteobacteria; o__Xanthomonadales; f__Sinobacteraceae; g__; s__	1.0
5d425f407b55796aa9f521ce64d6f3a3	k__Bacteria; p__Proteobacteria; c__Gammaproteobacteria	0.6
ea8c7d98d6efaf4e750e96c85d1ee7b5	k__Bacteria	1.0
24a33b34032965438aaa9f4b3e55ad8f	k__Bacteria; p__Bacteroidetes; c__Cytophagia; o__Cytophagales; f__Cyclobacteriaceae; g__; s__	1.0
558c41fe51cae420a501673d39d2cc38	k__Bacteria; p__Bacteroidetes; c__[Saprospirae]; o__[Saprospirales]; f__Chitinophagaceae	1.0
8f5f119b4bc2340cec53485d5fca21ac	Unassigned	0.0
a86442d7aef2df9c8be7f4b4719ff9b5	k__Bacteria; p__Proteobacteria; c__Gammaproteobacteria; o__Legionellales	1.0
75469fa2b57a3a8e70198344c2be53d4	k__Bacteria; p__Cyanobacteria; c__Chloroplast; o__Stramenopiles; f__; g__; s__	1.0
fa05e53c8b0784ac7fa765c1cac5fd4b	k__Bacteria; p__Proteobacteria; c__Gammaproteobacteria; o__Enterobacteriales; f__Enterobacteriaceae; g__; s__	0.6363636363636364
6595ff22aecaf5216d12fd685e53ed5f	k__Bacteria; p__Proteobacteria; c__Alphaproteobacteria; o__Rhodobacterales; f__Rhodobacteraceae; g__; s__	1.0
e3d7e1227bf9febe1abcf4e1a7a4a150	k__Bacteria; p__Actinobacteria; c__Thermoleophilia; o__; f__; g__; s__	1.0
d14fcec9ee994ea7f2b77a5b448c4b96	k__Bacteria; p__Proteobacteria; c__Alphaproteobacteria; o__Rickettsiales; f__; g__; s__	1.0
1253e50301c5bd59e047aa071fb18dcf	k__Bacteria; p__Actinobacteria; c__Thermoleophilia; o__Solirubrobacterales; f__; g__; s__	1.0
c716e93e40440fe1d270e454d6627746	k__Bacteria; p__Armatimonadetes; c__Armatimonadia; o__Armatimonadales; f__Armatimonadaceae; g__; s__	0.6
330f6983678a2648880bb2d3b0faa201	k__Bacteria; p__OP3; c__BD4-9; o__; f__; g__; s__	1.0
eb7916ac4b15fcf7b948a245c2a18d02	k__Bacteria; p__Bacteroidetes; c__[Saprospirae]; o__[Saprospirales]; f__Chitinophagaceae; g__; s__	0.8
83f00bd0c65073a3598f6e371b3257a2	k__Bacteria; p__Bacteroidetes; c__Bacteroidia; o__Bacteroidales; f__S24-7; g__; s__	1.0
9bbc7a99c1b57f00763bf1f2f03c3aba	k__Bacteria; p__Planctomycetes; c__Planctomycetia; o__Pirellulales; f__Pirellulaceae; g__; s__	1.0
b831177433448ae73b666074c2978fb4	k__Bacteria; p__Proteobacteria; c__Alphaproteobacteria; o__Rickettsiales; f__; g__; s__	1.0
97820a46f7becb33fe540e722aea17b8	k__Bacteria; p__Proteobacteria; c__Gammaproteobacteria; o__Methylococcales; f__Crenotrichaceae; g__Crenothrix; s__	1.0
cfd2b8ccc28cf7e30f99820940f7ec7c	k__Bacteria; p__Verrucomicrobia; c__Opitutae; o__Opitutales; f__Opitutaceae; g__; s__	1.0
c23252157a9c7183b77d3d81c2a5abc2	k__Bacteria; p__Verrucomicrobia; c__Verrucomicrobiae; o__Verrucomicrobiales; f__Verrucomicrobiaceae; g__; s__	0.6
ee6f261a2a8176dbf77928236c2e0992	k__Bacteria; p__Cyanobacteria; c__Chloroplast; o__Stramenopiles; f__; g__; s__	1.0
19908770f0d02fd2774145603b47561d	k__Bacteria; p__Proteobacteria	0.8333333333333334
14553591274b318391f4297f661395cc	k__Bacteria; p__Bacteroidetes; c__Flavobacteriia; o__Flavobacteriales; f__Cryomorphaceae; g__; s__	0.8
0a50e45ac52139a09a57eae055bb7471	k__Bacteria; p__Proteobacteria; c__Gammaproteobacteria; o__Xanthomonadales; f__Sinobacteraceae; g__; s__	0.8
285110edc2eb61dae969723979c14f4e	k__Bacteria; p__Cyanobacteria; c__Nostocophycideae; o__Nostocales; f__Nostocaceae; g__Anabaena	0.8
acb2d4830efc90c588b15f9e2d7183bb	k__Bacteria; p__Verrucomicrobia; c__[Spartobacteria]; o__[Chthoniobacterales]; f__[Chthoniobacteraceae]; g__; s__	0.9
d28ab899ab1e16b4e960fb65db59b3d0	k__Bacteria; p__Planctomycetes; c__Planctomycetia; o__Gemmatales; f__Gemmataceae; g__Gemmata; s__	1.0
1f2464e76749b6b711c55f476754a373	k__Bacteria; p__Proteobacteria; c__Deltaproteobacteria; o__Myxococcales; f__Haliangiaceae; g__; s__	1.0
c6284fa27b36d756daa266cfcca44aa9	k__Bacteria; p__Proteobacteria; c__Betaproteobacteria; o__Rhodocyclales; f__Rhodocyclaceae; g__Sulfuritalea; s__	0.7
270c469ef2ff9427dec2277a1c3e6916	k__Bacteria; p__Acidobacteria; c__Acidobacteria-5; o__; f__; g__; s__	0.6
50f2a5af2692786a6b24101623fe4b2f	k__Bacteria; p__Proteobacteria; c__Gammaproteobacteria; o__Alteromonadales; f__OM60; g__Congregibacter; s__	0.8
b716442a4a08e982e68eb7f096200fd6	k__Bacteria; p__Cyanobacteria; c__4C0d-2; o__SM1D11; f__; g__; s__	0.9
e9612674962717adee017c41f015e553	k__Bacteria; p__Proteobacteria; c__TA18; o__PHOS-HD29; f__; g__; s__	1.0
7b50acef493ed501a7124e24a3821b47	k__Bacteria; p__Cyanobacteria; c__Synechococcophycideae; o__Pseudanabaenales; f__; g__; s__	0.6
2ac2a9a2e2114d25cfcbd51b3a6970a9	k__Bacteria; p__Proteobacteria; c__Alphaproteobacteria; o__Rickettsiales; f__Rickettsiaceae; g__; s__	0.8
3383d341299b4d99b4a0948d567ea480	k__Bacteria; p__Planctomycetes; c__vadinHA49; o__DH61; f__; g__; s__	1.0
af59f24a31ef38ad97f5f8edf2c39fc9	k__Bacteria; p__Proteobacteria; c__Alphaproteobacteria; o__Rhodospirillales; f__Rhodospirillaceae; g__; s__	0.6
b4d2242e665b0243ec0eba66d6f0e5ef	k__Bacteria; p__Proteobacteria; c__Deltaproteobacteria; o__MIZ46; f__; g__; s__	1.0
663526df7eb1f5a2f7357b97f8c29409	Unassigned	0.0
486d53f9aaf67903efa908ff02868420	k__Bacteria; p__Proteobacteria; c__Alphaproteobacteria; o__Rhodospirillales; f__Rhodospirillaceae; g__; s__	0.8
96c4fa4012ea04d8b577498c2d0b877e	k__Bacteria; p__Cyanobacteria; c__Chloroplast	0.6
6b0d617f61531445f9f2f37a1ac74a15	k__Bacteria; p__Cyanobacteria; c__Chloroplast; o__Streptophyta; f__; g__; s__	1.0
b786dfce59856478678b71ab4bb5c962	k__Bacteria; p__Bacteroidetes; c__Flavobacteriia; o__Flavobacteriales; f__Flavobacteriaceae; g__Flavobacterium; s__	1.0
605a17445b774785fd635ae033026bf5	k__Bacteria; p__Proteobacteria; c__Deltaproteobacteria; o__Desulfovibrionales; f__Desulfovibrionaceae; g__; s__	0.75
77da992a099752dcca70d29802c8f57e	k__Bacteria; p__Firmicutes; c__Clostridia; o__Clostridiales; f__Lachnospiraceae; g__; s__	0.8
d4c14517656887f3a44508329a2a3be6	k__Bacteria; p__Proteobacteria; c__Alphaproteobacteria; o__Rhodobacterales; f__Rhodobacteraceae	1.0
8656a8882dde8e98304085a742ad1d09	k__Bacteria; p__Bacteroidetes; c__Flavobacteriia; o__Flavobacteriales; f__Flavobacteriaceae; g__Flavobacterium; s__	0.7
8d137212d7853a5a81e917df6f41ee35	k__Bacteria; p__Firmicutes; c__Clostridia; o__Clostridiales; f__[Mogibacteriaceae]; g__Anaerovorax; s__	1.0
8713a4618716c2ccd449488d6901b4a3	k__Bacteria; p__Gemmatimonadetes; c__Gemmatimonadetes; o__Gemmatimonadales; f__Gemmatimonadaceae; g__Gemmatimonas; s__	0.6
cd631b213bdada8df677ffd9ab26bc3b	k__Bacteria; p__Bacteroidetes; c__Bacteroidia; o__Bacteroidales; f__; g__; s__	1.0
df0b5e8bc797f7839ec10b455f57fc97	k__Bacteria; p__OP3; c__PBS-25; o__; f__; g__; s__	1.0
453a40f85c5d46f8e898ce40e48be0b3	k__Bacteria; p__Actinobacteria; c__Acidimicrobiia; o__Acidimicrobiales; f__C111; g__; s__	1.0
66a729b6496e7b0d577da369c5cf61d5	k__Bacteria; p__Verrucomicrobia; c__[Spartobacteria]; o__[Chthoniobacterales]; f__[Chthoniobacteraceae]; g__DA101; s__	1.0
0366b9db5a67576b43517efba457b315	k__Archaea; p__Euryarchaeota; c__Methanomicrobia; o__Methanomicrobiales; f__Methanoregulaceae; g__Candidatus Methanoregula; s__	1.0
9e9abc7a03e79318f7093fdef97cf267	k__Bacteria; p__Proteobacteria; c__Gammaproteobacteria; o__Methylococcales; f__Crenotrichaceae; g__Crenothrix; s__	0.9
0e03d81c556d69b16d68eee6c2ecbdc5	k__Bacteria; p__Proteobacteria; c__Alphaproteobacteria; o__Rickettsiales; f__Rickettsiaceae; g__; s__	0.7
71ab3e5c8d10cf60fbb70c4ac8255ba5	k__Bacteria; p__Proteobacteria; c__Deltaproteobacteria	1.0
1045a389c1609e4a8ae46d3b538ff9ad	k__Bacteria; p__Proteobacteria; c__Alphaproteobacteria; o__Sphingomonadales; f__Erythrobacteraceae; g__; s__	0.6
ae0cfb6da1a9898457ded212d826e39e	k__Bacteria; p__Proteobacteria; c__Betaproteobacteria; o__Burkholderiales; f__Comamonadaceae; g__; s__	0.9
3926d2fa93f762d90f97136bff6cf26e	k__Bacteria; p__Planctomycetes; c__Planctomycetia; o__Pirellulales; f__Pirellulaceae; g__; s__	1.0
32d263cc1a9b3dc5ba4fecfda925af12	k__Bacteria; p__Verrucomicrobia; c__Opitutae; o__[Cerasicoccales]; f__[Cerasicoccaceae]; g__; s__	1.0
a392d35c432b5458cf4850ed81eb2fac	k__Bacteria; p__Proteobacteria; c__TA18; o__PHOS-HD29; f__; g__; s__	1.0
abcb6fb32c398f7a7ec46af004555579	k__Bacteria; p__Firmicutes; c__Clostridia; o__Clostridiales; f__Ruminococcaceae; g__; s__	1.0
60423460c92f4ea259909ace1ead1412	k__Bacteria; p__Fibrobacteres; c__TG3; o__TG3-1; f__TSCOR003-O20; g__; s__	0.7
e316a03706c52fde306c4722406c53a9	k__Bacteria; p__Fusobacteria; c__Fusobacteriia; o__Fusobacteriales; f__Fusobacteriaceae; g__Fusobacterium; s__	0.6
a821b6eac4f12a27e55a94bfe491eb60	k__Bacteria; p__Proteobacteria	1.0
187f8e5eab32e7f18954b9ce378f1cb8	k__Bacteria; p__Firmicutes; c__Clostridia; o__Clostridiales	0.9
b8ff152ed46c04f74e2a79787d5e4408	k__Bacteria; p__Verrucomicrobia; c__Verrucomicrobiae; o__Verrucomicrobiales; f__Verrucomicrobiaceae; g__; s__	0.9
d1280263ff2365d58855bd839bd2a616	k__Bacteria; p__TM6; c__SJA-4; o__; f__; g__; s__	1.0
eeda090257ce7cd6d089164a80d82e62	k__Bacteria; p__Proteobacteria; c__Deltaproteobacteria; o__Bdellovibrionales; f__Bacteriovoracaceae; g__; s__	0.8
f44a5bc27c51d2e96e135eaee0ec7908	k__Bacteria; p__Proteobacteria; c__Alphaproteobacteria; o__Rhizobiales; f__Xanthobacteraceae	0.7
a5d8f2ee7a6e489423ead2ababb99868	k__Bacteria; p__Proteobacteria; c__Deltaproteobacteria; o__; f__; g__; s__	0.6
6c355f4403a075d4cf83ed7028e43310	k__Bacteria; p__Actinobacteria; c__Actinobacteria; o__Actinomycetales; f__ACK-M1; g__; s__	1.0
77709b9db14beca35d345b4c36ab94cb	k__Bacteria; p__Proteobacteria	0.6
8b985e30ed44ffe87454167cece43834	k__Bacteria; p__Chloroflexi; c__Anaerolineae; o__WCHB1-50; f__; g__; s__	1.0
84375a9d31664c2387616afdf8cfa420	k__Bacteria; p__Verrucomicrobia; c__[Spartobacteria]; o__[Chthoniobacterales]; f__[Chthoniobacteraceae]	1.0
e138b8ce841268d2e7787645855ce415	k__Bacteria; p__Proteobacteria; c__Alphaproteobacteria; o__Rickettsiales; f__; g__; s__	1.0
6ad27a214c3c799426d9df4328bcff2b	k__Bacteria; p__Proteobacteria; c__Gammaproteobacteria; o__Methylococcales; f__Crenotrichaceae; g__Crenothrix; s__	1.0
d71f5d78d5e49cc219260d7f4e1b0c63	k__Bacteria; p__Cyanobacteria; c__Chloroplast; o__Streptophyta; f__; g__; s__	1.0
10d45494b6c106d532eabe49b16f3355	k__Bacteria; p__Cyanobacteria; c__Synechococcophycideae; o__Synechococcales; f__Synechococcaceae; g__Synechococcus; s__	1.0
2676b42e24484b5531029e5cbff5e63e	Unassigned	0.0
f5987c4ea89f3541d07b2a141fcd5597	k__Bacteria; p__Proteobacteria; c__Gammaproteobacteria; o__Pseudomonadales; f__Pseudomonadaceae; g__Pseudomonas; s__	0.6
5727754b850b600847575ce210eb0898	k__Bacteria; p__Proteobacteria; c__Epsilonproteobacteria; o__Campylobacterales; f__Helicobacteraceae; g__; s__	1.0
73277f90db41f09f994c47484d30af77	k__Bacteria; p__Bacteroidetes; c__Flavobacteriia; o__Flavobacteriales; f__Cryomorphaceae; g__; s__	1.0
8aa564fbcd147916e5189731f43927f6	k__Bacteria; p__Bacteroidetes; c__[Saprospirae]; o__[Saprospirales]; f__Chitinophagaceae; g__Sediminibacterium; s__	1.0
2d63ed08d88990245832d3fd612f372e	Unassigned	0.0
688bba9e78487c3dd8370941484f8a1c	k__Bacteria; p__Proteobacteria; c__Deltaproteobacteria; o__Myxococcales; f__OM27; g__; s__	0.7
30418e6ac4f33433a4e69b0fcea7c7f2	k__Bacteria; p__Proteobacteria; c__Betaproteobacteria; o__Rhodocyclales; f__Rhodocyclaceae	0.6
c2c4ed1281c0e884cfd0aaed9668144c	k__Bacteria; p__Cyanobacteria; c__Chloroplast; o__Streptophyta; f__; g__; s__	1.0
2563f5573458cca9ffef69a3aeeeb306	k__Bacteria; p__Cyanobacteria; c__; o__; f__; g__; s__	0.6
547cb00c11a7f9b347110efa97fb29ac	k__Bacteria; p__Proteobacteria; c__Betaproteobacteria; o__Burkholderiales; f__Comamonadaceae; g__; s__	0.7
732c7257fab76e38f551503c410fe608	k__Bacteria; p__Cyanobacteria; c__Nostocophycideae; o__Nostocales; f__Nostocaceae; g__; s__	0.7
3b5fc1db4d4c832efb16fa452ff15f1c	k__Bacteria; p__Proteobacteria; c__Deltaproteobacteria; o__Spirobacillales; f__; g__; s__	1.0
dbcee2d4085ead02cf3dee5ae8a5cfa9	k__Bacteria; p__Bacteroidetes; c__Cytophagia; o__Cytophagales; f__Cytophagaceae; g__Rhodocytophaga; s__	0.6
8e392b56ede4a1d61882c03271bc9689	k__Bacteria; p__Actinobacteria; c__Actinobacteria; o__Actinomycetales; f__Nocardioidaceae; g__Aeromicrobium; s__	1.0
ba21b71bce0a3056d5c0d77936505514	k__Bacteria; p__Proteobacteria; c__Alphaproteobacteria; o__Rhodobacterales; f__Hyphomonadaceae; g__; s__	0.9
35f628cbffa22cbe61b6065bce303db3	k__Bacteria; p__Bacteroidetes; c__Bacteroidia; o__Bacteroidales; f__Bacteroidaceae; g__; s__	0.6
85eede306474818e57c80b1b45023806	k__Bacteria; p__Bacteroidetes; c__[Saprospirae]; o__[Saprospirales]; f__Chitinophagaceae; g__; s__	0.6
d304efffe545375da95040cef4fbcf56	Unassigned	0.0
7ffbb80479d917d8ce32552f87a24690	k__Bacteria; p__Proteobacteria; c__Alphaproteobacteria; o__Rhodospirillales; f__Rhodospirillaceae; g__Azospirillum; s__	1.0
79593770895e1f91e01ad64c0ded368d	k__Bacteria; p__Proteobacteria; c__Betaproteobacteria; o__Burkholderiales; f__Alcaligenaceae; g__; s__	1.0
000f0222aaf412b78c6e0770990a55db	k__Bacteria; p__Firmicutes; c__Clostridia; o__Clostridiales; f__Lachnospiraceae; g__; s__	1.0
fdea12a787c98276e706b7ba0d985b3a	k__Bacteria; p__Proteobacteria; c__Deltaproteobacteria; o__Myxococcales; f__; g__; s__	1.0
b85b1c3099a30dc0889a399baa44f35a	k__Archaea; p__[Parvarchaeota]; c__[Parvarchaea]; o__WCHD3-30; f__; g__; s__	1.0
a1a11354cda0ec74c375f5ca5d983099	k__Bacteria; p__Proteobacteria; c__Deltaproteobacteria; o__Spirobacillales; f__; g__; s__	1.0
5bd4ae1933cde37d5244411db13ae5ca	k__Bacteria; p__Proteobacteria; c__Deltaproteobacteria; o__Desulfuromonadales; f__Geobacteraceae; g__Geobacter; s__	0.9
e82fb9c620ae92dfc33c870e484998d1	k__Bacteria; p__Proteobacteria; c__Betaproteobacteria; o__Burkholderiales; f__Comamonadaceae; g__Rubrivivax; s__gelatinosus	0.8
89202aecf780375a79a7f96df2492cd7	k__Bacteria; p__Proteobacteria; c__Alphaproteobacteria; o__RF32; f__; g__; s__	0.8
fb183105ce9ad5503a86a4d336ea4518	k__Bacteria; p__Proteobacteria; c__Alphaproteobacteria; o__Rhizobiales; f__Methylocystaceae; g__Pleomorphomonas	0.7
1db11480fd8969b59fe1917d709e32aa	k__Bacteria; p__Proteobacteria; c__TA18; o__CV90; f__; g__; s__	1.0
f98fd32371deb36f567675ab1ddb2ea8	k__Bacteria; p__Planctomycetes; c__Planctomycetia; o__Pirellulales; f__Pirellulaceae; g__; s__	1.0
ac3b7dc09bd1dfaf9b1357137fc21324	k__Bacteria; p__Bacteroidetes; c__Sphingobacteriia; o__Sphingobacteriales; f__; g__; s__	1.0
6faf22d2f087b57d837d93dbb8fbafe3	k__Bacteria; p__Bacteroidetes; c__[Saprospirae]; o__[Saprospirales]; f__Chitinophagaceae; g__; s__	1.0
35037409aebd93a9f3bbf921a6e8d4b3	k__Bacteria; p__Proteobacteria; c__Gammaproteobacteria; o__Legionellales; f__Coxiellaceae; g__Rickettsiella; s__	1.0
ee35a360a1b9d230fd6bde49874b1012	k__Bacteria; p__Proteobacteria; c__Alphaproteobacteria; o__Rhodospirillales; f__Rhodospirillaceae; g__Phaeospirillum	1.0
08313b62fae6458f31784097ec8964ad	Unassigned	0.0
0fa1fbe21b9ab1f556a45b11a2c5fedd	k__Bacteria; p__Bacteroidetes; c__[Saprospirae]; o__[Saprospirales]; f__Saprospiraceae; g__Lewinella; s__	0.6
02da87474a6782458471448b3f1a53e7	k__Bacteria; p__Proteobacteria; c__Gammaproteobacteria; o__Legionellales; f__Coxiellaceae; g__Aquicella; s__	1.0
aa65ed6b75961371eb53f21b06f383df	k__Bacteria; p__Proteobacteria; c__Alphaproteobacteria; o__Rickettsiales; f__; g__; s__	0.7
b4e471e0d200a588b4af9a3a068a411e	k__Bacteria; p__Verrucomicrobia; c__[Pedosphaerae]; o__[Pedosphaerales]; f__Ellin515; g__; s__	0.6
79d4fa721f9f2eff3863145f4c2facfd	k__Bacteria; p__Proteobacteria; c__Alphaproteobacteria; o__Rhizobiales	0.8
8fe9de99f63db0e1b0d667fb7d3f3e50	k__Bacteria; p__Bacteroidetes; c__Sphingobacteriia; o__Sphingobacteriales; f__; g__; s__	0.9
a5556d3fda0f700004b62c0e1779ba3e	k__Bacteria; p__Bacteroidetes	1.0
c2e1a7a2f473d625b982d0f7fe3e34a7	k__Bacteria; p__SR1; c__; o__; f__; g__; s__	1.0
64f1291678603aedd2c34bbf1ec3cb0f	k__Bacteria; p__Planctomycetes; c__Planctomycetia; o__Pirellulales; f__Pirellulaceae; g__; s__	0.9
b609442ed6fcfc96342c07ca7921efd3	k__Bacteria; p__Firmicutes; c__Clostridia; o__Clostridiales; f__Lachnospiraceae; g__; s__	0.9
bd7e5ba9099a0a5281d13caf1f7bc8ef	k__Bacteria; p__Proteobacteria; c__Alphaproteobacteria; o__; f__; g__; s__	1.0
4cc4e387736b2b46b9377367ae03530e	k__Bacteria; p__SR1; c__; o__; f__; g__; s__	1.0
64774ecefb212132bd4d32de7c13eeff	k__Bacteria; p__Bacteroidetes; c__[Saprospirae]; o__[Saprospirales]; f__Saprospiraceae; g__; s__	1.0
e19f30e1eeefe262169ba059622e3f1e	Unassigned	0.0
f07cf2df869bf41092efdeb6327ab209	k__Bacteria; p__Proteobacteria; c__Alphaproteobacteria; o__Rhodospirillales; f__Acetobacteraceae; g__; s__	1.0
613a05e3cdd5b721c93504c20197c622	k__Bacteria	1.0
91b7eb88859e87e48ccee830174c8e73	k__Bacteria	1.0
feab1344d2c382367ec4b820acbb699b	k__Bacteria; p__Bacteroidetes; c__Flavobacteriia; o__Flavobacteriales; f__Flavobacteriaceae; g__Flavobacterium; s__	0.6
91a1414119d6f3306324faafa2961c60	Unassigned	0.0
493c97b35eb2c9c3c524d68cb1000238	k__Bacteria; p__Spirochaetes; c__Spirochaetes; o__Spirochaetales; f__Spirochaetaceae; g__Spirochaeta; s__	1.0
9f865d9f00c5900214745b4c917be3fe	k__Bacteria; p__Actinobacteria; c__Thermoleophilia; o__Solirubrobacterales; f__; g__; s__	1.0
210ee6079ddbd799c97a28cd6f0b7f8b	k__Bacteria; p__Firmicutes; c__Clostridia; o__Clostridiales; f__; g__; s__	0.7
439f456bbeee6a1ebdf0e922814f307e	k__Bacteria; p__Proteobacteria; c__Gammaproteobacteria; o__Oceanospirillales; f__Halomonadaceae; g__Halomonas; s__	1.0
02a5848d8a3b8a5202d82e0fa1d6928e	k__Bacteria; p__Proteobacteria; c__Gammaproteobacteria; o__Legionellales; f__Coxiellaceae; g__; s__	0.8
8b692c343ce3f40bb23c2582f8514d7f	k__Bacteria; p__Proteobacteria; c__Betaproteobacteria; o__Rhodocyclales; f__Rhodocyclaceae; g__; s__	0.6
229bc581d4439b7dadf08a938656bd0f	k__Bacteria; p__Verrucomicrobia; c__Verrucomicrobiae; o__Verrucomicrobiales; f__Verrucomicrobiaceae; g__; s__	1.0
1c8a43e7d36ed2e9cc27ad94b47fe6da	k__Bacteria; p__Proteobacteria; c__Alphaproteobacteria; o__Rhizobiales; f__; g__; s__	0.6
eca4716c77ca68fa2deafbdfc642a75d	k__Bacteria; p__Chloroflexi; c__Anaerolineae; o__GCA004; f__; g__; s__	1.0
6a3b92c4e11c307f197d1e796f9ec104	k__Bacteria; p__Proteobacteria; c__Alphaproteobacteria; o__Caulobacterales; f__Caulobacteraceae; g__Phenylobacterium; s__	0.8
64d41ba670f03b03ee5aac584c6a28d0	k__Bacteria; p__Proteobacteria; c__Alphaproteobacteria; o__Rhizobiales; f__Rhizobiaceae; g__Rhizobium; s__	0.9
f0ff46af62f4bddf2ae17cab6adb8a7c	k__Bacteria; p__Proteobacteria; c__Betaproteobacteria; o__Burkholderiales; f__Alcaligenaceae; g__; s__	1.0
9fa2afdf850aad2c1dc8a6dc56d8fce2	k__Bacteria; p__Proteobacteria	0.9
379da558806924d26a666efa0fb6b934	k__Bacteria; p__Proteobacteria; c__Betaproteobacteria; o__; f__; g__; s__	1.0
ee112fb17fe57ca3984f671bffa6d35b	k__Bacteria; p__Verrucomicrobia; c__Verrucomicrobiae; o__Verrucomicrobiales; f__Verrucomicrobiaceae	1.0
91fe2bc314727d51799ed52ec0b9f668	k__Bacteria; p__Actinobacteria; c__Actinobacteria; o__Actinomycetales; f__; g__; s__	1.0
1fdc9f0a273f8fa2ab176c263a673b32	k__Bacteria; p__Bacteroidetes; c__[Saprospirae]; o__[Saprospirales]; f__Saprospiraceae; g__; s__	1.0
25409b71a477ac1be6267ef573492332	Unassigned	0.0
f5c6c5877074523e371e144202b9d12c	k__Bacteria; p__TM6; c__SBRH58; o__; f__; g__; s__	1.0
844f4898714782b43aa6b7358b71e831	k__Bacteria; p__Tenericutes; c__Mollicutes; o__Entomoplasmatales; f__; g__; s__	0.7
bbb8dee64b07b57ff0386abccb564380	k__Bacteria; p__Firmicutes; c__Clostridia; o__OPB54; f__; g__; s__	1.0
eb0e907f046c4a8a39b8ff702bedfd16	k__Bacteria; p__Bacteroidetes; c__[Saprospirae]; o__[Saprospirales]; f__Chitinophagaceae; g__; s__	1.0
09e32bc7a3e080fd4f356eb6b82dc8d1	k__Bacteria; p__Proteobacteria; c__Alphaproteobacteria; o__Rhodospirillales; f__Acetobacteraceae; g__; s__	0.9
9079cee912dabf90551654e93664fadd	k__Bacteria; p__Verrucomicrobia; c__[Spartobacteria]; o__[Chthoniobacterales]; f__[Chthoniobacteraceae]	1.0
7d6ec4e48b7a5af84b7d6f75e70b931d	k__Bacteria; p__Verrucomicrobia; c__Verrucomicrobiae; o__Verrucomicrobiales; f__Verrucomicrobiaceae; g__Prosthecobacter	0.7
97ab064d05f342c10756471084f82a4f	Unassigned	0.0
b5b78bc657e63003ab8d222e2b06320c	k__Bacteria; p__Planctomycetes; c__Planctomycetia; o__Pirellulales; f__Pirellulaceae; g__; s__	1.0
5169da8f83217da7140f8b03c8ec5844	k__Bacteria; p__Bacteroidetes; c__Cytophagia; o__Cytophagales; f__[Amoebophilaceae]; g__SC3-56; s__	0.6
a86e3d4363614889a23e3aa28daac537	k__Bacteria; p__Actinobacteria; c__Acidimicrobiia; o__Acidimicrobiales; f__; g__; s__	1.0
1558d10d4d5afdb464d437688730ced1	k__Bacteria; p__Proteobacteria; c__Alphaproteobacteria; o__Rhodospirillales; f__Rhodospirillaceae; g__Novispirillum; s__	0.8
b843a6466e8fa295673d5bb6e36e9d65	k__Bacteria; p__Proteobacteria; c__Betaproteobacteria; o__Procabacteriales; f__Procabacteriaceae; g__; s__	1.0
11ffa13487eb0371e29300d986b91693	k__Bacteria; p__TM6; c__SJA-4; o__; f__; g__; s__	1.0
7d2efae02012f242696837140e70d0e1	k__Bacteria; p__Proteobacteria; c__Alphaproteobacteria; o__Sphingomonadales; f__Sphingomonadaceae; g__Novosphingobium; s__	0.9
abad2b41e081ac4d3885f66095baaa1b	k__Bacteria; p__Proteobacteria; c__Deltaproteobacteria; o__Desulfuromonadales; f__Geobacteraceae; g__Geobacter; s__	0.9
65768190e1d83b26c089e288f601cd1b	k__Bacteria; p__Actinobacteria; c__Actinobacteria; o__Actinomycetales; f__ACK-M1; g__; s__	1.0
7225ab3d0b3b8dc78bd52ba28dc03a69	k__Bacteria; p__Proteobacteria; c__Gammaproteobacteria; o__Aeromonadales; f__Aeromonadaceae; g__; s__	0.8
cc8ac06d58aac3adc232c567cee85a41	k__Bacteria; p__Bacteroidetes; c__[Saprospirae]; o__[Saprospirales]; f__Saprospiraceae; g__; s__	0.8
60db64e611970acdec046af5f5c1779c	k__Bacteria; p__Actinobacteria; c__Actinobacteria; o__Actinomycetales; f__Microbacteriaceae; g__; s__	0.7
6228bf9ee2a3ee26123c3f457cae0ef7	k__Bacteria; p__Bacteroidetes; c__[Saprospirae]; o__[Saprospirales]	0.9
4db303cfbe2ba05531685f9b9259c043	k__Bacteria; p__Proteobacteria; c__Gammaproteobacteria; o__; f__; g__; s__	0.9
ee72eddb2d61565dc74493a5d86345c5	k__Bacteria; p__Proteobacteria; c__Gammaproteobacteria; o__Pseudomonadales; f__Moraxellaceae; g__Acinetobacter; s__	1.0
65d57eb0146e9352f27fa36dea48eb81	k__Bacteria; p__Proteobacteria; c__Deltaproteobacteria; o__Desulfarculales; f__Desulfarculaceae; g__; s__	1.0
b96edd0690929674f744de8ba5c90362	k__Bacteria; p__Proteobacteria; c__Deltaproteobacteria; o__Spirobacillales; f__; g__; s__	0.6
e9299e3da533a190c24579f6783014ea	k__Bacteria; p__Proteobacteria; c__Gammaproteobacteria; o__Pseudomonadales; f__Moraxellaceae; g__Perlucidibaca; s__	1.0
c5e2db08542f4b4cf18965c14b55472d	k__Bacteria; p__Planctomycetes; c__OM190; o__CL500-15; f__; g__; s__	1.0
0d8d88453b2db9d5f0087bb4aac8d339	k__Bacteria; p__Proteobacteria; c__Gammaproteobacteria; o__HTCC2188; f__HTCC2089; g__; s__	1.0
180799881b5bbcc5716335f42e81a5ef	k__Bacteria; p__Proteobacteria; c__Alphaproteobacteria; o__Rhizobiales; f__Hyphomicrobiaceae; g__; s__	0.8
312ffd4fcb5fce6879b45ad98e6ed7ff	k__Bacteria; p__Planctomycetes; c__OM190; o__CL500-15; f__; g__; s__	1.0
29550a7acde135af02ac6b4ea6ff44ee	k__Bacteria; p__Proteobacteria; c__Gammaproteobacteria; o__Alteromonadales; f__[Chromatiaceae]; g__Rheinheimera; s__	0.6
3306bb42aa8bdba162185760165ae2e9	k__Bacteria; p__Cyanobacteria; c__Synechococcophycideae; o__Pseudanabaenales; f__Pseudanabaenaceae; g__Leptolyngbya; s__	1.0
4f0ea18adb945ee52011998ece30c5d1	k__Bacteria; p__Proteobacteria; c__Betaproteobacteria; o__Rhodocyclales; f__Rhodocyclaceae; g__; s__	0.7
2ff0de6c59ac6a3d407a7176b87fb368	k__Bacteria; p__Proteobacteria; c__Betaproteobacteria; o__Burkholderiales	0.6
d1ce347ff9dbc31e44efc152684c21e8	k__Bacteria; p__Proteobacteria; c__Deltaproteobacteria; o__Myxococcales; f__; g__; s__	1.0
05f35965882b89af5263179c4dbdddab	k__Bacteria; p__Proteobacteria; c__TA18; o__PHOS-HD29; f__; g__; s__	1.0
a080b806f61c6fe2d50ee2f3ae9ae752	k__Bacteria; p__Proteobacteria; c__Alphaproteobacteria; o__Rhizobiales	1.0
74d1f83bbbb2f28959250f39128461f0	k__Bacteria; p__SR1; c__; o__; f__; g__; s__	1.0
ca4d30d64dce2064ccf729a086f9f9b8	k__Bacteria; p__Proteobacteria; c__Alphaproteobacteria; o__Rhizobiales; f__; g__; s__	1.0
263a8b95f9531f5cb8f922bfdfd1a2a4	k__Bacteria; p__Bacteroidetes; c__Sphingobacteriia; o__Sphingobacteriales; f__; g__; s__	1.0
b733798af1dd133859c65120557edc0e	k__Bacteria; p__Bacteroidetes; c__Sphingobacteriia; o__Sphingobacteriales; f__; g__; s__	1.0
f8d2f64818e84fade265bfaa5dffd68a	k__Bacteria; p__Proteobacteria; c__TA18; o__CV90; f__; g__; s__	1.0
5ef7f9a064aec985727c273f0436e162	k__Bacteria; p__Actinobacteria; c__Actinobacteria; o__Actinomycetales; f__ACK-M1; g__; s__	1.0
df828062bd3eb2da2ab0fd446bc01235	k__Bacteria; p__Acidobacteria; c__Acidobacteria-6; o__iii1-15; f__; g__; s__	1.0
a4e40f1579f266f00e65e650cc7d94df	k__Bacteria; p__Proteobacteria; c__TA18; o__PHOS-HD29; f__; g__; s__	0.6
828093587b652793eb139e7460150c80	k__Bacteria; p__Proteobacteria; c__Gammaproteobacteria	0.6
21cceec4bd02818ad62a28062ec7fa79	k__Bacteria; p__Cyanobacteria; c__Chloroplast; o__Stramenopiles; f__; g__; s__	1.0
c18b26ba0a4262250898312d16a6c0ac	k__Bacteria; p__Chlorobi; c__OPB56; o__; f__; g__; s__	1.0
82c889e112fcb52a04397d845c0046c8	k__Bacteria; p__Proteobacteria; c__TA18; o__PHOS-HD29; f__; g__; s__	0.8
52a18cd37310a518f7c630dcc65d330a	k__Bacteria; p__Proteobacteria; c__Deltaproteobacteria; o__Spirobacillales; f__; g__; s__	1.0
63795a336c2bae429e068cff89051045	k__Bacteria; p__Bacteroidetes; c__Cytophagia; o__Cytophagales; f__Cytophagaceae; g__Spirosoma; s__	1.0
a1bcc4cf32f423d3a77af841958fcb60	k__Bacteria; p__Proteobacteria; c__Betaproteobacteria; o__Burkholderiales; f__Comamonadaceae	1.0
e9eea1cffaf45d2f47992f72886d3cee	k__Bacteria; p__Gemmatimonadetes; c__Gemm-1; o__; f__; g__; s__	1.0
da9a0bd81614124af7e8cf962df5c9da	k__Bacteria; p__SR1; c__; o__; f__; g__; s__	1.0
ee57607cb899d023bc46aba3c5dc12af	Unassigned	0.0
7d0dde0d8cee13f780f613b28606a3c9	k__Bacteria; p__Fibrobacteres	0.9
4ef5602df2b05d134b3bbfba02ae8a69	k__Bacteria; p__Proteobacteria; c__Gammaproteobacteria; o__Legionellales; f__; g__; s__	1.0
b1fca81a79b95f20f7d9ae7c04400330	k__Bacteria; p__Bacteroidetes; c__Sphingobacteriia; o__Sphingobacteriales; f__; g__; s__	1.0
0f270e0917a7863c09d44cba75b76e96	k__Bacteria; p__Proteobacteria; c__Betaproteobacteria; o__Methylophilales; f__Methylophilaceae; g__Methylotenera; s__mobilis	0.9
24e690b46ea42f9af7888e8fabf8b127	k__Bacteria; p__Proteobacteria; c__Alphaproteobacteria; o__Rickettsiales; f__; g__; s__	1.0
eee075c39888dac5fe0be9ab4e603767	k__Bacteria; p__Firmicutes; c__Bacilli; o__Bacillales	0.9
d94220847b62d7973fb6b1f77452bce1	k__Bacteria; p__Lentisphaerae; c__[Lentisphaeria]; o__Victivallales; f__Victivallaceae; g__; s__	0.9
64459909b87d7675e6f2df80410571fc	k__Bacteria; p__Proteobacteria; c__Alphaproteobacteria; o__Sphingomonadales; f__Sphingomonadaceae; g__Novosphingobium; s__	0.6
c6a0fe698df973b24ab7f74d959f5e24	k__Bacteria; p__Actinobacteria; c__Acidimicrobiia; o__Acidimicrobiales; f__C111; g__; s__	1.0
3c4e8497bc9d85434aa7573382cb6b00	k__Bacteria; p__Proteobacteria; c__Deltaproteobacteria; o__Bdellovibrionales; f__Bdellovibrionaceae; g__Bdellovibrio; s__	0.8
f7bc06025061b30169f60ebacc12c117	k__Bacteria; p__Proteobacteria; c__Deltaproteobacteria; o__Desulfuromonadales; f__Desulfuromonadaceae; g__; s__	1.0
8a6dcf7919a049e7628355a7840b5555	k__Bacteria; p__Proteobacteria; c__Alphaproteobacteria; o__Rhodospirillales; f__Rhodospirillaceae; g__; s__	1.0
b1ceb092dbcb12071b2e15e6b1d86f78	k__Bacteria; p__Proteobacteria	0.8
41c8d8d817ec79bdfa2301942847ac99	k__Bacteria; p__Proteobacteria; c__Alphaproteobacteria; o__Rhodospirillales; f__Acetobacteraceae; g__; s__	1.0
67ca492af76b1a6b31ad44b4b9ad8845	k__Bacteria; p__Proteobacteria; c__Betaproteobacteria; o__Neisseriales; f__Neisseriaceae	0.9
bd816d244e0adc3b21fd4059f9a743a4	k__Bacteria; p__Proteobacteria; c__Alphaproteobacteria; o__Rhizobiales; f__Hyphomicrobiaceae; g__Hyphomicrobium; s__	1.0
99ef796788550275d99681088c722cfd	k__Bacteria; p__Bacteroidetes	0.8
5987bb670569914919ef18af67db6a39	Unassigned	0.0
f41441fba9c157f6525927bb3967631c	k__Bacteria; p__Bacteroidetes; c__Bacteroidia; o__Bacteroidales; f__[Paraprevotellaceae]; g__[Prevotella]; s__	1.0
496b4ab18bb9f84c17c74eb489238f3e	Unassigned	0.0
9437c289270669e81b289a811792ba4d	k__Bacteria; p__Planctomycetes; c__Planctomycetia; o__Pirellulales; f__Pirellulaceae; g__; s__	1.0
36d198ac8951b62add15232cd89d2427	k__Bacteria; p__Proteobacteria; c__Alphaproteobacteria; o__Rhizobiales; f__Phyllobacteriaceae	0.9
11a054e9958f59bfa769eb800f4dc476	k__Bacteria; p__Actinobacteria; c__Actinobacteria; o__Actinomycetales; f__; g__; s__	0.7
fb0a5a158f61c6183bc7d8901640117c	k__Bacteria; p__Proteobacteria; c__Deltaproteobacteria; o__Myxococcales; f__; g__; s__	1.0
5eb648e2c36f1be5e121a0e13674835e	k__Bacteria; p__Bacteroidetes; c__Flavobacteriia; o__Flavobacteriales; f__Cryomorphaceae; g__Fluviicola; s__	1.0
618e1c93194dc02fcfe7263b1fbbabea	k__Bacteria; p__Cyanobacteria; c__Nostocophycideae; o__Nostocales; f__Nostocaceae; g__Anabaena	0.6
42fcab647e6298f99c53099e967aabd1	k__Bacteria; p__Bacteroidetes; c__[Saprospirae]; o__[Saprospirales]; f__Chitinophagaceae; g__; s__	1.0
155e67d1c65a1a8e7bda7a61cab05f0a	k__Bacteria; p__Proteobacteria; c__Gammaproteobacteria; o__Alteromonadales; f__[Chromatiaceae]; g__Rheinheimera; s__	1.0
ae725c0e18223a6e63b8210ece908f8b	k__Bacteria; p__Cyanobacteria; c__Chloroplast; o__Cryptophyta; f__; g__; s__	1.0
b3ceb7dbc454129718923439197a2e30	k__Bacteria; p__[Thermi]; c__Deinococci; o__Thermales; f__Thermaceae; g__Meiothermus; s__	1.0
c792e699b143b36a57437d13c517c92d	k__Bacteria; p__Proteobacteria; c__Betaproteobacteria; o__MWH-UniP1; f__; g__; s__	1.0
125c77213066b05eb50df654ed5db528	k__Bacteria; p__Firmicutes; c__Bacilli; o__Bacillales; f__Listeriaceae	0.6
cb04ace027ac0a86a57ded6c81418add	k__Bacteria; p__Proteobacteria; c__Gammaproteobacteria; o__Chromatiales; f__; g__; s__	0.9
db52b28aacb3672fcb3f3f6547d9f631	k__Bacteria; p__Proteobacteria; c__Betaproteobacteria; o__Burkholderiales; f__Comamonadaceae; g__Hydrogenophaga; s__	0.7
c91d849ff7553fca253f3815ff80926d	k__Bacteria; p__Firmicutes; c__Clostridia; o__Clostridiales; f__Peptostreptococcaceae; g__; s__	1.0
8d3716432a1f952b7b98df6030a5db31	k__Bacteria; p__Proteobacteria; c__Alphaproteobacteria; o__Sphingomonadales; f__Sphingomonadaceae; g__; s__	0.7
cb0827eec6131317b348655c35ba5b1b	k__Bacteria; p__Proteobacteria; c__Betaproteobacteria; o__Methylophilales; f__Methylophilaceae; g__; s__	0.6
da7751c83addb67e4de6e915bcfc0a75	Unassigned	0.0
40bd7d99c6a4068a933d3b415dd7c779	k__Bacteria; p__Acidobacteria; c__[Chloracidobacteria]; o__PK29; f__; g__; s__	1.0
3eae4c50bb4b1f312c786d3ff4a00f1a	k__Bacteria; p__Bacteroidetes; c__Cytophagia; o__Cytophagales; f__Cytophagaceae	0.6
ba96d64ff3aa8fe0acea73c785fcea2d	Unassigned	0.0
27657311811aaf2ba659dc6dfa010a0d	k__Bacteria; p__Bacteroidetes; c__Flavobacteriia; o__Flavobacteriales; f__Cryomorphaceae; g__; s__	1.0
64ae57c36d24a8a90133ad8bca9baa92	k__Bacteria; p__Proteobacteria; c__Alphaproteobacteria; o__Rhizobiales; f__; g__; s__	0.9
d58b9e62386dfb6042df93320fcd7899	k__Bacteria; p__Elusimicrobia	1.0
6be6827f0f8fdbd46674a63863695a93	k__Bacteria; p__Proteobacteria; c__Alphaproteobacteria; o__Rhodospirillales; f__Acetobacteraceae; g__; s__	0.6
476fa76707a332ff7dfdcc3f789fc495	k__Bacteria; p__Planctomycetes; c__Planctomycetia; o__Gemmatales; f__Gemmataceae; g__Gemmata; s__	1.0
21caa0f4abde9ba87f880697efe37fb8	k__Bacteria; p__Proteobacteria; c__Betaproteobacteria; o__Rhodocyclales; f__Rhodocyclaceae; g__Dechloromonas; s__	1.0
ee049f60be22d697588545d38203ccfc	k__Bacteria; p__Bacteroidetes; c__Bacteroidia; o__Bacteroidales; f__Porphyromonadaceae; g__Paludibacter; s__	1.0
f99cd06f082c4aa6c66f4c8c573ab4f4	k__Bacteria; p__Proteobacteria; c__Deltaproteobacteria; o__Desulfuromonadales; f__Geobacteraceae; g__Geobacter; s__	0.8
21abb9e139dc4a25fcdac97797077277	k__Bacteria; p__Firmicutes; c__Erysipelotrichi; o__Erysipelotrichales; f__Erysipelotrichaceae; g__RFN20; s__	0.8
16a29e6520e8eeacb4324bb0ca8d3375	k__Bacteria; p__Cyanobacteria; c__Chloroplast; o__Chlorophyta; f__; g__; s__	0.6666666666666666
b1f2d1b35d32617a047889ba5b26f66c	k__Bacteria; p__Planctomycetes; c__Planctomycetia; o__Gemmatales; f__Gemmataceae; g__Gemmata; s__	1.0
6f69a873a26f851e85b9935f61419474	k__Bacteria; p__Planctomycetes; c__Planctomycetia; o__Gemmatales; f__Gemmataceae; g__Gemmata; s__	1.0
fc78dce8565237ce13c6c618ad9941dd	k__Bacteria; p__Bacteroidetes; c__Flavobacteriia; o__Flavobacteriales; f__Cryomorphaceae; g__; s__	1.0
c202455d7eb9093fc33d71c40e1c6581	k__Bacteria; p__Bacteroidetes; c__[Saprospirae]; o__[Saprospirales]; f__Saprospiraceae; g__; s__	0.9
a60bd120556dac6833a8189205ddd09f	k__Bacteria; p__Proteobacteria; c__Alphaproteobacteria; o__BD7-3; f__; g__; s__	1.0
f2873d4c62e7e2314ff24f45dd9096ab	k__Bacteria; p__Planctomycetes; c__Planctomycetia; o__B97; f__; g__; s__	0.6
c2e0dfb6ce8e3e372d5912d456753b3f	k__Bacteria; p__Cyanobacteria; c__4C0d-2; o__YS2; f__; g__; s__	0.6
bb380da25e163ee88b555d0bef0902d3	k__Bacteria; p__Planctomycetes; c__Planctomycetia; o__Planctomycetales; f__Planctomycetaceae; g__Planctomyces; s__	1.0
0552ca57a3c6bee86c4897c93c952f23	k__Bacteria; p__Proteobacteria; c__Alphaproteobacteria; o__Rhizobiales; f__Hyphomicrobiaceae; g__; s__	1.0
83d439fc1b4fabc9f4282a8ed15186bd	k__Bacteria	1.0
b0fcc24d416540a3268cc0195e86783b	k__Bacteria; p__Proteobacteria; c__Alphaproteobacteria; o__; f__; g__; s__	1.0
b3cc135b430bbcd04d1d75819740e7fc	k__Bacteria; p__Planctomycetes; c__Planctomycetia; o__Pirellulales; f__Pirellulaceae; g__; s__	1.0
2acd660616cf321a6b6db5bdc3ac07f6	k__Bacteria; p__Proteobacteria; c__Deltaproteobacteria; o__GMD14H09; f__; g__; s__	1.0
6c79078f6078765354a423ca896fc9cb	k__Bacteria; p__WS3; c__PRR-12; o__GN03; f__; g__; s__	0.8333333333333334
922c8f68e05e38f63933b14aa2b355ec	k__Bacteria; p__Proteobacteria; c__Alphaproteobacteria	0.9
d98cefe552478d07dd7fd84ff4d0bcfd	k__Bacteria; p__Planctomycetes; c__Planctomycetia; o__Pirellulales; f__Pirellulaceae; g__; s__	0.9
0a2ab22670abec917abf0591eed81c71	k__Bacteria; p__Bacteroidetes; c__[Saprospirae]; o__[Saprospirales]; f__Saprospiraceae; g__; s__	0.9
5658f9728d3b34990185af7334d54dd0	k__Bacteria; p__Proteobacteria; c__Deltaproteobacteria; o__Desulfobacterales; f__Desulfobulbaceae; g__; s__	0.7
76818155a26e1c9c3daf9a38f07ab3ef	k__Bacteria; p__Proteobacteria; c__Deltaproteobacteria; o__Desulfovibrionales; f__Desulfovibrionaceae; g__Desulfovibrio; s__	1.0
bcd91a31e3576bda746b06b52b85208b	k__Bacteria; p__Proteobacteria; c__Alphaproteobacteria; o__Rhodospirillales; f__Rhodospirillaceae; g__; s__	0.9
e4f026bd06d01df393db7debee310b7e	k__Bacteria; p__Proteobacteria; c__Alphaproteobacteria; o__Sphingomonadales; f__Erythrobacteraceae; g__; s__	0.6
aaa582d8c97d61ffaa587d5e044f0968	k__Bacteria; p__Actinobacteria; c__Actinobacteria; o__Actinomycetales; f__; g__; s__	0.9
d2b09488e3976d997ed3c119f3e97b6c	k__Bacteria; p__Proteobacteria; c__Gammaproteobacteria; o__Methylococcales; f__Crenotrichaceae; g__Crenothrix; s__	1.0
be8ea6d5ee684b4668d1d7f9a74e4819	k__Bacteria; p__Proteobacteria; c__Alphaproteobacteria; o__Rhodospirillales	1.0
c287d47e5f7a25ce3593a98ba4434c1a	k__Bacteria; p__Proteobacteria; c__Alphaproteobacteria; o__Sphingomonadales; f__Sphingomonadaceae; g__Novosphingobium; s__	1.0
879060a2c56ea11517bdf7ae054c0a05	k__Bacteria; p__OD1; c__ABY1; o__; f__; g__; s__	0.9
1efa7e998e8cd25e0b39937c638c52e2	k__Bacteria; p__Proteobacteria; c__Alphaproteobacteria; o__Rickettsiales; f__; g__; s__	1.0
8c3117575b892640f902b417efafe7e4	k__Bacteria; p__Proteobacteria; c__Gammaproteobacteria	0.7
55c93e819106ce8b15a43b118a491d94	k__Bacteria; p__Cyanobacteria; c__Chloroplast; o__Stramenopiles; f__; g__; s__	1.0
6532dd62b320de39953a57163dbbd0d0	k__Bacteria; p__Bacteroidetes; c__Cytophagia; o__Cytophagales; f__[Amoebophilaceae]; g__SC3-56; s__	0.6
38a55767304648eae712971be65a1410	k__Bacteria; p__Proteobacteria; c__Alphaproteobacteria; o__Rhizobiales; f__Rhizobiaceae; g__Agrobacterium; s__	0.9
ee64bf21ed7d14bbe98960f0c00ca497	k__Bacteria; p__Verrucomicrobia; c__[Pedosphaerae]; o__[Pedosphaerales]; f__[Pedosphaeraceae]	0.7
f742e0a632d516f0f45f595ea8de5c72	k__Bacteria; p__Proteobacteria; c__Deltaproteobacteria; o__MIZ46; f__; g__; s__	1.0
bebe370cf12130bfd811c734262c80d2	k__Bacteria; p__Proteobacteria; c__Deltaproteobacteria; o__Syntrophobacterales; f__Syntrophaceae	1.0
e78531e260306b8f22de164a7638aaed	k__Bacteria; p__Actinobacteria; c__Actinobacteria; o__Actinomycetales	0.9
d0e59421437fd1f0d04c9b35e9cfa657	k__Bacteria; p__Proteobacteria; c__Betaproteobacteria; o__; f__; g__; s__	0.7
285496c35af2c5fff8720f6e783b5e4a	k__Bacteria; p__Firmicutes; c__Clostridia; o__Clostridiales; f__Clostridiaceae; g__Clostridium; s__	0.9
1c913764125f008582a496b0348ef3d0	k__Bacteria; p__Bacteroidetes; c__Sphingobacteriia; o__Sphingobacteriales; f__; g__; s__	0.8
af168167c18dd51fe3bea554173a3ba8	k__Bacteria; p__Proteobacteria; c__Alphaproteobacteria; o__Rhodobacterales; f__Rhodobacteraceae; g__Rhodobacter; s__	0.8
25967333db92c9a01f22ea75f93295aa	k__Bacteria; p__Cyanobacteria; c__Synechococcophycideae; o__Pseudanabaenales; f__Pseudanabaenaceae; g__; s__	0.5714285714285714
b01e4c9da918e3b3f5c6048c2f41aa86	k__Bacteria; p__Proteobacteria; c__Alphaproteobacteria; o__Rickettsiales; f__; g__; s__	1.0
ae39243f783f43cb7df0fe88070b1316	k__Bacteria; p__Proteobacteria; c__Deltaproteobacteria; o__Myxococcales; f__; g__; s__	1.0
684f682d51f853e82995cf64727d68ce	k__Bacteria; p__Bacteroidetes; c__[Saprospirae]; o__[Saprospirales]; f__Chitinophagaceae; g__; s__	0.7
b6523ec9b498680c17fe705190ab0712	k__Bacteria; p__Proteobacteria; c__Alphaproteobacteria; o__Rickettsiales; f__mitochondria	0.8
f1628f7d30db70e20dd67fffce1ac3aa	k__Bacteria; p__Firmicutes; c__Clostridia; o__Clostridiales; f__Ruminococcaceae; g__; s__	0.9
360bc39b280e01a9d3b15c4701e10389	k__Bacteria; p__Nitrospirae; c__Nitrospira; o__Nitrospirales; f__Nitrospiraceae; g__Nitrospira; s__	1.0
d246c9b6bb229aedc8092979cb57f341	k__Bacteria; p__Proteobacteria; c__Alphaproteobacteria; o__Rhizobiales; f__; g__; s__	0.7
46d5e31acd99e762bede935ac4240159	Unassigned	0.0
7457823ed6ba6f291d3a95f823203a9f	k__Bacteria; p__Actinobacteria; c__Thermoleophilia; o__Gaiellales; f__AK1AB1_02E; g__; s__	1.0
23d59aee4e490ebeeeb8368558ca08b3	Unassigned	0.0
409b0fe5769b5bdb7288326777d54758	k__Bacteria; p__Proteobacteria; c__Betaproteobacteria; o__Burkholderiales; f__Oxalobacteraceae	0.6
9f65722287c06f84bae3ed3e2c7a6b16	Unassigned	0.0
007d5457b9ff7dd731a541e4b26b127c	Unassigned	0.0
40760f0cd0a759cfd7f0b3d31da26d1f	k__Bacteria; p__Proteobacteria; c__Alphaproteobacteria; o__Rhodospirillales; f__Rhodospirillaceae; g__; s__	0.6
2cd97be59e6312a0ce9b540450b7f00f	k__Bacteria; p__Proteobacteria; c__Alphaproteobacteria; o__Rhizobiales	0.9
a9583ed229817bb31a47632e70e45da2	k__Bacteria; p__Bacteroidetes; c__Flavobacteriia; o__Flavobacteriales; f__Cryomorphaceae; g__; s__	1.0
a6127735d25a9dafeab2d4689e6cfe5a	k__Bacteria; p__OP8; c__OP8_1; o__; f__; g__; s__	1.0
510ac274f2eac13c730a0fa1de968f43	k__Bacteria; p__Proteobacteria	0.75
f0f729482d08d666bb3bf946fca0370b	k__Bacteria; p__Bacteroidetes; c__Cytophagia; o__Cytophagales; f__Cytophagaceae; g__; s__	1.0
f952c96d2feb9944ff2a9c16f02ccf5e	k__Bacteria; p__Proteobacteria; c__Betaproteobacteria; o__MWH-UniP1; f__; g__; s__	0.9
782573669d63d5b3cdd2725e17254410	k__Bacteria; p__Cyanobacteria; c__Chloroplast; o__Chlorophyta; f__; g__; s__	0.9
36008d7bae792ae31a609eebdc30e045	k__Bacteria; p__Firmicutes; c__Clostridia; o__Clostridiales; f__Lachnospiraceae; g__Epulopiscium; s__	1.0
9701cf430bf8f977472257e17707e652	k__Bacteria; p__GN02; c__BD1-5; o__; f__; g__; s__	1.0
9e12ece2cd7af2461c39f813f3e432a6	k__Archaea; p__Euryarchaeota; c__Methanomicrobia; o__Methanosarcinales; f__Methanosaetaceae; g__Methanosaeta; s__	1.0
c35e2e2c33d90506d1b2756fbc3d6baa	k__Bacteria; p__Verrucomicrobia; c__[Pedosphaerae]; o__[Pedosphaerales]; f__; g__; s__	0.9
7a76ecbe685b80c6289d462b278363ee	k__Bacteria; p__Firmicutes; c__Clostridia; o__Clostridiales	1.0
910df7cfb0b911618a3a1ef0f4dcf40a	k__Bacteria; p__Verrucomicrobia; c__Verrucomicrobiae; o__Verrucomicrobiales; f__Verrucomicrobiaceae; g__Prosthecobacter; s__	0.9
dbd1964e043b22d24c96858b01685bda	k__Bacteria; p__Bacteroidetes; c__Flavobacteriia; o__Flavobacteriales; f__[Weeksellaceae]; g__Chryseobacterium; s__	1.0
99d52a562411fbe591262d8fe45f8b17	k__Bacteria; p__Tenericutes; c__Mollicutes; o__RF39; f__; g__; s__	1.0
3b551835592c941f2bb7133ccc4d2d82	k__Archaea; p__[Parvarchaeota]; c__[Parvarchaea]; o__YLA114; f__; g__; s__	1.0
a9bb03a9935798bfbe5c4cc813ee709e	k__Bacteria; p__Proteobacteria; c__Gammaproteobacteria; o__Pseudomonadales; f__Moraxellaceae; g__Perlucidibaca; s__	1.0
908c79487bd38a7560b3f03c4e55a294	k__Bacteria; p__Planctomycetes; c__Planctomycetia; o__Pirellulales; f__Pirellulaceae; g__; s__	1.0
5ddd85307416887304385218652045e6	k__Bacteria; p__OD1; c__ZB2; o__; f__; g__; s__	1.0
36549fc330d49842eb66d4b04bf04c5b	Unassigned	0.0
021e85a397d55a690e933acca2d624e3	k__Bacteria; p__GN02; c__BD1-5; o__; f__; g__; s__	1.0
28a806c3ddb22616058be43e97c25c82	k__Bacteria; p__Proteobacteria; c__Gammaproteobacteria; o__Alteromonadales; f__HTCC2188; g__HTCC; s__	1.0
09f7ce28e1f222a27e5ddf71f2070282	k__Bacteria; p__Bacteroidetes; c__Sphingobacteriia; o__Sphingobacteriales; f__; g__; s__	1.0
d62b915a1ae78d0af59c60b7d9db60d4	k__Bacteria; p__Proteobacteria; c__Alphaproteobacteria; o__Rhodobacterales	0.8
3d5ca742bcf3bea44fcceced54fba567	k__Bacteria; p__Cyanobacteria; c__Chloroplast; o__Stramenopiles; f__; g__; s__	1.0
0861d91d03a7ae10666d15371fe7b3cd	k__Bacteria; p__Firmicutes; c__Clostridia; o__Clostridiales; f__Lachnospiraceae; g__; s__	0.7
faaf5b792e582060545c67d091b6da45	k__Bacteria; p__Bacteroidetes; c__Sphingobacteriia; o__Sphingobacteriales; f__Sphingobacteriaceae; g__; s__	0.9
026b0fc104751b1a9516dd0564a56ebc	k__Bacteria; p__Cyanobacteria; c__Chloroplast; o__Streptophyta; f__; g__; s__	1.0
4f1936fb7717bff4f53adeec1d4dfbf6	k__Bacteria; p__Proteobacteria; c__Deltaproteobacteria; o__Bdellovibrionales; f__Bdellovibrionaceae; g__Bdellovibrio; s__	1.0
50abfacfc6846dfda7569c1c7b4a5c61	k__Bacteria; p__Proteobacteria; c__Alphaproteobacteria; o__Sphingomonadales; f__Sphingomonadaceae; g__Kaistobacter; s__	1.0
0d4b6f8be7dc298a0b6e877e127db41f	k__Bacteria; p__OP3	1.0
6a159cb06f54641d190e0ae3ac24a494	Unassigned	0.0
db86ca3916338d2603bdd3bb0e9c5876	k__Bacteria; p__Actinobacteria; c__Acidimicrobiia; o__Acidimicrobiales; f__EB1017; g__; s__	1.0
276e18016f60c37cf0ae4382fb7a9e3e	k__Bacteria; p__Bacteroidetes; c__Cytophagia; o__Cytophagales; f__Cytophagaceae; g__; s__	1.0
805229ae9c4233d43e95f3aa50c2b0af	k__Bacteria; p__Bacteroidetes; c__[Saprospirae]; o__[Saprospirales]; f__Chitinophagaceae; g__; s__	1.0
6338adb43d747f964b8c8eaccc05133b	k__Bacteria; p__Planctomycetes; c__Planctomycetia; o__Pirellulales; f__Pirellulaceae; g__; s__	1.0
f9dbd92260ddb3246eefd250eb0a06ea	k__Bacteria; p__Proteobacteria; c__Gammaproteobacteria; o__Aeromonadales; f__Aeromonadaceae	0.8
feb43c2d6061245b3b0ed9a9c43500ff	k__Bacteria; p__Tenericutes; c__Mollicutes; o__RF39; f__; g__; s__	1.0
72eb71c3fa84fef1ca3b174f3a19b96e	k__Bacteria; p__Proteobacteria; c__Alphaproteobacteria; o__Rhizobiales; f__; g__; s__	0.6
80e03351283e62fbc966055514aa5885	k__Bacteria; p__Proteobacteria; c__Betaproteobacteria; o__Burkholderiales; f__Comamonadaceae	1.0
d1a4ef0f86e5c3c157dfc59c944e9881	k__Bacteria; p__Bacteroidetes; c__[Saprospirae]; o__[Saprospirales]; f__Chitinophagaceae	1.0
e219d23301e2ab52415be0d0e9ebf8eb	k__Bacteria; p__TM6; c__SBRH58; o__; f__; g__; s__	1.0
6e07c7e76cf767e2bbc02c01eca02eca	k__Bacteria; p__Cyanobacteria; c__Chloroplast; o__Stramenopiles; f__; g__; s__	1.0
3e3973f394be7c7df0d98d22ee3ea9a1	k__Bacteria; p__OD1; c__ABY1; o__; f__; g__; s__	0.9
0985fe177914022c88d1109a4f9b8386	k__Bacteria; p__Proteobacteria; c__Betaproteobacteria; o__Burkholderiales; f__Comamonadaceae	1.0
150c1e2876b584e12ebd68c9b3230b71	k__Bacteria; p__Proteobacteria; c__Deltaproteobacteria; o__Myxococcales; f__; g__; s__	1.0
298fd18b152da18532da7423049aec8d	k__Bacteria; p__Proteobacteria; c__Gammaproteobacteria; o__Alteromonadales; f__211ds20; g__; s__	0.9
c645ab1db9a98b3756758c9c9b849ece	k__Bacteria; p__Proteobacteria; c__Gammaproteobacteria; o__Pseudomonadales; f__Moraxellaceae; g__Acinetobacter; s__	1.0
57ab7bfb09f60223a61e88357393cba4	k__Bacteria; p__Proteobacteria; c__Alphaproteobacteria; o__Ellin329; f__; g__; s__	0.8
70ed608aaa320ebf28484b4d5887fa4e	k__Bacteria; p__Proteobacteria; c__Betaproteobacteria; o__Burkholderiales; f__Comamonadaceae; g__Hydrogenophaga; s__	1.0
69d8c01db30da769053f2bd31f0b5498	k__Bacteria; p__Proteobacteria; c__Alphaproteobacteria; o__Rhodospirillales; f__Rhodospirillaceae; g__; s__	0.9
e5738935e3afb170683ce8234be36186	k__Bacteria; p__Planctomycetes; c__vadinHA49; o__DH61; f__; g__; s__	1.0
e245b75d534e4cc56123a6d270f66e64	k__Bacteria; p__Bacteroidetes; c__Flavobacteriia; o__Flavobacteriales; f__Cryomorphaceae; g__Crocinitomix; s__	1.0
cf33be4f9e1efda1469efe790a46981b	Unassigned	0.0
20d78cf1f968bc4dfa8af0cbf643d414	k__Bacteria; p__Proteobacteria; c__Alphaproteobacteria; o__Rhizobiales; f__Methylocystaceae; g__Pleomorphomonas	0.9
20b30a6675fab29e93d72e1b3f46e897	k__Bacteria; p__Bacteroidetes; c__[Saprospirae]; o__[Saprospirales]; f__Chitinophagaceae; g__; s__	1.0
307891f01c05d4d9d2732a09cbdc4479	k__Bacteria; p__Proteobacteria; c__Alphaproteobacteria; o__Rhizobiales; f__; g__; s__	1.0
3a6820b4febee298dac4bb947a82c3be	k__Bacteria; p__Proteobacteria; c__Alphaproteobacteria; o__Rhizobiales; f__Methylocystaceae; g__Methylosinus	0.8
0731a897b884dcaa538e51dc7847d7a1	k__Bacteria; p__Actinobacteria; c__Acidimicrobiia; o__Acidimicrobiales; f__; g__; s__	1.0
63754971bcc15e675785e4244ab384b6	k__Bacteria; p__Bacteroidetes; c__[Saprospirae]; o__[Saprospirales]; f__Chitinophagaceae; g__; s__	1.0
4ee947b2b77206768874abc9d68b6099	k__Bacteria; p__Bacteroidetes	1.0
a1d253747dfe685cd2b7a3275e981655	k__Bacteria; p__Planctomycetes; c__vadinHA49; o__DH61; f__; g__; s__	1.0
17ac4e0c1e9cc07cdf20d191db36713a	k__Bacteria; p__Proteobacteria; c__Betaproteobacteria; o__Nitrosomonadales; f__Nitrosomonadaceae; g__; s__	1.0
8151ccdcfce2e2a4f18141439c5247c6	k__Bacteria; p__TM6; c__SJA-4; o__; f__; g__; s__	0.9
95fadb646d07d5b1de31d896f9ffee07	k__Bacteria; p__Bacteroidetes; c__Cytophagia; o__Cytophagales; f__[Amoebophilaceae]; g__SC3-56; s__	0.6
7b0df125b48ee0584b5e3d27d05ce75b	k__Bacteria; p__OD1; c__ABY1; o__; f__; g__; s__	1.0
624aae2d942514aaf689cc2afd18ba08	k__Bacteria; p__Proteobacteria; c__Alphaproteobacteria; o__Rhizobiales; f__; g__; s__	1.0
db2daa5519916d9196d36b74d4aec283	k__Bacteria; p__Proteobacteria; c__Alphaproteobacteria; o__; f__; g__; s__	1.0
46a72bec969bd1d0e6b712af3a09deb1	k__Bacteria	1.0
6c87d9b4e017a62df1b88cb5a7bd00b1	k__Bacteria; p__Proteobacteria	0.8
44ea501105fe9d6c8dfe31e392051563	k__Bacteria; p__Proteobacteria; c__Alphaproteobacteria; o__Rhodospirillales; f__Rhodospirillaceae; g__; s__	1.0
550989e8664dcee8f7cfdc68031e71fa	k__Bacteria; p__Fusobacteria; c__Fusobacteriia; o__Fusobacteriales; f__Fusobacteriaceae; g__u114; s__	0.8
f33a20d104031be6b49c3c2146ea8632	k__Bacteria; p__Proteobacteria; c__Alphaproteobacteria; o__Rhodobacterales; f__Rhodobacteraceae; g__Rhodobacter; s__	1.0
a66a0761ecca655fa19fcffe529115f0	k__Bacteria; p__Firmicutes; c__Bacilli	0.9
797335d659e0b99a44bc8b185c4f79a4	k__Bacteria; p__Proteobacteria; c__Betaproteobacteria; o__Burkholderiales; f__Comamonadaceae	1.0
5bb4d53bf1638d16e5dc321714a20772	Unassigned	0.0
841b56b4ddf367e23a8cbca07b7a0839	k__Bacteria; p__Proteobacteria	1.0
3db402ab087c1b15c6b353e082265cec	k__Bacteria; p__Planctomycetes; c__vadinHA49; o__DH61; f__; g__; s__	1.0
9f7207aec73106c937379504f04f32bc	k__Bacteria; p__Proteobacteria; c__Gammaproteobacteria; o__Alteromonadales	1.0
a00a30e1cc79f4e1e1f5ab945cf77b19	k__Bacteria; p__Cyanobacteria; c__Chloroplast; o__Chlorophyta; f__Trebouxiophyceae; g__; s__	0.6
0203952fdd68ea93b77cc41a4d6b303e	k__Bacteria; p__Proteobacteria; c__Deltaproteobacteria; o__Bdellovibrionales; f__Bdellovibrionaceae; g__Bdellovibrio; s__	1.0
839c96950ae44cad33e3e179f3b138ee	k__Bacteria; p__Firmicutes; c__Clostridia; o__Clostridiales; f__Veillonellaceae; g__; s__	1.0
4683acc760e022bb48f4673897fe369a	k__Bacteria; p__Cyanobacteria; c__Chloroplast; o__Chlorophyta	0.6
0246921877c2c12e7264aa26cf6e8d4c	k__Bacteria; p__Planctomycetes; c__Planctomycetia; o__B97; f__; g__; s__	0.6
4478a8eed412cc70cafac8c196b337af	k__Bacteria; p__Cyanobacteria; c__Chloroplast; o__Stramenopiles; f__; g__; s__	1.0
215e39e06a13ad9d64275e084df52235	k__Bacteria; p__Actinobacteria; c__Actinobacteria; o__Actinomycetales; f__; g__; s__	1.0
6598095c474b013d48c741fb0f8c06a9	k__Bacteria; p__Firmicutes; c__Clostridia; o__Clostridiales; f__Veillonellaceae; g__; s__	1.0
5209cd4ca17bea27d3a7fc5ec8f0a52a	k__Bacteria; p__Proteobacteria; c__Betaproteobacteria; o__; f__; g__; s__	0.7
473e3002a8d2a342fa4fa3fd83f5212d	k__Bacteria; p__GN02; c__3BR-5F; o__; f__; g__; s__	0.9
80c77722f2eb4b2ad8c6145163862284	k__Bacteria; p__Acidobacteria; c__Solibacteres; o__Solibacterales; f__; g__; s__	0.7
7f4e5d3a4a840d3eb9db9462fd24b2d1	k__Bacteria; p__[Thermi]; c__Deinococci; o__Deinococcales; f__Trueperaceae; g__Truepera; s__	0.7
cdb2e27e80009d69c285f6d19a6a8481	k__Bacteria; p__Planctomycetes; c__Planctomycetia; o__Pirellulales; f__Pirellulaceae; g__; s__	1.0
4b8fdbf4959ed456123e556cddde82a1	k__Bacteria; p__Acidobacteria; c__Holophagae; o__Holophagales; f__Holophagaceae; g__; s__	0.9
f21667f5fb49296619b7f2ca8f874cae	k__Bacteria; p__Firmicutes; c__Clostridia; o__Clostridiales; f__Ruminococcaceae; g__; s__	0.7
42c8999ef88e447625eedf89a97bc35d	k__Bacteria; p__Bacteroidetes; c__Flavobacteriia; o__Flavobacteriales; f__Flavobacteriaceae; g__Flavobacterium; s__	1.0
c048bc7c3d5af155bcf763879ce809e5	k__Bacteria; p__Proteobacteria; c__Gammaproteobacteria	1.0
791f1cc667953944ff0ab4d95fe98a47	k__Bacteria; p__OD1; c__; o__; f__; g__; s__	0.9
6edc293615775e4e76a6bc8a75fac846	k__Bacteria; p__Proteobacteria; c__Gammaproteobacteria; o__Methylococcales; f__Methylococcaceae; g__Methylocaldum; s__	0.9
ee8171d0464aabcd6be51632afd65cf7	k__Bacteria; p__Proteobacteria; c__Betaproteobacteria; o__Rhodocyclales; f__Rhodocyclaceae; g__Dechloromonas; s__	0.8
a7532f757f9a743b7d712ae47230b999	k__Bacteria; p__Actinobacteria; c__Actinobacteria; o__Actinomycetales; f__ACK-M1; g__; s__	0.9
a9020205047e8f74c59ee1f4d659c4db	k__Bacteria; p__Cyanobacteria	0.7
f247bd7837d1ce9d19d98aba86b5f4ed	k__Bacteria; p__Proteobacteria; c__Alphaproteobacteria; o__Rhodospirillales; f__Acetobacteraceae; g__; s__	0.9
a5fa8a89289da5f8314742755611f455	k__Bacteria; p__Proteobacteria; c__TA18; o__PHOS-HD29; f__; g__; s__	1.0
5aab34b52a18e910b31156dc08e2b76d	k__Bacteria; p__Bacteroidetes; c__Bacteroidia; o__Bacteroidales; f__Prevotellaceae; g__Prevotella; s__	1.0
f3afa97e13ffe86d4c4cbed8097d416d	k__Bacteria; p__Cyanobacteria; c__Chloroplast; o__Streptophyta; f__; g__; s__	1.0
0dce464b2b80c8b253a7ad17abd08e23	k__Bacteria; p__Proteobacteria; c__Alphaproteobacteria; o__Rhodobacterales; f__Rhodobacteraceae; g__Rhodobacter; s__	0.8
dc2588d25a7e19baf669c100ad09ae65	k__Bacteria; p__Gemmatimonadetes; c__Gemmatimonadetes; o__; f__; g__; s__	1.0
9a0f667d74386af36e34f587719bc0d7	Unassigned	0.0
c20ab00e84434d42d51c244adbec6bbc	k__Bacteria; p__Proteobacteria; c__Betaproteobacteria; o__Burkholderiales; f__Comamonadaceae	1.0
48e065c017f61b310953f62c2afa4dad	k__Bacteria; p__Bacteroidetes; c__Cytophagia; o__Cytophagales; f__Cyclobacteriaceae; g__; s__	0.9
84a61f769c8e6efd8255aeae5219366b	k__Bacteria; p__Planctomycetes; c__Planctomycetia; o__Pirellulales; f__Pirellulaceae; g__; s__	1.0
a6c51a2851783e8e018dc14e67e2b7be	k__Bacteria; p__Proteobacteria; c__Gammaproteobacteria; o__Chromatiales; f__Chromatiaceae; g__; s__	1.0
c16b5933d41b1f8345607fc3599a7486	k__Bacteria; p__Verrucomicrobia; c__Opitutae; o__Opitutales; f__Opitutaceae; g__; s__	1.0
c32a1d19a8ff1e728515573227a63cc9	k__Bacteria; p__Proteobacteria; c__Alphaproteobacteria; o__Rhodospirillales; f__Rhodospirillaceae; g__Novispirillum; s__	0.8
a726fad2bbf5f574fe335ea4c7d4ecf0	k__Bacteria; p__Bacteroidetes; c__Sphingobacteriia; o__Sphingobacteriales; f__; g__; s__	1.0
5000c7cd548df08fbb9e050f72b051ba	k__Bacteria; p__Planctomycetes; c__OM190; o__agg27; f__; g__; s__	1.0
6e46f668f4bf32fc5fe5771d27d937ea	k__Archaea; p__[Parvarchaeota]; c__[Parvarchaea]; o__WCHD3-30; f__; g__; s__	1.0
60a313eb3219ab473db731c71b39ffb5	k__Bacteria; p__Proteobacteria; c__Alphaproteobacteria	1.0
86f6e6ad081a7a00b7e79d2787af00cc	k__Bacteria; p__Verrucomicrobia; c__[Spartobacteria]; o__[Chthoniobacterales]; f__[Chthoniobacteraceae]; g__Candidatus Xiphinematobacter; s__	1.0
e2cb254f8afb11c0c2d7d77e28a4c464	k__Bacteria; p__Actinobacteria; c__Actinobacteria; o__Actinomycetales; f__; g__; s__	0.9
1e5822d63519b47314ffbfe474872752	k__Bacteria; p__Bacteroidetes; c__Sphingobacteriia; o__Sphingobacteriales; f__; g__; s__	1.0
51e6ba9ef3d0d9cd4bd57ed701bd1989	k__Bacteria; p__Proteobacteria; c__Alphaproteobacteria; o__Rickettsiales; f__Rickettsiaceae; g__; s__	0.7
13d80c1ca36e2d897161d4a435704b80	k__Bacteria; p__Proteobacteria; c__Deltaproteobacteria; o__MIZ46; f__; g__; s__	1.0
e5d4586548e7320897bb5144a7b08c88	k__Bacteria; p__Chloroflexi; c__Anaerolineae; o__SBR1031; f__A4b; g__; s__	0.8
2dc94019f3ad7ec3a9697d13b1c1988b	k__Bacteria; p__Bacteroidetes; c__Flavobacteriia; o__Flavobacteriales; f__Flavobacteriaceae; g__Flavobacterium; s__	1.0
164d0b7c392ea440fc9d766ae18496be	k__Bacteria; p__Bacteroidetes; c__Cytophagia; o__Cytophagales; f__Flammeovirgaceae	0.6
23273574c5ab70643234e545fda0eb33	k__Bacteria; p__Proteobacteria; c__Betaproteobacteria; o__Rhodocyclales; f__Rhodocyclaceae; g__Dechloromonas; s__	0.9
bad2d5c83aca800b8a1eb05e0f09e04c	Unassigned	0.0
0ac7693bf8be47aad1108ad06b3afdd7	k__Bacteria; p__Armatimonadetes; c__[Fimbriimonadia]; o__[Fimbriimonadales]; f__[Fimbriimonadaceae]	0.6
fcd13fca3059a6636115e23a7b9f6b4f	k__Bacteria; p__Chlorobi; c__OPB56; o__; f__; g__; s__	1.0
26d528fd5f0b09fcfe63e32841544d87	k__Bacteria; p__Planctomycetes; c__OM190; o__agg27; f__; g__; s__	1.0
43b7e4a5ba53077635199ebe38632f51	k__Bacteria; p__Gemmatimonadetes; c__Gemmatimonadetes; o__Gemmatimonadales; f__Gemmatimonadaceae; g__Gemmatimonas; s__	0.6
c2c44234d47a7c88faab98bb334d16af	k__Bacteria; p__Acidobacteria; c__Acidobacteria-6; o__iii1-15; f__; g__; s__	1.0
6d80176dd85f8f42696c2c8b0f6e1d8e	k__Bacteria; p__Proteobacteria; c__Betaproteobacteria; o__Burkholderiales; f__Comamonadaceae; g__; s__	0.6
f67c44d497b390f281d35cfb519507d4	k__Bacteria; p__Bacteroidetes; c__Cytophagia; o__Cytophagales; f__Cytophagaceae; g__Emticicia; s__	1.0
3d11cbb201622481fabf8dd23600ef20	k__Bacteria; p__Proteobacteria; c__Deltaproteobacteria; o__Myxococcales; f__; g__; s__	1.0
7fa6ea0b9bf124a2b22f8e3214be90cd	k__Bacteria; p__Cyanobacteria; c__Chloroplast; o__Streptophyta; f__; g__; s__	1.0
dd68c8f006c73fe9842a0a7dae54fe71	k__Bacteria; p__Proteobacteria; c__Alphaproteobacteria; o__Sphingomonadales; f__Sphingomonadaceae; g__Novosphingobium; s__	1.0
7bcdf9fc466b56be954a7daf369efb78	k__Bacteria; p__Proteobacteria; c__Alphaproteobacteria; o__Rickettsiales; f__; g__; s__	0.7
11a55eb3ef0d2da4077bb3fbb44cb3ff	k__Bacteria; p__Proteobacteria; c__TA18; o__CV90; f__; g__; s__	1.0
30ecaa266e7a03fbb638e61f28384b6e	k__Bacteria; p__Proteobacteria; c__Deltaproteobacteria	0.6
c8b967f589763c1718e19993bc44735e	k__Bacteria; p__Bacteroidetes; c__[Saprospirae]; o__[Saprospirales]; f__Saprospiraceae; g__; s__	1.0
fa0e4b4cf05f74e11ff9453a18b0c385	k__Bacteria; p__Planctomycetes; c__Planctomycetia; o__Gemmatales; f__Gemmataceae; g__Gemmata; s__	1.0
6e16ee196b5aa369e61eb48ac7e3365c	k__Bacteria; p__Proteobacteria; c__Gammaproteobacteria; o__Xanthomonadales; f__Xanthomonadaceae; g__Dokdonella; s__	0.6
5a9165964cb12169ce24ab696b0d5d34	k__Bacteria; p__OD1; c__ZB2; o__; f__; g__; s__	1.0
1b429ecc4412faad28400f9fb930dec0	k__Bacteria; p__OP11; c__WCHB1-64; o__; f__; g__; s__	0.6666666666666666
730ec5cd9a2fb7621b82ceea88bbb58c	k__Bacteria; p__Proteobacteria; c__Alphaproteobacteria; o__Rickettsiales; f__; g__; s__	1.0
92a4083ca7faeb37c968643f5a4fd231	k__Bacteria; p__Proteobacteria; c__Betaproteobacteria; o__Ellin6067; f__; g__; s__	1.0
b4f7863976e515d919b87a0cf520ae14	k__Bacteria; p__Actinobacteria; c__Acidimicrobiia; o__Acidimicrobiales; f__; g__; s__	1.0
2691b69bf25dedee68d2396aae580022	k__Bacteria; p__Proteobacteria; c__Gammaproteobacteria; o__Methylococcales	0.9
58daf03d49635fe8a532eb45de16c605	k__Bacteria; p__Proteobacteria; c__Alphaproteobacteria; o__Rickettsiales; f__; g__; s__	1.0
d49cac366a61839a37a3e39274fbc174	k__Bacteria; p__Actinobacteria; c__Thermoleophilia; o__; f__; g__; s__	1.0
c3f4a1a17f1d91cebc2542bbf130b5a3	k__Bacteria; p__Bacteroidetes; c__Sphingobacteriia; o__Sphingobacteriales; f__; g__; s__	0.7
44e4067150adc4e66037ecfbf17d88cc	k__Bacteria; p__Proteobacteria; c__Betaproteobacteria; o__Burkholderiales; f__; g__; s__	0.7
c09c4bebf9e1a47bf326a6d2946cc555	k__Bacteria; p__Proteobacteria; c__Betaproteobacteria; o__Burkholderiales; f__Comamonadaceae; g__Limnohabitans; s__	0.6
b428158a0481e8ae55ce2dc034dfb33d	k__Bacteria; p__Proteobacteria; c__Gammaproteobacteria; o__Oceanospirillales; f__SUP05; g__; s__	0.6
69278600b453cbceae45af227704ca3a	k__Bacteria; p__Bacteroidetes; c__Flavobacteriia; o__Flavobacteriales; f__Cryomorphaceae; g__; s__	1.0
6701fad3546ac428b9a3272f45cfabc2	k__Bacteria; p__Cyanobacteria; c__Chloroplast; o__Chlorophyta; f__; g__; s__	1.0
76f352cccf37b28b3bd7b909b21df551	k__Bacteria; p__Cyanobacteria; c__Chloroplast	0.6
c3226469ff9548cc8b9d4c00c6a893d3	k__Bacteria; p__Proteobacteria; c__Gammaproteobacteria; o__Legionellales; f__Legionellaceae	1.0
3d4b620efeba701044fbbc0a176bd24a	k__Bacteria; p__TM6; c__SBRH58; o__; f__; g__; s__	1.0
792281a92fe29ab9583cac1fcfdc8460	k__Bacteria; p__Cyanobacteria; c__4C0d-2; o__YS2; f__; g__; s__	0.8
0d1d8f43e8a065cf081928d45ee13c40	Unassigned	0.0
4bd352ee906b57595c3935ef5c56c6ff	k__Bacteria; p__Proteobacteria	1.0
4551d87de0168585f40a81ccb395cc99	k__Bacteria; p__Proteobacteria; c__Deltaproteobacteria; o__Desulfovibrionales; f__Desulfovibrionaceae; g__Desulfovibrio; s__mexicanus	1.0
9fe8b108a4de6c1eeb56bf584b49a113	k__Bacteria; p__Proteobacteria; c__TA18; o__PHOS-HD29; f__; g__; s__	1.0
375d573d66a47be7fa114300e865914a	k__Bacteria; p__Acidobacteria; c__[Chloracidobacteria]; o__RB41; f__Ellin6075; g__; s__	1.0
032e62912a7599338c1cc60568f0a8b4	k__Bacteria; p__Proteobacteria; c__Alphaproteobacteria; o__Rhodospirillales; f__Rhodospirillaceae; g__Magnetospirillum; s__	1.0
ef7ece61a106ea348a5b3b1e40b8d07f	k__Bacteria; p__Proteobacteria; c__Alphaproteobacteria; o__Caulobacterales; f__Caulobacteraceae	1.0
18af94a9a5c8f1371d6c4d6b56bf9758	k__Bacteria; p__TM6; c__SBRH58; o__; f__; g__; s__	1.0
64dc0941120cf35bd56a8dabd0a224e0	k__Bacteria; p__Firmicutes; c__Clostridia; o__Clostridiales; f__[Tissierellaceae]; g__Helcococcus; s__	0.6666666666666666
6f26ea53c4b442dc4f86c35bdacbf642	k__Bacteria; p__Proteobacteria; c__Alphaproteobacteria; o__Rhodobacterales; f__Hyphomonadaceae; g__; s__	0.8
a8fa4e33e0e142645e0a6ba1b3609794	k__Bacteria; p__Cyanobacteria; c__Chloroplast; o__Chlorophyta; f__Trebouxiophyceae	0.7
4a9d234f980209717407c9355be2ffda	k__Bacteria; p__Proteobacteria; c__Betaproteobacteria; o__Burkholderiales; f__Comamonadaceae; g__Limnohabitans; s__	0.6
7808f0e340fb5ecda10cbcd4ffb566e0	k__Bacteria; p__Armatimonadetes; c__SJA-176; o__RB046; f__; g__; s__	1.0
b36b7417575599408f33413941696a4b	k__Bacteria; p__Proteobacteria; c__Alphaproteobacteria; o__Rhodospirillales; f__Acetobacteraceae; g__Roseococcus; s__	0.7
f433e1bb5de1536f1182aa21269cbcc8	k__Bacteria; p__Proteobacteria; c__Gammaproteobacteria; o__Legionellales; f__Legionellaceae; g__Legionella	0.6
7ac8ed83f26929a35225462668cb9b98	k__Bacteria; p__Cyanobacteria; c__Chloroplast; o__Stramenopiles; f__; g__; s__	1.0
bf6faeeb02686821000935058bb1b83c	Unassigned	0.0
a379d7cbb9866d2ed931ffea669b9077	k__Bacteria; p__Proteobacteria; c__Alphaproteobacteria; o__Rhodobacterales; f__Hyphomonadaceae; g__; s__	0.9
ec873860993d025f7b79c7ec945af36e	k__Bacteria; p__Armatimonadetes; c__[Fimbriimonadia]; o__[Fimbriimonadales]; f__[Fimbriimonadaceae]; g__Fimbriimonas; s__	1.0
37061d98f42ee14bc29df70addb4f69f	k__Bacteria; p__Proteobacteria; c__Deltaproteobacteria; o__Bdellovibrionales; f__Bdellovibrionaceae; g__Bdellovibrio; s__	1.0
ca1fec4045ee0d8c236118741680e1e7	Unassigned	0.0
9c16dbdbb9ddca439d33be350f5b71a8	k__Bacteria; p__Proteobacteria; c__Gammaproteobacteria; o__Legionellales; f__Legionellaceae	1.0
1b20e693a2769c945091ba1dde885f90	k__Bacteria; p__GN02; c__GKS2-174; o__; f__; g__; s__	1.0
8563613d4e48b1f3a1331e06f1c9b334	k__Bacteria; p__Proteobacteria; c__Alphaproteobacteria; o__Sphingomonadales; f__Sphingomonadaceae; g__Novosphingobium; s__	0.9
4c2d40b096acb1ba107e00e79de268eb	k__Bacteria; p__Gemmatimonadetes; c__Gemmatimonadetes; o__; f__; g__; s__	1.0
f620a4dd68f018289528c70d1cc7e407	k__Bacteria; p__Planctomycetes; c__Planctomycetia; o__Pirellulales; f__Pirellulaceae; g__; s__	1.0
5dd2c8d502cbf93911d4251dab141434	k__Bacteria; p__Actinobacteria; c__Acidimicrobiia; o__Acidimicrobiales; f__C111; g__; s__	1.0
f3869f2c961d40c0126c6761e9c7c6c5	k__Bacteria; p__Proteobacteria; c__Deltaproteobacteria; o__Bdellovibrionales; f__Bacteriovoracaceae; g__; s__	1.0
db15d8c4a81122d31d2c4f8cfc517cff	k__Bacteria; p__Proteobacteria; c__Alphaproteobacteria; o__Rhodospirillales; f__Rhodospirillaceae; g__; s__	0.8
661f175511dda0351beed97d6974c421	k__Bacteria; p__Proteobacteria; c__Alphaproteobacteria; o__Rhizobiales; f__; g__; s__	1.0
6506313679e99fcb24c955d609932a4d	k__Bacteria; p__Proteobacteria; c__TA18; o__PHOS-HD29; f__; g__; s__	0.8
df7090d0107d2bbd4c4c610035a8d096	k__Bacteria; p__Proteobacteria; c__Gammaproteobacteria; o__Pseudomonadales; f__Pseudomonadaceae; g__Pseudomonas; s__	1.0
f7c181c94a40858c3c9c6e9e3a371278	k__Bacteria; p__Bacteroidetes; c__Flavobacteriia; o__Flavobacteriales; f__Flavobacteriaceae; g__Flavobacterium; s__	1.0
95863d786de1c529ceed3ac556401e0b	k__Bacteria; p__Planctomycetes; c__Planctomycetia; o__Pirellulales; f__Pirellulaceae; g__; s__	1.0
845e5927d0ee6d3a14ec83a4b4a76dd0	k__Bacteria; p__Proteobacteria; c__Deltaproteobacteria; o__Bdellovibrionales; f__Bdellovibrionaceae; g__Bdellovibrio; s__	1.0
cc8f22d936c5a85728afdc748a9fee2c	k__Bacteria; p__Verrucomicrobia; c__Opitutae; o__Opitutales; f__Opitutaceae; g__Opitutus; s__	0.8
4bd5a9c4489340f1d4b74c377d113f6d	k__Bacteria; p__Actinobacteria; c__Actinobacteria; o__Actinomycetales; f__Dermacoccaceae; g__Dermacoccus; s__	1.0
7ea0e3b888587f8f1f54a30a79d8c1d6	Unassigned	0.0
9fcd7a046679ea76580a57a3075ee137	k__Bacteria; p__Planctomycetes; c__Planctomycetia; o__Gemmatales; f__Gemmataceae; g__Gemmata; s__	1.0
fa0b0f31569db7f4ffafb50f9fb4a9dc	k__Bacteria; p__Proteobacteria; c__Deltaproteobacteria; o__Myxococcales; f__; g__; s__	0.7
ce21558ea241e10060087b00a7d77feb	k__Bacteria; p__Cyanobacteria; c__Chloroplast; o__Stramenopiles; f__; g__; s__	1.0
38f22aa48515d8b1a9be28fbbec2e943	k__Bacteria; p__Acidobacteria; c__Acidobacteria-6; o__iii1-15; f__mb2424; g__; s__	1.0
6fce22d105bba8489dcf612daf3b2ee8	k__Bacteria; p__Proteobacteria; c__Betaproteobacteria; o__Burkholderiales	0.7
c1e8ab0be6571144ac9244c251f8dbb9	k__Bacteria; p__Proteobacteria; c__Alphaproteobacteria; o__Rickettsiales; f__Rickettsiaceae; g__; s__	1.0
1d6ce8e1028deb27f7750fbe332e20fa	k__Bacteria; p__Bacteroidetes; c__Flavobacteriia; o__Flavobacteriales; f__[Weeksellaceae]; g__Chryseobacterium; s__	1.0
1e428a4bd9cc3d1784b739d897e0fe6c	k__Bacteria; p__Firmicutes; c__Clostridia; o__Clostridiales; f__Ruminococcaceae; g__Oscillospira; s__	1.0
8626d1689a6d29be9e2bd0df3bb057bc	k__Bacteria; p__Proteobacteria; c__Gammaproteobacteria; o__Chromatiales; f__; g__; s__	0.8
b3a38489f0a89958413cfcb1239ec568	k__Bacteria	1.0
d8b92e25b0ac5c5642444896b3149eae	k__Bacteria; p__Proteobacteria; c__Deltaproteobacteria; o__MIZ46; f__; g__; s__	1.0
530cace93300909870ac3a4004940b87	k__Bacteria; p__Proteobacteria; c__Gammaproteobacteria	1.0
03f36d59d76e40b8b8b3d0d8cd383c1f	k__Bacteria; p__Proteobacteria; c__Deltaproteobacteria; o__Myxococcales; f__; g__; s__	1.0
96e73f64ca356ad6fd5010fedb5b7bcc	k__Bacteria; p__Verrucomicrobia; c__Verrucomicrobiae; o__Verrucomicrobiales; f__Verrucomicrobiaceae; g__Luteolibacter; s__	1.0
fb77f539a39d94717b8048146815b921	k__Bacteria; p__Planctomycetes; c__Planctomycetia; o__Pirellulales; f__Pirellulaceae; g__A17; s__	0.6
6af56d180c5fac62c560d88ae3cda5cb	k__Bacteria; p__Spirochaetes; c__Spirochaetes; o__Spirochaetales; f__Spirochaetaceae; g__Treponema; s__	0.8
fb16013414db150c37bcb84c7951b9fb	k__Bacteria; p__Bacteroidetes; c__[Saprospirae]; o__[Saprospirales]; f__Saprospiraceae; g__; s__	1.0
7ae21ca468f69b85a5ff73a128732eef	k__Bacteria; p__Proteobacteria; c__Alphaproteobacteria; o__Rhizobiales	0.9
e45eb125aa72e6b20bf13d1763975eea	k__Bacteria; p__Proteobacteria; c__Deltaproteobacteria; o__Spirobacillales; f__; g__; s__	1.0
b0995e767d2394eb0aed0fb1f29468d9	k__Bacteria; p__Bacteroidetes; c__Bacteroidia; o__Bacteroidales; f__; g__; s__	1.0
fecbf630a8e49a1b4e40863d3383ea35	k__Bacteria; p__Proteobacteria; c__Betaproteobacteria; o__Burkholderiales; f__Comamonadaceae; g__Polaromonas; s__	0.8
fe00ba49ee7ed455db31371acbf58127	k__Bacteria; p__Actinobacteria; c__Thermoleophilia; o__Gaiellales; f__; g__; s__	1.0
29591a2c7b8f37d19e883146b1e130a6	k__Bacteria; p__Proteobacteria; c__Alphaproteobacteria; o__Rhizobiales; f__Hyphomicrobiaceae; g__Hyphomicrobium; s__	0.8
99700476814eaa14c5b7a5eb5d065824	k__Bacteria; p__Proteobacteria; c__Alphaproteobacteria; o__Rhizobiales; f__Hyphomicrobiaceae	1.0
d56107818a1ecbb33e2cb86a9c677a4e	k__Bacteria; p__Proteobacteria; c__Deltaproteobacteria; o__Myxococcales; f__; g__; s__	1.0
5bebf2ae1db442f900b3eecee0847703	k__Bacteria; p__Proteobacteria; c__Betaproteobacteria; o__Ellin6067; f__; g__; s__	1.0
29ba2566475e332b0b82086de46c56ea	k__Bacteria; p__Proteobacteria; c__Alphaproteobacteria; o__Sphingomonadales; f__Sphingomonadaceae	0.8
a15c0eb19506ef4de5e6598305b73fa6	k__Bacteria; p__Firmicutes; c__Clostridia; o__Clostridiales; f__Ruminococcaceae; g__Ruminococcus; s__	0.6
16032e3bc2d19910fb03c14975b6a4d7	k__Bacteria; p__Proteobacteria; c__Alphaproteobacteria; o__Rhodobacterales; f__Rhodobacteraceae; g__Rhodobacter; s__	0.7
07482285424bf1a153fab0e8cb84951d	Unassigned	0.0
cf5f4338c37ad3c10b329397c5454475	k__Bacteria; p__Planctomycetes; c__Planctomycetia; o__Pirellulales; f__Pirellulaceae; g__; s__	1.0
0115f3d28aaa3cd41fb9789671842ff9	k__Bacteria; p__Proteobacteria; c__Alphaproteobacteria; o__Rickettsiales; f__mitochondria	1.0
6494d3dde9a09f32c205a96a4977d25e	k__Bacteria; p__Proteobacteria; c__Betaproteobacteria; o__Methylophilales; f__Methylophilaceae; g__; s__	1.0
01d40ee5115c619ced650c292a847b1a	k__Bacteria; p__Proteobacteria; c__Betaproteobacteria; o__Burkholderiales; f__Comamonadaceae; g__; s__	0.8
ce76bd8fab4745593ff8bcfcaf9f1bbe	k__Bacteria; p__Cyanobacteria; c__Chloroplast; o__Stramenopiles; f__; g__; s__	1.0
76fd6e67a3ece2891f99d7e165d96fcb	k__Bacteria; p__Planctomycetes; c__Phycisphaerae	1.0
aa56e9e46e69c1e51137b4d4fed96c61	k__Bacteria; p__Planctomycetes; c__Phycisphaerae; o__Phycisphaerales; f__; g__; s__	1.0
9d2f3d40076d57e19b6003b977a001ce	k__Bacteria; p__Bacteroidetes; c__Sphingobacteriia; o__Sphingobacteriales; f__; g__; s__	0.9
2a440907186f751c82960460a329ab63	k__Bacteria; p__Proteobacteria; c__Deltaproteobacteria; o__Desulfobacterales; f__Desulfobacteraceae; g__; s__	0.9
ab02985bc14e68522a64ed0ecda23504	k__Bacteria; p__Cyanobacteria; c__Chloroplast; o__Cryptophyta; f__; g__; s__	0.6
51165d8dc18fbd30b21603a3b9e59a15	k__Bacteria; p__Proteobacteria; c__Alphaproteobacteria; o__Rhizobiales	0.6
caffd33ebf7d55602871d084dc2f7f26	k__Bacteria; p__Proteobacteria; c__Deltaproteobacteria; o__Myxococcales; f__; g__; s__	1.0
797a626ddabe8a511608d99634e3ed21	k__Bacteria; p__Proteobacteria; c__Deltaproteobacteria; o__Myxococcales; f__; g__; s__	0.8
fcd0c51a4748db82b5b4ff47c1da7378	k__Bacteria; p__Proteobacteria; c__Alphaproteobacteria; o__Rhizobiales; f__; g__; s__	0.9
eba56ac41a398ca9f022b5503f8d18d2	k__Bacteria; p__Proteobacteria; c__Deltaproteobacteria; o__Myxococcales; f__OM27; g__; s__	1.0
9aac0ed0a0787adffb905d2fb480a5cd	k__Bacteria; p__Proteobacteria; c__Alphaproteobacteria; o__Caulobacterales; f__Caulobacteraceae; g__; s__	0.7
304e72e29be5a4ce3d83ab18a59bbc2f	k__Bacteria; p__Cyanobacteria; c__Chloroplast; o__Chlorophyta; f__Chlamydomonadaceae	0.7
cb6e6eeb7fbe24218f4da447cf290eea	k__Bacteria; p__Actinobacteria; c__Actinobacteria; o__Actinomycetales; f__; g__; s__	0.7
2bf9fc7f39ec43ae2b52ea98fdec3c3d	k__Bacteria; p__Actinobacteria; c__Actinobacteria; o__Actinomycetales; f__Microbacteriaceae	1.0
b19803b5a7f9f9bd99ff8c8189c94bf6	k__Bacteria; p__Proteobacteria; c__Deltaproteobacteria; o__Desulfobacterales; f__Desulfobulbaceae; g__; s__	0.7
9257fe5a869f5bbfd79b40e3c88e0a45	k__Bacteria; p__Actinobacteria; c__Acidimicrobiia; o__Acidimicrobiales; f__C111; g__; s__	1.0
3fde89ff782ff5e3c8fa2b1564986825	k__Bacteria; p__Chlamydiae; c__Chlamydiia; o__Chlamydiales; f__Parachlamydiaceae	0.7
2248ce349f44fef15557d1933d6ec6fd	k__Bacteria; p__Acidobacteria; c__Solibacteres; o__Solibacterales; f__; g__; s__	1.0
b6223e20cf2420bcabff4345651e1f77	k__Bacteria; p__Proteobacteria; c__Alphaproteobacteria; o__Rhizobiales; f__; g__; s__	1.0
939f92bf7c6112537a5305560944deb5	k__Bacteria; p__Bacteroidetes; c__[Saprospirae]; o__[Saprospirales]; f__Chitinophagaceae; g__; s__	1.0
7f58716a51198231098a9434b35e8eae	k__Bacteria; p__Planctomycetes; c__Planctomycetia; o__Pirellulales; f__Pirellulaceae; g__; s__	1.0
cc97d3b0c3c96b8e41c3890cfa71f9ec	k__Bacteria; p__Bacteroidetes; c__Sphingobacteriia; o__Sphingobacteriales; f__; g__; s__	1.0
16e47d139bcc200007a4f49518aa2539	k__Bacteria; p__Proteobacteria; c__Betaproteobacteria; o__Rhodocyclales; f__Rhodocyclaceae	0.6
96a0aabf8f68308c141e63e2484abcc8	k__Bacteria; p__Proteobacteria; c__Deltaproteobacteria; o__Myxococcales; f__; g__; s__	1.0
f8e1e5343783176269409910a8bae5fa	k__Bacteria; p__Proteobacteria; c__Betaproteobacteria; o__Rhodocyclales; f__Rhodocyclaceae	0.8
3f29f34b2887263f5ecdacb4e718736d	k__Bacteria; p__Fibrobacteres	0.6
7901a19a4415d4e526a2a1b1799f2699	k__Bacteria; p__Cyanobacteria; c__Chloroplast; o__Euglenozoa; f__; g__; s__	1.0
9a51e40221c5a9019c7ecbe07dfdec03	k__Bacteria; p__Proteobacteria; c__Deltaproteobacteria; o__; f__; g__; s__	0.7
68e27e2ecf28834d19178c014f211c74	k__Bacteria; p__Proteobacteria; c__Deltaproteobacteria; o__Spirobacillales; f__; g__; s__	1.0
dba147a11c612285d76fbe4020509161	k__Bacteria; p__Firmicutes; c__Clostridia; o__Clostridiales; f__Ruminococcaceae; g__; s__	1.0
2d4c0446729159066ebed2f8ba365a21	k__Archaea; p__[Parvarchaeota]; c__[Parvarchaea]; o__WCHD3-30; f__; g__; s__	1.0
45b71adaeb23c08a49e73011044e02bd	k__Bacteria; p__Bacteroidetes; c__Flavobacteriia; o__Flavobacteriales; f__Cryomorphaceae; g__Fluviicola; s__	1.0
498184d3b2b70bea47f29ae6f246e945	k__Bacteria; p__Proteobacteria; c__Gammaproteobacteria; o__Methylococcales; f__Crenotrichaceae; g__Crenothrix; s__	1.0
2f18c6c5244f0f8f0b5bc25fd8adab9f	k__Bacteria; p__Bacteroidetes; c__Flavobacteriia; o__Flavobacteriales; f__Flavobacteriaceae; g__Flavobacterium; s__	1.0
da035bae7f0355d1be67a51a5de863ed	k__Bacteria; p__Cyanobacteria; c__Chloroplast; o__Streptophyta; f__; g__; s__	1.0
97da56b9eabf5173bc67643ee02145ba	k__Bacteria; p__Proteobacteria; c__Betaproteobacteria; o__Rhodocyclales; f__Rhodocyclaceae; g__Propionivibrio; s__	0.9
1e17f85da7658bbba24aef2cd6720f94	k__Bacteria; p__Proteobacteria; c__Alphaproteobacteria; o__Rhizobiales	0.9
43f40fad931147b62a9ad6790728bfa0	k__Bacteria; p__Spirochaetes; c__Spirochaetes; o__Spirochaetales; f__Spirochaetaceae; g__; s__	1.0
929a66db4fbc00551d45e11a2dfd18a8	k__Bacteria; p__Proteobacteria; c__Alphaproteobacteria; o__Rickettsiales; f__; g__; s__	1.0
b74b004de7cc54dbe6aa20519defa4a9	k__Bacteria; p__Proteobacteria; c__Alphaproteobacteria; o__BD7-3; f__; g__; s__	1.0
83c20266c2231d4a9635695487181bc2	k__Bacteria; p__Verrucomicrobia; c__[Spartobacteria]; o__[Chthoniobacterales]; f__[Chthoniobacteraceae]; g__DA101; s__	0.7
2fd9bce08630e3e13bf037554b33e8ba	k__Bacteria; p__Proteobacteria; c__Betaproteobacteria; o__Burkholderiales; f__Oxalobacteraceae; g__Polynucleobacter; s__	0.7
4b9f1677805b7997100ae19748c574ed	k__Bacteria; p__OD1; c__SM2F11; o__; f__; g__; s__	0.8
bd4f7f913fc3f95ae01aba9627614e28	k__Bacteria; p__Proteobacteria; c__Betaproteobacteria; o__Methylophilales; f__Methylophilaceae; g__; s__	0.6
d1aa977fb2be4b492e9effa3b6a1b01c	k__Bacteria; p__Cyanobacteria; c__Chloroplast; o__Streptophyta; f__; g__; s__	1.0
ce65bb485eba77df30508da8d6cab49b	k__Bacteria; p__Proteobacteria; c__Gammaproteobacteria; o__Legionellales; f__Coxiellaceae; g__Rickettsiella; s__	1.0
6c30ab5d63bad9548cfba715a37385e0	k__Bacteria; p__Proteobacteria; c__Alphaproteobacteria; o__Caulobacterales; f__Caulobacteraceae; g__Mycoplana; s__	0.6
e12deaf4323631c17c762ab884134bc4	k__Bacteria; p__Proteobacteria; c__Gammaproteobacteria; o__Alteromonadales; f__Alteromonadaceae; g__Cellvibrio; s__	1.0
f318d11e3c257d3e719e8289f8c9652a	k__Bacteria; p__Proteobacteria; c__Epsilonproteobacteria; o__Campylobacterales; f__Campylobacteraceae; g__Arcobacter; s__	0.9
3415b6b393dae16e2ec731f078915f3a	k__Bacteria; p__Proteobacteria; c__Deltaproteobacteria; o__Myxococcales; f__; g__; s__	0.8
744069c7777ab359864f8757a8067e01	k__Bacteria; p__Proteobacteria; c__Alphaproteobacteria; o__Rhizobiales; f__Rhizobiaceae; g__Rhizobium	0.7
b0d8078f2fd77feae82b0165a6c41bab	k__Bacteria; p__Actinobacteria; c__Acidimicrobiia; o__Acidimicrobiales; f__ntu14; g__; s__	1.0
c48bc14d8157d9141f01a868d3508f2e	k__Bacteria; p__Spirochaetes; c__MVP-15; o__PL-11B10; f__; g__; s__	1.0
7cf9b0a2c0071c8dfcccfceffb95bd76	k__Bacteria; p__Proteobacteria; c__Alphaproteobacteria; o__Sphingomonadales; f__Sphingomonadaceae	0.9
4432cd3b86e1b78a40af5780f130819d	k__Bacteria; p__Proteobacteria; c__Deltaproteobacteria; o__Spirobacillales; f__; g__; s__	1.0
501cfbfb4ab4aa6e8f7369988745b029	Unassigned	0.0
58b6694148b4c581763d4aeb12065349	k__Bacteria; p__Actinobacteria; c__Acidimicrobiia; o__Acidimicrobiales; f__C111; g__; s__	1.0
e05f5e8a45b42a052eabe35b037c5ae8	k__Bacteria; p__Proteobacteria; c__Betaproteobacteria; o__Burkholderiales; f__Comamonadaceae	1.0
db7b9990bcd4dc9def862ccf0fb9fa41	k__Bacteria; p__Acidobacteria; c__Solibacteres; o__Solibacterales	1.0
6f94a79aa97a419aa77192844456a1ac	k__Bacteria; p__Proteobacteria; c__Betaproteobacteria; o__Burkholderiales; f__Comamonadaceae	1.0
92ce3d4bad3d797943de6490e59879b4	k__Bacteria; p__Bacteroidetes; c__Flavobacteriia; o__Flavobacteriales; f__Flavobacteriaceae; g__Flavobacterium; s__	0.9
e8d44d1c2d7c22a86f61585142203b52	k__Bacteria; p__Proteobacteria; c__Deltaproteobacteria; o__Syntrophobacterales; f__Syntrophorhabdaceae; g__; s__	1.0
91a180ca0ffb67ada82315400ecd7918	k__Bacteria; p__Proteobacteria; c__Alphaproteobacteria; o__Rickettsiales; f__Rickettsiaceae; g__Rickettsia; s__	0.6
5e7782adc1f6de42532a0135b5c556cf	k__Bacteria; p__Firmicutes; c__Clostridia; o__Clostridiales; f__Clostridiaceae; g__Clostridium; s__bowmanii	0.6
e471136be76bffdeb9b35959ec427b18	k__Bacteria; p__Cyanobacteria; c__Oscillatoriophycideae; o__Oscillatoriales; f__Phormidiaceae	0.6
f48fb7c4f3a09759a658cbe360527c39	k__Bacteria; p__Proteobacteria; c__Alphaproteobacteria; o__Rickettsiales; f__mitochondria; g__Phytophthora	0.75
2131bc218a1cd6c52fb12e7ac0537e24	k__Bacteria; p__Chlamydiae; c__Chlamydiia; o__Chlamydiales; f__; g__; s__	0.6
067775703332a980f0ed673935876bd8	k__Bacteria; p__Proteobacteria; c__Gammaproteobacteria; o__PYR10d3; f__; g__; s__	0.6
fca0c9792947d1ff5c92a56121ee7ccb	k__Bacteria; p__Planctomycetes; c__Planctomycetia; o__Gemmatales; f__Gemmataceae; g__; s__	0.9
76a1e1aebef5443a313be0633db1e4fd	Unassigned	0.0
28d734381c983da6378a27f1fb57f02a	k__Bacteria; p__Cyanobacteria; c__Oscillatoriophycideae; o__Chroococcales; f__Microcystaceae; g__Microcystis; s__	1.0
41c917ce37715a0636721980dca540b3	k__Bacteria; p__Cyanobacteria; c__Chloroplast; o__Chlorophyta; f__Chlamydomonadaceae	0.7
71c1fc025f341a29e56356aee3bb101e	k__Bacteria; p__Proteobacteria; c__Alphaproteobacteria; o__; f__; g__; s__	1.0
9ffddbe78f45195e459e771ba391b570	k__Bacteria; p__Actinobacteria; c__Actinobacteria; o__Actinomycetales; f__Microbacteriaceae; g__Curtobacterium; s__	0.9
72bc4ce285158203e2c4144f9eb296b8	k__Bacteria; p__SR1; c__; o__; f__; g__; s__	1.0
d604c2001b6e3a977956b091a5b1948d	k__Bacteria	1.0
e90e4166116f6a39ebfd74bb377df5cd	k__Bacteria; p__Proteobacteria; c__Alphaproteobacteria	0.75
92bf27e8d0ff67feb9d28d79094ee28c	k__Bacteria; p__OD1; c__ZB2; o__; f__; g__; s__	1.0
223b9e18e4f12efe833a668244956383	k__Bacteria; p__Proteobacteria; c__Alphaproteobacteria; o__Sphingomonadales; f__; g__; s__	0.8
6617039cfc7508b86f092ecf67c703ae	k__Bacteria; p__Proteobacteria; c__Betaproteobacteria; o__; f__; g__; s__	1.0
3fa40639016f8df0abfac45dbe59dbc6	k__Bacteria; p__Proteobacteria; c__Gammaproteobacteria	0.6
a818614833e779dca15da43abdb7fdbc	k__Bacteria; p__Proteobacteria; c__Gammaproteobacteria; o__Legionellales; f__; g__; s__	1.0
d414241f81baeb17808c180696885261	k__Bacteria; p__Chloroflexi	1.0
f0e5eaacd4d2f9795914545e11563824	k__Bacteria; p__Proteobacteria; c__Betaproteobacteria; o__Burkholderiales; f__Comamonadaceae; g__Hydrogenophaga; s__	0.7
0e4168cfee409d4bc5dd9c7145cc19d0	k__Bacteria; p__OD1; c__ABY1; o__; f__; g__; s__	1.0
73a10a10b3da17aeba65affa7effc333	k__Bacteria; p__Bacteroidetes; c__Cytophagia; o__Cytophagales; f__Cytophagaceae; g__Emticicia; s__	1.0
291de2538e23703a521de9fd04a01524	k__Bacteria; p__Proteobacteria; c__Alphaproteobacteria; o__Rhizobiales; f__; g__; s__	1.0
3fd8b654dc0fecf2bd0d93108827eaf4	k__Bacteria; p__Cyanobacteria; c__Chloroplast; o__Streptophyta; f__; g__; s__	1.0
c71b72fbd701b5d16205c2e85423b094	k__Bacteria; p__Firmicutes; c__Clostridia; o__Clostridiales; f__Clostridiaceae; g__Clostridium; s__	1.0
8e0c1f0250c359a98865a1bda25bff19	k__Bacteria; p__Proteobacteria; c__Alphaproteobacteria; o__Rhizobiales; f__Rhizobiaceae	0.7
29f339d5315aafa5b5d40b9ac0767f31	k__Bacteria; p__OD1; c__ZB2; o__; f__; g__; s__	1.0
162671a10bcbcbe31284c45aa3715884	k__Bacteria; p__Verrucomicrobia; c__Opitutae; o__Opitutales; f__Opitutaceae	1.0
d48e1fdecf08db8dd5456d0038d3e9f2	k__Bacteria; p__Verrucomicrobia; c__Opitutae; o__Opitutales; f__Opitutaceae; g__Opitutus; s__	0.8
9a870df4a61873baa8243bdd02992372	k__Bacteria; p__Proteobacteria; c__Betaproteobacteria; o__Burkholderiales; f__Comamonadaceae	1.0
e213c0fe89891c9ba9feaa75c17c5020	k__Bacteria; p__Planctomycetes; c__Planctomycetia; o__Gemmatales; f__Isosphaeraceae; g__; s__	1.0
0c6ec5e4b99ea0aea86a61209b0fcd85	k__Bacteria; p__Actinobacteria; c__Acidimicrobiia; o__Acidimicrobiales; f__; g__; s__	1.0
efe5d6826e832081ba67bf42c4956cc6	k__Bacteria; p__Proteobacteria; c__Alphaproteobacteria; o__Rhizobiales; f__; g__; s__	0.8
1f3b57401ba8bfa7328541eec0b42d88	k__Bacteria; p__Bacteroidetes; c__[Saprospirae]; o__[Saprospirales]	0.8
04338de17241036da83508e94dbeacd1	k__Bacteria; p__Proteobacteria; c__Alphaproteobacteria; o__BD7-3; f__; g__; s__	1.0
e28ccd26b1b730c16cd2a886f94fb0a3	k__Bacteria; p__Proteobacteria; c__TA18; o__PHOS-HD29; f__; g__; s__	1.0
e93fd18e1bc3eea063a2cec7670c33bc	k__Bacteria; p__Proteobacteria; c__Betaproteobacteria; o__SC-I-84; f__; g__; s__	0.9
112522a45dc2843d54112b271b0f6613	k__Bacteria; p__Proteobacteria; c__Betaproteobacteria; o__Burkholderiales; f__Comamonadaceae; g__Limnohabitans; s__	0.8
cb2fa8420640926c8eff597c582d6f5e	k__Bacteria; p__Proteobacteria; c__Betaproteobacteria; o__SC-I-84; f__; g__; s__	0.9
023fbaae6842986cb0d3cb726fd62698	k__Bacteria; p__Verrucomicrobia; c__Verrucomicrobiae; o__Verrucomicrobiales; f__Verrucomicrobiaceae; g__Luteolibacter; s__	0.7
c3100613eedd7feac742e9cd85dc25fc	Unassigned	0.0
5ca34c5e68b3be22780cfdcd76992524	k__Bacteria; p__Firmicutes; c__Clostridia; o__Clostridiales; f__Ruminococcaceae; g__Ruminococcus; s__	0.6
df6f8e61ef6a32b8e40d96acb1f6c5d5	k__Bacteria; p__Bacteroidetes; c__Bacteroidia; o__Bacteroidales; f__; g__; s__	1.0
66f8529bbc454a02ab0263fe0d9c4411	k__Bacteria; p__Proteobacteria; c__Alphaproteobacteria; o__Rhizobiales; f__Rhizobiaceae; g__Rhizobium; s__	0.6
fe2e7f376bb96197ab57db25544ed076	k__Bacteria; p__OD1; c__ZB2; o__; f__; g__; s__	1.0
68c633856a3b744f8e7a5a5e007921e8	k__Bacteria; p__Tenericutes; c__Mollicutes; o__; f__; g__; s__	0.9
e68bf9c6ccc1ee913197f1e8f7594295	k__Bacteria	1.0
8d203c632d71290fadb7b2a93a978c7c	k__Bacteria; p__Planctomycetes; c__Planctomycetia; o__Gemmatales; f__Gemmataceae; g__; s__	0.9
2ddf4b9ebe9d3a5f48a585cbc54caa9c	k__Bacteria; p__Proteobacteria; c__Deltaproteobacteria; o__Bdellovibrionales; f__Bacteriovoracaceae; g__; s__	0.8
1a254e52b061047fbf0c7393c5500fcd	k__Bacteria; p__Verrucomicrobia; c__[Spartobacteria]; o__[Chthoniobacterales]; f__[Chthoniobacteraceae]; g__Candidatus Xiphinematobacter; s__	0.9
fc799481a9ba43b80fe90a0639cc23c4	k__Bacteria; p__Proteobacteria; c__Alphaproteobacteria; o__Rhodospirillales; f__Rhodospirillaceae; g__; s__	0.6
d0d39039f4bf90e5a1588b4a7d589a0e	k__Bacteria; p__Proteobacteria; c__Gammaproteobacteria; o__Pseudomonadales; f__Moraxellaceae; g__Enhydrobacter; s__	1.0
caf30ad7d8eaf131db8b5b361192577c	k__Bacteria; p__Proteobacteria; c__Betaproteobacteria; o__Burkholderiales; f__Comamonadaceae; g__Polaromonas; s__	0.8
82e1d8fbc4a39ca5a229ae662a5bc468	k__Bacteria; p__Actinobacteria; c__Thermoleophilia; o__Solirubrobacterales; f__Patulibacteraceae; g__; s__	1.0
8dea86dd0f8d9dafb7b9c2fecc1976b1	k__Bacteria	1.0
f9b371b2a55ff56674bfd2ea0e692fbd	k__Bacteria; p__Proteobacteria; c__Deltaproteobacteria; o__; f__; g__; s__	1.0
c6c85aac7d78b742650228c04abcbfd0	k__Bacteria; p__Firmicutes; c__Clostridia; o__Clostridiales; f__Clostridiaceae; g__; s__	0.9
fa49b78c42ebec0b62c5ae837a6badc0	k__Bacteria; p__Proteobacteria; c__Alphaproteobacteria; o__Rhizobiales	1.0
941d1d726ceaac67d4d5740f6bc8cda7	k__Bacteria; p__Proteobacteria; c__Gammaproteobacteria; o__Legionellales; f__Coxiellaceae; g__; s__	1.0
9bcac4a1a746c257d66d982cb6e5fcd8	k__Bacteria; p__Planctomycetes; c__Phycisphaerae; o__WD2101; f__; g__; s__	1.0
9f3b4a0f2f8e75fce389c3032f491ef2	k__Bacteria; p__Acidobacteria; c__Solibacteres; o__Solibacterales; f__; g__; s__	1.0
b84270938f22a3b16ce5c4df35d07700	k__Bacteria; p__Actinobacteria; c__OPB41; o__; f__; g__; s__	1.0
0267e4fb9e2d750662e214ac5823e418	k__Bacteria; p__Proteobacteria; c__Deltaproteobacteria	1.0
8a9c61a889399175937a1818b30c0756	k__Bacteria; p__Proteobacteria; c__Alphaproteobacteria; o__Rhizobiales; f__Phyllobacteriaceae; g__; s__	0.8
7598975c325ab7685196a5c74073f7d1	k__Bacteria; p__Planctomycetes; c__Planctomycetia; o__Pirellulales; f__Pirellulaceae; g__; s__	1.0
1b8cafcb7aec84975fa092bca820ba7e	Unassigned	0.0
b6207aea1e66a5aeda3cec6b32581c8a	k__Bacteria; p__Bacteroidetes; c__Bacteroidia; o__Bacteroidales; f__; g__; s__	1.0
a77155c485c6b6897396bde5a111be2e	k__Bacteria; p__Proteobacteria; c__Gammaproteobacteria; o__Xanthomonadales; f__Sinobacteraceae; g__; s__	1.0
c51bfd08405b6687a2a62c1f37d4fb32	k__Bacteria; p__OD1; c__; o__; f__; g__; s__	1.0
bf741dff7fc5f10cdf68e9639ac5728f	k__Bacteria; p__Chlamydiae; c__Chlamydiia; o__Chlamydiales	1.0
2765ca5d8cba9d9f72b58638e75c2e85	k__Bacteria; p__Verrucomicrobia; c__Verrucomicrobiae; o__Verrucomicrobiales; f__Verrucomicrobiaceae; g__; s__	1.0
5ade952875a552f3b0cdcaa8e900df00	k__Bacteria; p__Planctomycetes; c__vadinHA49; o__DH61; f__; g__; s__	1.0
8a477f20586a0320a6354bf3802bf2da	k__Bacteria; p__Proteobacteria; c__Alphaproteobacteria	1.0
199d36bfad887249bbfa5ed7db7ea933	k__Bacteria; p__Planctomycetes; c__vadinHA49; o__DH61; f__; g__; s__	1.0
b1ea0775162a01f0efd4b468ddf9be44	k__Bacteria; p__Proteobacteria; c__Alphaproteobacteria; o__Sphingomonadales; f__Sphingomonadaceae	0.9
22151fd235f8ca54e0be81accb08c90d	k__Bacteria; p__Proteobacteria; c__Alphaproteobacteria; o__Rickettsiales; f__; g__; s__	0.8
6543367e03e78ed758392a6f42d67f5e	k__Bacteria; p__Bacteroidetes; c__[Saprospirae]; o__[Saprospirales]; f__Chitinophagaceae; g__; s__	1.0
b5d9ecfa86d5b7a1d6ea3ec145da0ce5	k__Bacteria; p__Proteobacteria; c__Alphaproteobacteria; o__Rickettsiales; f__; g__; s__	0.9
ba5ca2a403a213d3969774aa1b95d610	k__Bacteria; p__Proteobacteria; c__Alphaproteobacteria; o__Rhizobiales; f__Xanthobacteraceae; g__Xanthobacter	0.8
e17fffb0b4fb0ddd1e2961eecb05aabc	k__Bacteria; p__Cyanobacteria; c__Chloroplast; o__Cryptophyta; f__; g__; s__	1.0
fdf863ccd2b9a3e33d5e1e1b3c480f53	k__Bacteria; p__Proteobacteria; c__Betaproteobacteria; o__Ellin6067; f__; g__; s__	0.6
0f01e5529cc4d84e4bf11904c4ab7682	k__Bacteria; p__OD1; c__ABY1; o__; f__; g__; s__	1.0
5f6ffd403d17561488d06bf2f13c0132	k__Bacteria; p__Cyanobacteria; c__Chloroplast; o__Streptophyta; f__; g__; s__	0.6
feb9b6d84d27774ad62e43c14b1e32bc	k__Bacteria; p__Cyanobacteria; c__Chloroplast	1.0
aade2e0cf7bf1d71e6f33d205ef57867	k__Bacteria; p__OD1; c__ZB2; o__; f__; g__; s__	1.0
a952c4148e9f8d8c7b34a061007e5985	k__Bacteria; p__Cyanobacteria; c__4C0d-2; o__SM2F09; f__; g__; s__	1.0
47941f038eebefc5e8d047ffaf6c5502	k__Bacteria; p__Bacteroidetes; c__Bacteroidia; o__Bacteroidales; f__; g__; s__	1.0
b6da1e9bb6df3598b3c08479a1086f61	k__Bacteria; p__Proteobacteria; c__Epsilonproteobacteria; o__Campylobacterales; f__Campylobacteraceae; g__Arcobacter; s__	1.0
1c42622b650dcf1276577edc57cf8cb5	k__Bacteria; p__Proteobacteria; c__Alphaproteobacteria; o__Rhodospirillales; f__Rhodospirillaceae; g__Magnetospirillum; s__	1.0
810a39560a88b6cb49d5875a41b3f142	k__Bacteria; p__Proteobacteria; c__Alphaproteobacteria; o__Sphingomonadales; f__Sphingomonadaceae	1.0
e1e3fa52538c5d1f76bf0a3aa90af5b4	k__Bacteria; p__Proteobacteria; c__Alphaproteobacteria; o__Caulobacterales; f__Caulobacteraceae; g__Asticcacaulis; s__biprosthecium	1.0
143fff45771303dec0e8f9d1d84e2a1e	k__Bacteria; p__Proteobacteria; c__Alphaproteobacteria; o__Sphingomonadales; f__Sphingomonadaceae; g__Novosphingobium; s__	0.6
e530bb554c3cdf37cfedec446651be12	k__Bacteria; p__Proteobacteria; c__Alphaproteobacteria; o__Rhizobiales; f__Methylocystaceae; g__Methylosinus; s__	1.0
320c7b1ba50a382f7567f0a520e5bd23	k__Bacteria; p__Proteobacteria; c__Alphaproteobacteria; o__Rhizobiales; f__Rhizobiaceae; g__Rhizobium	0.7
e1d3571ab97ba403b9ad4165b1350f00	Unassigned	0.0
7d196f20f90bea797aee6b5cf988cd18	k__Bacteria; p__Proteobacteria; c__Deltaproteobacteria; o__Bdellovibrionales; f__Bdellovibrionaceae; g__Bdellovibrio; s__	1.0
0805868d87a90066129d5439a6ea6cb7	k__Bacteria; p__Bacteroidetes; c__Flavobacteriia; o__Flavobacteriales; f__Cryomorphaceae; g__Fluviicola; s__	1.0
9d779a0edc1a2a5b61a556cc2f4311af	k__Bacteria; p__Proteobacteria; c__Deltaproteobacteria; o__Myxococcales; f__; g__; s__	1.0
6441a6ca94ce7739a083f6bd35aeb084	k__Bacteria; p__Proteobacteria; c__Alphaproteobacteria; o__Rhizobiales; f__; g__; s__	1.0
120d6fce1d112d179bb53af7d6365fa4	k__Bacteria; p__Bacteroidetes; c__[Saprospirae]; o__[Saprospirales]	0.8
711a7e6b79ef7764384a0a4475b70e73	k__Bacteria; p__Actinobacteria; c__Actinobacteria; o__Actinomycetales	1.0
644f304c2e2f38e628539c59497b195e	k__Bacteria; p__Proteobacteria; c__Alphaproteobacteria; o__Ellin329; f__; g__; s__	1.0
c61cfe0955272f300035c23206e0dd03	k__Bacteria; p__Planctomycetes; c__OM190; o__CL500-15; f__; g__; s__	1.0
b7f3f6e9b0b56f6269f1fc18973ced82	k__Bacteria; p__Firmicutes; c__Bacilli; o__Bacillales; f__[Exiguobacteraceae]; g__Exiguobacterium; s__	1.0
93bb8c817fe10414f1a565b2ed868bba	k__Bacteria; p__Proteobacteria; c__Deltaproteobacteria; o__Bdellovibrionales; f__Bacteriovoracaceae; g__; s__	1.0
d891a4bbb7b59d0509f440b7920b9b45	k__Bacteria; p__Actinobacteria; c__Thermoleophilia; o__Gaiellales; f__; g__; s__	1.0
6711b2b9e0909b71a284a55c4189e370	k__Bacteria; p__Bacteroidetes; c__[Saprospirae]; o__[Saprospirales]; f__Saprospiraceae; g__; s__	1.0
61ae3be0dd6bca20a34aba488a06ab36	k__Bacteria; p__Bacteroidetes; c__Sphingobacteriia; o__Sphingobacteriales; f__; g__; s__	1.0
c2cd261398513861c600ced786616d9a	k__Bacteria; p__Bacteroidetes; c__Bacteroidia; o__Bacteroidales; f__[Paraprevotellaceae]; g__; s__	0.8
da8e1c54cc3f1fcd1315e4a9394a3a98	k__Bacteria; p__Verrucomicrobia; c__[Pedosphaerae]; o__[Pedosphaerales]; f__Ellin515; g__; s__	1.0
0ea076c4c5061e72559f593d80e833ee	k__Bacteria; p__Proteobacteria; c__TA18; o__PHOS-HD29; f__; g__; s__	0.6
96d798a3fab6ce9a86a2488624bc832b	k__Bacteria; p__Proteobacteria; c__Gammaproteobacteria	1.0
974cfb6f403c9ac89fd094754195e677	k__Bacteria; p__Proteobacteria; c__Alphaproteobacteria; o__Rickettsiales; f__mitochondria; g__Phytophthora	0.75
1a67a4c422a7c16666544f06e86536e0	k__Bacteria	1.0
ef44e580a7cf21ef60abe5c34484064e	k__Bacteria; p__TM6	0.7
9a11b3bdb1219013b1ad04ac04c4c782	k__Bacteria; p__Fusobacteria; c__Fusobacteriia; o__Fusobacteriales; f__; g__; s__	0.7
d29c4f9c458e80b9ecf1778cbdbb5456	k__Bacteria; p__Cyanobacteria; c__Chloroplast	0.6
b9e4fffcc05ce4dbe746b6c009623431	Unassigned	0.0
95cf671edeb075a005ca701150319b14	k__Bacteria; p__Planctomycetes; c__Planctomycetia; o__Pirellulales; f__Pirellulaceae; g__; s__	1.0
99ca67f92126740849f2ad74d172792b	k__Bacteria; p__Proteobacteria; c__Gammaproteobacteria; o__Legionellales; f__Coxiellaceae; g__Aquicella; s__	1.0
94076aa8405ba3e2f1745b6d61d4fd29	k__Bacteria; p__Proteobacteria; c__Deltaproteobacteria; o__Spirobacillales; f__; g__; s__	1.0
306a44304b5d2b13c5e75763d18100de	k__Bacteria; p__Fusobacteria; c__Fusobacteriia; o__Fusobacteriales; f__Fusobacteriaceae; g__Fusobacterium; s__	1.0
81817b2d9c383d7839f28e418a321bf3	k__Bacteria; p__Proteobacteria; c__Gammaproteobacteria	1.0
d1e51206d4fe3a4b03cfeae60d3b555c	k__Bacteria; p__Proteobacteria; c__TA18; o__PHOS-HD29; f__; g__; s__	1.0
2483b764317325483c0453fdaf965b91	k__Bacteria; p__Cyanobacteria; c__Chloroplast; o__Stramenopiles; f__; g__; s__	1.0
4e9c9ac91e146fc51ae9ce20ec0e1834	k__Bacteria; p__TM6; c__SBRH58; o__; f__; g__; s__	0.8
2ec06bca803d2d07d89c5f8c87d2e959	k__Bacteria; p__Proteobacteria; c__Alphaproteobacteria; o__Rickettsiales; f__; g__; s__	1.0
8110314e4e4110f8bb41afe28194e671	k__Bacteria; p__SR1; c__; o__; f__; g__; s__	1.0
c300a8419d2b76b6134fc0f909c1c96e	Unassigned	0.0
ab73598cd854aa343717fb4eac333442	k__Bacteria; p__Proteobacteria; c__Betaproteobacteria; o__Burkholderiales	1.0
24947780e56f4a5a11333638abe3d66b	k__Bacteria; p__Planctomycetes; c__Planctomycetia; o__Pirellulales; f__Pirellulaceae; g__; s__	1.0
b1cde7e2c9312b7cb8f037ff8da4bcae	k__Bacteria; p__Gemmatimonadetes; c__Gemmatimonadetes; o__; f__; g__; s__	0.6
8da43bcbae95b09be39bbdce21d7006e	k__Bacteria; p__Planctomycetes; c__Planctomycetia; o__Gemmatales; f__Gemmataceae; g__; s__	1.0
d9eac9fdd966939855bee7b2ba1e2dd8	k__Bacteria; p__Planctomycetes; c__028H05-P-BN-P5; o__; f__; g__; s__	0.9
c5a8fab52d96d5003efa3424fa98946f	k__Bacteria; p__Bacteroidetes; c__Cytophagia; o__Cytophagales; f__Cytophagaceae; g__Flectobacillus; s__	1.0
fd17a3651ad2d33bea9412247c76c2fb	k__Bacteria; p__Proteobacteria; c__Betaproteobacteria; o__Rhodocyclales; f__Rhodocyclaceae	0.6
3d60ff201c8efa1775c96f81ce7e6357	k__Bacteria; p__Actinobacteria; c__Acidimicrobiia; o__Acidimicrobiales; f__C111; g__; s__	1.0
e0c1090b963a2c3b3c6629a2216480ea	k__Bacteria; p__Proteobacteria; c__Betaproteobacteria; o__Burkholderiales; f__Oxalobacteraceae	0.6
109821efe11dddeac48f4ae9bacaf002	k__Bacteria; p__Proteobacteria; c__Alphaproteobacteria; o__Rhodospirillales; f__Rhodospirillaceae; g__; s__	1.0
8bd8edcfa3afb6b616d433fc376e5a85	k__Bacteria; p__Proteobacteria; c__Alphaproteobacteria; o__Rhizobiales; f__Methylocystaceae; g__Methylosinus; s__	1.0
8177b91ecdde290455ab2c2f545420ef	k__Bacteria; p__Bacteroidetes; c__Bacteroidia; o__Bacteroidales; f__S24-7; g__; s__	1.0
78706948a7b48c2bc01e5d9343b60a83	k__Bacteria; p__Bacteroidetes; c__[Saprospirae]; o__[Saprospirales]; f__Chitinophagaceae; g__; s__	0.9
3da54ccb8fc815f030483e3dac5fa9f1	k__Bacteria; p__Proteobacteria; c__Betaproteobacteria; o__Rhodocyclales; f__Rhodocyclaceae	1.0
1d456dd019a118a988d92229f0491a64	k__Bacteria; p__Proteobacteria; c__Alphaproteobacteria; o__Rhodobacterales	0.8
0d9ecb522cbd41a3b01336ac47ca7ec4	k__Bacteria; p__Cyanobacteria; c__Chloroplast; o__Stramenopiles; f__; g__; s__	1.0
3edd8d616633d977f4390e67ff8dad35	k__Bacteria; p__Proteobacteria; c__Betaproteobacteria; o__Burkholderiales; f__Oxalobacteraceae; g__Cupriavidus; s__	0.6
2cd950146f1044113995c684565fdc59	k__Bacteria; p__Firmicutes; c__Clostridia; o__Clostridiales; f__Ruminococcaceae; g__Oscillospira; s__	1.0
607c491aa4982efe9b59ce309c755d08	k__Bacteria; p__Proteobacteria; c__Gammaproteobacteria; o__Legionellales	0.6
0a866ea123315e04c9aa6f28b0c72db1	k__Bacteria; p__Cyanobacteria	0.9
191ef1478af0b0ae5b86021d1ee73d78	k__Bacteria; p__Proteobacteria; c__Alphaproteobacteria; o__Rhizobiales	0.8
e58fd832417adc3aa9924f3b5335fa65	k__Bacteria; p__Proteobacteria; c__Alphaproteobacteria; o__; f__; g__; s__	0.9
0182e1e4512be834797459032f288b37	k__Bacteria; p__Proteobacteria; c__Alphaproteobacteria; o__Rickettsiales; f__Rickettsiaceae; g__; s__	1.0
dcc56c4605de2d6f40fd084ef3cdb216	k__Bacteria; p__Proteobacteria; c__Alphaproteobacteria; o__BD7-3; f__; g__; s__	1.0
7b81d40ec1ed159b1e5856422cb711a7	k__Bacteria; p__Proteobacteria; c__Deltaproteobacteria; o__Desulfobacterales; f__Desulfobacteraceae	0.7
228228bea8580e617cee6a72b678f1a4	k__Bacteria; p__Bacteroidetes; c__Bacteroidia; o__Bacteroidales; f__Porphyromonadaceae	0.7
13c6e95053b53742f6eab93c33e0e253	k__Bacteria	1.0
c678b74fa49814b202f4dd2cf4f9a24f	k__Bacteria; p__Bacteroidetes	1.0
f2a04dbf4aa4831094d94ea3a8067226	k__Bacteria; p__Proteobacteria; c__Betaproteobacteria; o__Burkholderiales; f__Oxalobacteraceae; g__; s__	0.8
57457b57344becf5388fb670d398ce14	k__Bacteria; p__Proteobacteria; c__Alphaproteobacteria; o__Rickettsiales; f__; g__; s__	1.0
148aff1698fd313234e12a8861e61e22	k__Bacteria; p__Proteobacteria	0.9
2869411439ec681f16ab1e41ef8d6ed8	k__Bacteria; p__Proteobacteria; c__Alphaproteobacteria; o__BD7-3; f__; g__; s__	1.0
4c95f759e154176e1ed8e51188568beb	k__Bacteria; p__Proteobacteria; c__Alphaproteobacteria; o__Rickettsiales; f__Holosporaceae; g__; s__	0.5555555555555556
b858876acf114f19a89cc2b2745f368c	k__Bacteria; p__GN04; c__MSB-5A5; o__; f__; g__; s__	1.0
a1007baddc179069ca552f2ad380f58c	k__Bacteria; p__Bacteroidetes; c__[Saprospirae]; o__[Saprospirales]; f__Saprospiraceae; g__; s__	1.0
e7cd898662a693922e82195b48d1b147	k__Bacteria; p__Bacteroidetes; c__Sphingobacteriia; o__Sphingobacteriales; f__; g__; s__	1.0
35a10fb11866605a7eee380c8e5a538b	k__Bacteria; p__Bacteroidetes; c__Flavobacteriia; o__Flavobacteriales; f__Flavobacteriaceae; g__Flavobacterium; s__	1.0
4fa0b8cd5aff0ddf3817d4926abecab4	k__Bacteria; p__Proteobacteria; c__Alphaproteobacteria; o__BD7-3; f__; g__; s__	1.0
e88be6ed2d54d540688e213339436fe2	k__Bacteria; p__Bacteroidetes; c__Bacteroidia; o__Bacteroidales; f__Bacteroidaceae; g__; s__	0.6
21532d5e36c032b4e59525ea2d74ffb9	k__Bacteria; p__Proteobacteria; c__Alphaproteobacteria	1.0
55fae6a8e2513f1c989800bebaac6b5a	k__Bacteria; p__Cyanobacteria; c__Chloroplast; o__Stramenopiles; f__; g__; s__	1.0
7a4303c35cdfc16279e49a71b8f11bd8	k__Bacteria; p__Bacteroidetes; c__Cytophagia; o__Cytophagales; f__Cytophagaceae; g__Leadbetterella; s__	1.0
726b6a4231b903aea60bc246c96772f0	k__Bacteria; p__Proteobacteria; c__Alphaproteobacteria	1.0
3b2110f2cd7f38852ca846957abd4b09	k__Bacteria; p__Bacteroidetes; c__[Saprospirae]; o__[Saprospirales]; f__Saprospiraceae; g__; s__	1.0
676cef94038dfa1ab13d77772f22a55c	k__Bacteria; p__Proteobacteria; c__Alphaproteobacteria; o__Rickettsiales; f__; g__; s__	0.6
fd988458da86c9c6c8e77ac02a8fbe91	k__Bacteria; p__Proteobacteria; c__Betaproteobacteria; o__; f__; g__; s__	0.7
5ccc188cfdfe86190868a7233fb3bc85	k__Bacteria; p__Proteobacteria; c__Alphaproteobacteria; o__Sphingomonadales; f__Erythrobacteraceae; g__; s__	0.6
9e078842e7995b3443b030e2258ad0f7	k__Bacteria; p__Proteobacteria; c__Gammaproteobacteria; o__Legionellales	0.6
f94eb6e75ad7ff39b3bfd90092f14c6c	k__Bacteria; p__Proteobacteria; c__Alphaproteobacteria; o__Rhodospirillales	0.7
7b030d9bc3cdbfda8cdadd12ca2c60c6	k__Bacteria; p__Bacteroidetes; c__Sphingobacteriia; o__Sphingobacteriales; f__; g__; s__	1.0
0b178fecf8c502fde58ed0099cf5de56	k__Bacteria; p__Cyanobacteria; c__Chloroplast; o__Chlorophyta; f__Trebouxiophyceae	0.6
ea693aacaccbf87ed0ffd718d2895ce6	k__Bacteria; p__Actinobacteria; c__Actinobacteria; o__Actinomycetales; f__ACK-M1; g__; s__	1.0
a88f53b7d4d17daeeff9437f7faabd8b	Unassigned	0.0
7059aac7e960abf988847c875bfe2e20	k__Bacteria; p__Actinobacteria; c__Acidimicrobiia; o__Acidimicrobiales; f__C111; g__; s__	1.0
caccffee866be03f649b23a460162da7	k__Bacteria; p__Bacteroidetes; c__Sphingobacteriia; o__Sphingobacteriales; f__; g__; s__	1.0
afc5bbd06143180b356c5e11574f8b3c	k__Bacteria; p__Proteobacteria; c__Alphaproteobacteria; o__Rhodobacterales; f__Rhodobacteraceae; g__Rhodobacter; s__	0.9
5f0058027ae77a2098b08a6b40c3efe0	k__Bacteria; p__Proteobacteria; c__Betaproteobacteria; o__Rhodocyclales; f__Rhodocyclaceae; g__Dechloromonas; s__	0.9
5a3d1572081778a04fe0dcdaa7f4ff0c	k__Bacteria; p__Proteobacteria; c__Betaproteobacteria; o__Burkholderiales; f__Oxalobacteraceae; g__; s__	0.6
33cd57362b76f27e7deee7bc0b37cd69	k__Bacteria; p__Actinobacteria; c__Actinobacteria; o__Actinomycetales; f__ACK-M1; g__; s__	1.0
1c4460c460cdf93fc1602f4e56916a40	k__Bacteria; p__Cyanobacteria; c__Oscillatoriophycideae; o__Chroococcales; f__Xenococcaceae; g__Xenococcus; s__	0.8
dd64fabd633eb84823833fad22bd6814	k__Bacteria; p__Proteobacteria; c__Betaproteobacteria; o__Burkholderiales; f__Comamonadaceae; g__; s__	0.7
f0aa03ac6372e5f2f0f7a55da8e2687d	k__Bacteria; p__Firmicutes; c__Clostridia; o__Clostridiales; f__Lachnospiraceae; g__Coprococcus; s__	1.0
01c3f91eca7e27c1dd3b18ed2b693dd3	k__Bacteria; p__OP11; c__WCHB1-64; o__d153; f__; g__; s__	1.0
9142c300601f9016022b82a77ced1c80	k__Bacteria; p__Proteobacteria; c__Deltaproteobacteria; o__Syntrophobacterales; f__Syntrophaceae; g__Desulfobacca; s__	1.0
02c1d66354c6f72f69c0ec18278d5100	k__Bacteria; p__Planctomycetes; c__Planctomycetia; o__Pirellulales; f__Pirellulaceae; g__; s__	1.0
ae4ac41c38f59dd98162fe7cd455af6d	k__Bacteria; p__Fusobacteria; c__Fusobacteriia; o__Fusobacteriales; f__; g__; s__	0.8
bed781067d1619f39fc0161603ac13c7	k__Bacteria; p__Proteobacteria; c__Alphaproteobacteria; o__BD7-3; f__; g__; s__	1.0
a5707330aa80f8ba638bd302219e2ea7	k__Bacteria; p__Actinobacteria; c__Acidimicrobiia; o__Acidimicrobiales; f__C111; g__; s__	1.0
e6bc4cfcbd0466239d10527f5caaed39	k__Bacteria; p__OD1; c__ZB2; o__; f__; g__; s__	1.0
b2faee16d55257f9b009bcc749491b80	k__Bacteria; p__Proteobacteria; c__Alphaproteobacteria; o__Rickettsiales; f__Rickettsiaceae	0.9
abe43b43d854601f516727dba8b013fe	k__Bacteria; p__Proteobacteria; c__Gammaproteobacteria; o__Legionellales; f__Legionellaceae	1.0
879c8b61a21648a7f22300d82410bd12	k__Bacteria; p__Cyanobacteria; c__Chloroplast; o__Cryptophyta; f__; g__; s__	1.0
a8bf23c3ffe123567489c02f478ebcf2	k__Bacteria; p__Proteobacteria	0.9
0d65ae0a92445772a8feeaca8bf01145	k__Bacteria; p__Actinobacteria; c__Actinobacteria; o__Actinomycetales; f__Micromonosporaceae; g__Micromonospora	0.6
60bd2a59e37c3dd8a8d4f710e3c776fd	k__Bacteria; p__Proteobacteria; c__Deltaproteobacteria; o__Spirobacillales; f__; g__; s__	1.0
15f48ab29eea91697c3ca0558179110c	k__Bacteria; p__Bacteroidetes; c__[Saprospirae]; o__[Saprospirales]; f__Chitinophagaceae; g__Sediminibacterium; s__	1.0
d3b1210574b3479c1677abf8639bc294	k__Bacteria; p__TM6; c__SJA-4; o__; f__; g__; s__	1.0
2c34f43585733122b27766ddb277c4fe	k__Bacteria; p__Bacteroidetes; c__Flavobacteriia; o__Flavobacteriales; f__Flavobacteriaceae; g__Flavobacterium; s__	1.0
64aebfd29231d8bf64c78648146cc1ec	k__Bacteria; p__Proteobacteria; c__Gammaproteobacteria; o__Pseudomonadales; f__Moraxellaceae; g__Acinetobacter; s__rhizosphaerae	0.9
9f563525be54f76d30cadcad78fbc540	k__Bacteria; p__Proteobacteria; c__Deltaproteobacteria; o__PB19; f__; g__; s__	1.0
77beef6eb29050db3626e8222861c56e	k__Bacteria; p__Actinobacteria; c__Actinobacteria; o__Actinomycetales; f__ACK-M1; g__; s__	1.0
afa073a9d76dc308eb2766c511e3af67	k__Bacteria; p__Bacteroidetes; c__Sphingobacteriia; o__Sphingobacteriales; f__; g__; s__	0.7
ec1f3212cf715777e00857e3508e625f	k__Bacteria; p__Cyanobacteria; c__Nostocophycideae; o__Nostocales; f__Nostocaceae; g__Anabaena	0.6
38e63a9a24587384b9500118bda76bcd	k__Bacteria; p__Proteobacteria; c__Alphaproteobacteria; o__Rickettsiales; f__Rickettsiaceae; g__; s__	0.6
bd27636483e58d43118ea82e180bf1c9	k__Bacteria; p__Cyanobacteria; c__Synechococcophycideae; o__Synechococcales; f__Synechococcaceae; g__Synechococcus; s__	1.0
8b330500e2f7158ba204bb099957418d	k__Bacteria; p__Proteobacteria; c__Alphaproteobacteria; o__Rhizobiales; f__Phyllobacteriaceae	0.6
79b8f10cb41c1ca30c072a98c158b2c5	k__Bacteria; p__Proteobacteria; c__Alphaproteobacteria; o__Sphingomonadales; f__Sphingomonadaceae; g__Novosphingobium; s__	0.6
8b905bcd06a01bd73417adfab8132348	k__Bacteria; p__Bacteroidetes; c__Bacteroidia; o__Bacteroidales; f__Bacteroidaceae; g__Bacteroides; s__barnesiae	1.0
39a79ca138b04a0803ac453a84d08156	k__Bacteria; p__Proteobacteria; c__Alphaproteobacteria; o__Rickettsiales; f__Rickettsiaceae; g__; s__	0.6
77d1e16857eb087be6b39274a8a5b071	k__Bacteria; p__Proteobacteria; c__Alphaproteobacteria; o__Rickettsiales; f__mitochondria; g__; s__	0.7
be57012cab805f775857cc0118da0322	k__Bacteria; p__Proteobacteria; c__Alphaproteobacteria	0.7
945c1f5848ca76ee6b59eddfda1f2c5f	k__Bacteria; p__Proteobacteria; c__Betaproteobacteria; o__Ellin6067; f__; g__; s__	1.0
1c63748233fc39c1f79be507a1f12895	k__Bacteria; p__Proteobacteria; c__Betaproteobacteria; o__Burkholderiales; f__Comamonadaceae; g__Hydrogenophaga; s__	0.8
5d6c2c3c128261f3a425e9b3aff3d148	k__Bacteria	1.0
a145f953fc1d76c8e75437f4da5de5f7	k__Bacteria; p__Chlamydiae; c__Chlamydiia; o__Chlamydiales; f__Parachlamydiaceae	0.8
6fc65b9e650f54e98a7421dc9c76030d	k__Bacteria; p__Cyanobacteria; c__Chloroplast; o__Stramenopiles; f__; g__; s__	1.0
99f8e2676bab0b8206b113fa4ba2e803	k__Bacteria; p__Proteobacteria; c__Alphaproteobacteria; o__Rhizobiales; f__Hyphomicrobiaceae; g__Rhodoplanes; s__	0.6
ec6b6c912cb52146467322d4aeacac8e	k__Bacteria; p__Chlorobi; c__SJA-28; o__; f__; g__; s__	0.9
6af4ebcff8ac376408b5e666f0b74870	k__Bacteria; p__Proteobacteria; c__Deltaproteobacteria; o__Syntrophobacterales; f__Syntrophobacteraceae; g__; s__	1.0
d66d4017a8c678283bec4b90155f0234	k__Bacteria; p__Cyanobacteria; c__Chloroplast; o__Stramenopiles; f__; g__; s__	1.0
ece6dbaabe9b48e06adcab354a1dd441	k__Bacteria; p__Bacteroidetes; c__Sphingobacteriia; o__Sphingobacteriales; f__; g__; s__	1.0
51718cbd0cd89352fdf8eb58ceb1a9dd	k__Bacteria; p__Proteobacteria; c__Gammaproteobacteria	1.0
50a2546aade2783092439719079366b6	k__Bacteria; p__Bacteroidetes; c__Cytophagia; o__Cytophagales; f__Cyclobacteriaceae; g__; s__	0.9
1573b5174d6ca2cb424ff61042e09f9f	k__Bacteria; p__Cyanobacteria; c__Chloroplast; o__Stramenopiles; f__; g__; s__	1.0
008d54cd23d8a6f552cf88792ee003b6	k__Bacteria; p__Proteobacteria; c__Alphaproteobacteria; o__Rhizobiales; f__Rhizobiaceae	0.6
7731a90af5de4da1da05a2eb41f517ed	k__Bacteria; p__Actinobacteria; c__Actinobacteria; o__Actinomycetales; f__ACK-M1; g__; s__	1.0
a8f83f1f93599fcd2d65ec4ab1024c0e	k__Bacteria; p__Planctomycetes; c__Planctomycetia; o__Pirellulales; f__Pirellulaceae; g__; s__	1.0
f2255078fcd2175e3a88f5f9e3acbb0f	Unassigned	0.0
dd5d8a179fb4cfe16bf92f861f0377e5	k__Bacteria; p__Proteobacteria; c__Alphaproteobacteria; o__Rhodobacterales; f__Hyphomonadaceae; g__; s__	0.6
cb57bd668c11a3d5646831eb8c71e796	k__Bacteria; p__Proteobacteria; c__Alphaproteobacteria; o__Sphingomonadales; f__Sphingomonadaceae; g__Novosphingobium; s__	0.8
40197333a8f23d44177545b080e19cc4	k__Bacteria; p__Proteobacteria; c__Alphaproteobacteria; o__Rhodospirillales; f__Acetobacteraceae; g__; s__	1.0
d786855319fa0ab8245741c9e0f51fb8	k__Bacteria; p__Bacteroidetes; c__Sphingobacteriia; o__Sphingobacteriales; f__; g__; s__	1.0
bb7e8822263fec004929a64b0a49c1ea	k__Bacteria; p__Proteobacteria; c__Gammaproteobacteria; o__Methylococcales; f__; g__; s__	0.7
e93232ac44695f821ec81dba4daae361	k__Bacteria; p__Acidobacteria; c__Solibacteres; o__Solibacterales; f__[Bryobacteraceae]; g__; s__	0.8
aae39d0a7c3f55836f64212a74d57748	k__Bacteria; p__Gemmatimonadetes; c__Gemmatimonadetes	1.0
abb697e8b834fd29fd9f03dc792917d2	k__Bacteria; p__Proteobacteria; c__Gammaproteobacteria	1.0
3273f409536b1a2468bac9fec947b3b9	k__Bacteria; p__WPS-2; c__; o__; f__; g__; s__	1.0
7a20ae146691b0730fb2bec99c1991bf	k__Bacteria; p__Proteobacteria; c__Alphaproteobacteria; o__Sphingomonadales; f__Sphingomonadaceae; g__Novosphingobium; s__	0.6
24c3053906148e8486adacaa412b108d	k__Bacteria; p__Proteobacteria; c__Betaproteobacteria; o__Procabacteriales; f__Procabacteriaceae; g__; s__	1.0
f8c525174de34e1fe95a28fa462dffc6	k__Bacteria; p__Bacteroidetes; c__Sphingobacteriia; o__Sphingobacteriales; f__Sphingobacteriaceae; g__Pedobacter; s__cryoconitis	1.0
08c017ceb9259858daf3fc7bc4dd4b9d	k__Bacteria; p__Cyanobacteria; c__Chloroplast; o__Stramenopiles; f__; g__; s__	1.0
e3f5874372cc076613f91ebbbf053d99	k__Bacteria; p__Bacteroidetes; c__Sphingobacteriia; o__Sphingobacteriales; f__; g__; s__	1.0
5b8fb046969db2d430813e1f019f8dac	k__Bacteria; p__Proteobacteria; c__Betaproteobacteria; o__Burkholderiales; f__; g__; s__	0.7
6e46690d8a97eaf5b8e0541b7fa685f7	k__Bacteria; p__Proteobacteria; c__TA18; o__PHOS-HD29; f__; g__; s__	0.8
e8818ad50a8a39976c090c2238a7e2c9	k__Bacteria; p__Proteobacteria; c__Betaproteobacteria; o__Burkholderiales; f__Comamonadaceae	1.0
7839e8a1d6e24ceaedafa1fce8abcbef	k__Bacteria; p__Proteobacteria; c__Alphaproteobacteria	0.8
6f21c95d00ecdd92edd8c97aed8b1770	k__Bacteria; p__Proteobacteria; c__Betaproteobacteria; o__Burkholderiales; f__; g__; s__	0.8
ba81d432bcd9140156a7231098d508f8	k__Bacteria; p__Spirochaetes; c__Spirochaetes; o__Spirochaetales; f__Spirochaetaceae; g__Treponema; s__	0.7
16a18d9169cd5f019686f7556dc68b1f	k__Bacteria; p__Proteobacteria; c__Gammaproteobacteria; o__Xanthomonadales; f__Sinobacteraceae; g__; s__	0.8
c378fcb8786daa62745a078d0b5c4cbc	k__Bacteria	1.0
3f08e41dbe8bf3d78cb1dfc0f2fa7145	k__Bacteria; p__Proteobacteria; c__Gammaproteobacteria; o__Alteromonadales; f__Alteromonadaceae; g__Glaciecola; s__	0.6
5546a0f2f31bed3b1203b94a26f0378c	Unassigned	0.0
5d1c3b7302075897690bd532722025bb	k__Bacteria; p__Firmicutes; c__Clostridia; o__Clostridiales; f__Clostridiaceae; g__; s__	0.9
135323755622099533a620f72bdaeefe	k__Bacteria; p__Planctomycetes; c__Planctomycetia; o__Pirellulales; f__Pirellulaceae; g__; s__	0.6
f38772b04a9cb1824f9d7449c2656b2d	k__Bacteria; p__Proteobacteria; c__Deltaproteobacteria; o__Bdellovibrionales; f__Bacteriovoracaceae; g__; s__	0.9
e7255c897345f9615f976dfeb9cc6f20	k__Bacteria; p__SR1; c__; o__; f__; g__; s__	1.0
1b6606708ff6ad279cd348de77f87f35	k__Bacteria; p__Planctomycetes; c__Planctomycetia; o__Pirellulales; f__Pirellulaceae; g__; s__	1.0
56d346d4620c2394cdf200065ef0debe	k__Bacteria; p__Proteobacteria; c__Alphaproteobacteria; o__Rickettsiales; f__; g__; s__	1.0
2afcae2e7c5ba8cd4cb9534f253716e7	k__Bacteria; p__Chloroflexi; c__Thermomicrobia; o__JG30-KF-CM45; f__; g__; s__	1.0
704c4059fb03a3f8c6bad13bf49e7086	k__Bacteria; p__Proteobacteria; c__Alphaproteobacteria; o__Rhodospirillales; f__Acetobacteraceae; g__; s__	0.9
9480173e68e24c820e540999c2ff23c1	k__Bacteria; p__Proteobacteria; c__Betaproteobacteria; o__Burkholderiales; f__Comamonadaceae	1.0
7467d60b6bc6779b2912611b2bbdb411	k__Bacteria; p__Proteobacteria; c__Gammaproteobacteria; o__Legionellales; f__; g__; s__	0.9
11fb05d921db63adf6a413eed40e699a	k__Bacteria; p__Proteobacteria; c__Deltaproteobacteria; o__Myxococcales; f__; g__; s__	1.0
b375150be287b4a5a4e0405ba8b556d2	k__Bacteria; p__Proteobacteria; c__Deltaproteobacteria; o__; f__; g__; s__	1.0
6f1e64c627ca31edbb2d5f773bae5438	k__Bacteria; p__Planctomycetes; c__Planctomycetia; o__Gemmatales; f__Gemmataceae; g__Gemmata; s__	1.0
b628de1895e517bc73efb5ff9dffa581	k__Bacteria; p__Proteobacteria; c__Deltaproteobacteria	1.0
a2ce6b0e7b2b60ea0848818bafc1e534	k__Bacteria; p__Tenericutes; c__Mollicutes; o__RF39; f__; g__; s__	1.0
da30bb2b70da01bbff59f3ce3fb425c6	k__Bacteria; p__Proteobacteria; c__Deltaproteobacteria; o__Desulfuromonadales; f__Geobacteraceae; g__Geobacter; s__	0.7
45ea257215c3efbc0f743e869515d06e	k__Bacteria; p__Chloroflexi; c__Chloroflexi; o__[Roseiflexales]; f__; g__; s__	0.7
907b7c24d2007ec07e2bf4a0bb4502f0	k__Bacteria; p__Proteobacteria; c__TA18; o__PHOS-HD29; f__; g__; s__	1.0
c68c063cc88f99470fdaef2f25f51dfa	k__Bacteria; p__Proteobacteria; c__Deltaproteobacteria; o__; f__; g__; s__	0.8
69a84c9de57de1c256a415ffc906e324	k__Bacteria; p__Armatimonadetes; c__Armatimonadia; o__Armatimonadales; f__Armatimonadaceae; g__; s__	0.6
0bad1ce9bba7abfe72770f8dca4dc3b6	k__Bacteria; p__Planctomycetes; c__Planctomycetia; o__Planctomycetales; f__Planctomycetaceae; g__Planctomyces; s__	1.0
e1482fe7a0587445c53197ce47ad6e8d	k__Bacteria; p__Planctomycetes; c__Phycisphaerae; o__Phycisphaerales; f__; g__; s__	1.0
5bc761e6295e7bdcade08eaa3759159f	k__Bacteria; p__Proteobacteria; c__Alphaproteobacteria; o__Sphingomonadales; f__Sphingomonadaceae; g__; s__	0.8
b0cf38ec1c3d21b930c35a728b1939d8	k__Bacteria; p__Proteobacteria; c__Alphaproteobacteria; o__Rickettsiales; f__; g__; s__	1.0
0b0c2e4957885241d47e1551b126e226	k__Bacteria; p__Verrucomicrobia; c__Verrucomicrobiae; o__Verrucomicrobiales; f__Verrucomicrobiaceae; g__Luteolibacter; s__	0.8
9bd5e81c4af5eb8456a6873bf628fe7b	k__Bacteria; p__Proteobacteria; c__Deltaproteobacteria; o__Syntrophobacterales; f__Syntrophobacteraceae; g__; s__	0.9
1372bb1014a5a09e1ca78219b95d7aff	k__Bacteria; p__Bacteroidetes; c__Sphingobacteriia; o__Sphingobacteriales; f__; g__; s__	1.0
91a3b6308228918e635f21f088e5d86f	k__Bacteria; p__Planctomycetes; c__Planctomycetia; o__Pirellulales; f__Pirellulaceae; g__; s__	1.0
fcfba30163cafedd7b4040e1c08303d3	k__Bacteria; p__Proteobacteria; c__Deltaproteobacteria; o__Desulfobacterales; f__Desulfobacteraceae; g__Desulfococcus; s__	1.0
ea68689bcfade651297d6f34439ee0d2	k__Bacteria; p__Bacteroidetes; c__[Saprospirae]; o__[Saprospirales]; f__Saprospiraceae; g__; s__	1.0
23a56a7f13a6e48aba019fde8233e726	k__Bacteria; p__Proteobacteria; c__Gammaproteobacteria; o__Pseudomonadales; f__Pseudomonadaceae; g__Pseudomonas; s__	1.0
75d06b42a543af0f47d707a08020bdf3	Unassigned	0.0
0f5105980ddcee55b7cc801811a0e875	k__Bacteria; p__Chloroflexi; c__Chloroflexi; o__[Roseiflexales]; f__; g__; s__	0.9
153da909fca2f972ee1111220a1b9df7	k__Bacteria; p__TM6	0.7
1aedf106ec256bf5edf77f7563d57a9e	k__Bacteria; p__Cyanobacteria; c__Chloroplast; o__Chlorophyta	0.6
a16307876b7b0e4dcbf39b13a587b34e	k__Bacteria; p__Proteobacteria; c__Betaproteobacteria; o__Burkholderiales; f__Oxalobacteraceae	0.8
7691edf3198625c4b0730ae5e637a5cb	k__Bacteria; p__Proteobacteria; c__Alphaproteobacteria; o__Sphingomonadales; f__Sphingomonadaceae; g__Sphingobium; s__	1.0
d6d8f68f24d1d4ceae5a3550158391bb	k__Bacteria; p__Cyanobacteria; c__Synechococcophycideae; o__Pseudanabaenales; f__Pseudanabaenaceae	0.9
f22145c646e1427f7a59df6d8a4acfbd	k__Bacteria; p__Proteobacteria; c__Betaproteobacteria; o__Burkholderiales; f__Oxalobacteraceae; g__Cupriavidus; s__	0.6
eabbca91c26cb194690df5445974d7cd	k__Bacteria; p__Cyanobacteria; c__Chloroplast; o__Stramenopiles; f__; g__; s__	1.0
0ec23d5cd551686ca68ef5323fe3824c	k__Bacteria; p__Bacteroidetes; c__[Saprospirae]; o__[Saprospirales]; f__Saprospiraceae; g__; s__	1.0
6fd8029131f63f6b0831dcaf3bbb1d81	k__Bacteria; p__Cyanobacteria; c__4C0d-2; o__SM1D11; f__; g__; s__	0.9
67380db939dc138481f01afa94aa17f9	k__Bacteria; p__Proteobacteria; c__Alphaproteobacteria; o__; f__; g__; s__	1.0
684b2a700e10711278f86a57d6df367e	k__Bacteria; p__Firmicutes; c__Clostridia; o__Clostridiales; f__Peptococcaceae; g__Desulfotomaculum; s__	0.6
64213690c7eebd7961caf77730005055	k__Bacteria; p__Cyanobacteria; c__Chloroplast; o__Streptophyta; f__; g__; s__	1.0
447508f2074b6198cebc548961cf3f5f	k__Bacteria; p__OD1; c__ZB2; o__; f__; g__; s__	0.8888888888888888
f7a70cc31d1fe3af5c20f7ec19d02474	k__Bacteria; p__Chlorobi; c__OPB56; o__; f__; g__; s__	1.0
855aa619397006b78c51d82581f2eaaf	k__Bacteria; p__Firmicutes; c__Clostridia; o__Clostridiales; f__Ruminococcaceae; g__; s__	1.0
635de49ace9fe770567b994ce99832d5	k__Bacteria	1.0
c2e94099531411c123fb10f2cc522150	k__Bacteria; p__Proteobacteria; c__Deltaproteobacteria; o__Desulfarculales; f__Desulfarculaceae; g__; s__	0.7
d7b40316ccef9e8d99073c34801e7094	k__Bacteria; p__Proteobacteria; c__Gammaproteobacteria; o__Xanthomonadales; f__Xanthomonadaceae; g__; s__	1.0
7ddc9db1119583354879c19e912e41fa	k__Bacteria; p__Proteobacteria; c__Betaproteobacteria; o__Burkholderiales; f__Oxalobacteraceae; g__Janthinobacterium; s__	0.8
be13511c90a61b062cad7110259d1a47	k__Bacteria	1.0
061337dd1691a1487e04af319c2322a1	k__Bacteria; p__Verrucomicrobia; c__Opitutae; o__Opitutales; f__Opitutaceae	1.0
1d737140d65919fe946c9c360dc880b4	k__Bacteria; p__Chloroflexi; c__Chloroflexi; o__[Roseiflexales]; f__; g__; s__	0.8
c0f0da9a09775b219f638d449cdabb40	k__Bacteria; p__Proteobacteria; c__Deltaproteobacteria; o__Syntrophobacterales; f__Syntrophobacteraceae; g__; s__	1.0
e6002465483c06c7debda3efbe10d47a	k__Bacteria; p__Proteobacteria; c__Gammaproteobacteria; o__Pseudomonadales; f__Moraxellaceae; g__Acinetobacter; s__rhizosphaerae	0.9
5a3b9ff07f0ffe0249d6ac8914cb5994	k__Bacteria; p__Proteobacteria; c__Alphaproteobacteria; o__Rhizobiales; f__; g__; s__	0.6
c3dbe9e013bd814178fcf7bdfd6185d0	k__Archaea; p__[Parvarchaeota]; c__[Parvarchaea]; o__YLA114; f__; g__; s__	1.0
15eaf939505470104873f208f3cf292e	k__Bacteria; p__Planctomycetes; c__Planctomycetia; o__Gemmatales; f__Gemmataceae; g__Gemmata; s__	1.0
86793d35e501ce8ce4516d925f92c446	k__Bacteria; p__Cyanobacteria; c__Synechococcophycideae; o__Pseudanabaenales; f__Pseudanabaenaceae; g__Leptolyngbya; s__	0.7
eb8541e4ebafb02408a28db4695113be	k__Bacteria; p__Proteobacteria; c__Alphaproteobacteria; o__Rickettsiales; f__Rickettsiaceae; g__; s__	0.9
ce8c96a9d399fdf9785dbaaacc3f2e1f	k__Bacteria; p__Acidobacteria; c__Solibacteres; o__Solibacterales; f__; g__; s__	0.7
b8505a3b17b4bd393fe72666d8f0451e	k__Bacteria; p__Proteobacteria; c__Alphaproteobacteria; o__Sphingomonadales; f__; g__; s__	1.0
2611cf04df314225e383e7dfd7d0cdfd	k__Bacteria; p__Proteobacteria; c__Alphaproteobacteria; o__Rickettsiales; f__; g__; s__	0.7
eef927745cd05205b3a0545270526ab5	k__Bacteria; p__Firmicutes; c__Clostridia; o__Clostridiales; f__; g__; s__	1.0
af8f1f8025186f753046d49716ef86f9	k__Bacteria; p__Firmicutes; c__Clostridia; o__Clostridiales; f__Clostridiaceae; g__Clostridium; s__	0.9
a8a1011ffbceb9fa149e13cfdac1d3c8	k__Bacteria; p__Bacteroidetes; c__Cytophagia; o__Cytophagales; f__Cytophagaceae; g__Emticicia; s__	1.0
27bcb97356ed7170317cae17734a85c7	k__Bacteria; p__Proteobacteria; c__Betaproteobacteria; o__Burkholderiales; f__Comamonadaceae; g__Polaromonas; s__	0.8
5fa881c4da3ef59c2743a13727798a52	k__Bacteria; p__Proteobacteria; c__Alphaproteobacteria; o__BD7-3; f__; g__; s__	1.0
a84d09079002fa6c751f85bb9c2a9ebc	k__Bacteria; p__Proteobacteria; c__Gammaproteobacteria; o__Chromatiales; f__Chromatiaceae; g__; s__	0.7
06c123a06aad5c35f585ddb94e21c87e	k__Bacteria; p__Proteobacteria; c__Deltaproteobacteria; o__; f__; g__; s__	1.0
e8726545576365416fcac24a4ad6449e	k__Bacteria; p__Planctomycetes; c__Planctomycetia; o__Gemmatales; f__Gemmataceae; g__Gemmata; s__	1.0
d8179cfabf6a63362a18d85e7c7ef2ad	k__Bacteria; p__Actinobacteria; c__Actinobacteria; o__Actinomycetales; f__Mycobacteriaceae; g__Mycobacterium; s__	1.0
5380dfd4c3135547f6445cd1221c4bb6	k__Bacteria; p__Firmicutes; c__Clostridia; o__Clostridiales; f__Clostridiaceae; g__Clostridium; s__	0.8
18f563470fbc85aaf10d832d24a206b4	k__Bacteria; p__Proteobacteria; c__Alphaproteobacteria; o__Rhizobiales; f__Hyphomicrobiaceae; g__Hyphomicrobium; s__	0.8
4a175a2489e0c6931a6d9049e74b213e	k__Bacteria; p__Planctomycetes; c__Planctomycetia; o__Pirellulales; f__Pirellulaceae; g__; s__	1.0
747d327f62d636a64657acf25c1c7694	k__Bacteria; p__OD1; c__; o__; f__; g__; s__	1.0
41203624e7e85070423a3879b8e422ef	k__Bacteria; p__Cyanobacteria; c__Chloroplast; o__Chlorophyta; f__; g__; s__	0.7
5e7c9412f97ef14546b49f360760f416	k__Bacteria; p__Verrucomicrobia; c__[Pedosphaerae]; o__[Pedosphaerales]	1.0
98f6d5cabeac0af1c28e8b141a4a5668	k__Bacteria; p__OD1; c__; o__; f__; g__; s__	1.0
06746144c4457d2e39b25cafa6e245f2	k__Bacteria; p__Firmicutes; c__Clostridia; o__Clostridiales; f__Ruminococcaceae; g__Oscillospira; s__	0.9
aef0e4d906f6e63c51adc3386a1d1a55	k__Bacteria; p__Proteobacteria; c__Betaproteobacteria; o__Procabacteriales; f__Procabacteriaceae; g__; s__	1.0
f0b49128f683bdd7eef37d093abd8726	k__Bacteria; p__Planctomycetes; c__Phycisphaerae; o__Phycisphaerales; f__; g__; s__	1.0
7aa6425c182440943351cde8b2dc33a9	k__Bacteria; p__OP3; c__BD4-9; o__; f__; g__; s__	1.0
6faa3386c3e2b925555be2d92376de51	k__Bacteria; p__Bacteroidetes; c__Bacteroidia; o__Bacteroidales; f__Bacteroidaceae	0.9
6cae8021be8236375892202f58dca939	k__Bacteria; p__Proteobacteria; c__Gammaproteobacteria; o__Legionellales; f__Coxiellaceae; g__Aquicella; s__	1.0
03ca9e1973be9fdc616aeff0dc034e9e	k__Bacteria; p__Bacteroidetes; c__[Saprospirae]; o__[Saprospirales]; f__Chitinophagaceae; g__; s__	0.7
b198662927c10a8470a3c4c24e0ebe65	k__Bacteria; p__Bacteroidetes; c__Flavobacteriia; o__Flavobacteriales; f__Cryomorphaceae; g__Fluviicola; s__	1.0
d72fed6c45c327cdc472c2e185ba9029	k__Bacteria; p__Proteobacteria; c__Gammaproteobacteria; o__Legionellales	0.6
f110b55dddd8034ec22c65b850f25dd4	k__Bacteria; p__Actinobacteria; c__Actinobacteria; o__Actinomycetales; f__Microbacteriaceae	1.0
71f83058331aa8ab65351c038e7fe849	k__Bacteria; p__Actinobacteria; c__Thermoleophilia; o__Gaiellales; f__; g__; s__	1.0
4db2fe58feafd386461313fc58ff0192	k__Bacteria; p__Bacteroidetes; c__[Saprospirae]; o__[Saprospirales]; f__Saprospiraceae; g__Lewinella; s__	0.7
ac92877be9bef39adc6044ed13fc605f	k__Bacteria; p__GN02; c__BD1-5; o__; f__; g__; s__	0.6
5f7f5148f09b5c0312220f5432517657	k__Bacteria; p__Proteobacteria; c__Betaproteobacteria; o__Burkholderiales; f__Oxalobacteraceae; g__Polynucleobacter; s__	0.7
11fcb319b060be7a9b4764bd380071c7	k__Bacteria; p__Proteobacteria; c__Deltaproteobacteria; o__; f__; g__; s__	0.7
febd0ed2c03374b955691ed92b88f34d	k__Bacteria; p__Proteobacteria; c__Alphaproteobacteria; o__Rhizobiales; f__Rhizobiaceae; g__Agrobacterium; s__	0.9
864bf623097b0d9f43686f2ae92176f8	Unassigned	0.0
d25af7bbfd53a13fe0e01553a2ef3bcb	k__Bacteria; p__Proteobacteria; c__Deltaproteobacteria; o__Bdellovibrionales; f__Bacteriovoracaceae; g__; s__	0.9
03ac40dd627242aa0e51e9bf2f37ec21	k__Bacteria; p__Proteobacteria; c__Gammaproteobacteria; o__Methylococcales; f__Methylococcaceae	1.0
b8cfe8cd4600d6a2e8506b8efe4a289a	k__Bacteria; p__Proteobacteria; c__Alphaproteobacteria; o__Rickettsiales; f__; g__; s__	1.0
c9bd46ae0be0ba7390f7b33e1105a488	k__Bacteria; p__Actinobacteria; c__Actinobacteria; o__Actinomycetales; f__ACK-M1; g__; s__	1.0
d1b50cf9bdf770f6ef5cf9bd053181a9	k__Bacteria; p__Verrucomicrobia; c__[Spartobacteria]; o__[Chthoniobacterales]; f__[Chthoniobacteraceae]; g__; s__	1.0
6f4b257b525903c503ff7cf20082f31a	k__Bacteria; p__Bacteroidetes; c__Cytophagia; o__Cytophagales; f__Cytophagaceae; g__; s__	0.7
82769bff6ff9be4aa80819f6089adcce	k__Bacteria; p__Firmicutes; c__Clostridia; o__Clostridiales; f__Peptococcaceae; g__rc4-4; s__	0.9
dceca1420d09f63876ea33c0078d8d64	k__Bacteria; p__Proteobacteria; c__Alphaproteobacteria; o__Rhodospirillales; f__Rhodospirillaceae; g__Azospirillum; s__	1.0
1ce0ab04bb69f47e3a406498808390be	k__Bacteria; p__Proteobacteria; c__Alphaproteobacteria; o__Sphingomonadales; f__Sphingomonadaceae	1.0
761477ce5ad8a54a831eddc77c957c04	k__Bacteria; p__Cyanobacteria; c__Synechococcophycideae; o__Synechococcales; f__Synechococcaceae; g__Synechococcus; s__	1.0
3542c35147eac825db805a3e0875904f	k__Bacteria; p__Bacteroidetes; c__Flavobacteriia; o__Flavobacteriales; f__Cryomorphaceae; g__Fluviicola; s__	1.0
81df7dfe25f17e9bea4f2b12b22c7725	k__Bacteria; p__Proteobacteria; c__Betaproteobacteria; o__Burkholderiales; f__Alcaligenaceae; g__; s__	0.9
56ffea3544718a15d1583786776b053c	k__Bacteria; p__Verrucomicrobia; c__Opitutae; o__Opitutales; f__Opitutaceae; g__Opitutus; s__	0.8
9726e14e78283ccd444a22ce07d373ce	k__Bacteria; p__Bacteroidetes; c__[Saprospirae]; o__[Saprospirales]; f__Saprospiraceae; g__; s__	0.8
263e03faa83a5626064fe038fc5044c5	k__Bacteria; p__Planctomycetes; c__Planctomycetia; o__Pirellulales; f__Pirellulaceae; g__; s__	0.9
85d1a05b5d39e0e50a88a7e0e1706cf6	Unassigned	0.0
541c59de23e310e16f921574ea87ca99	k__Bacteria; p__Actinobacteria; c__Acidimicrobiia; o__Acidimicrobiales; f__JdFBGBact; g__; s__	1.0
67c5b4112502c9dc5ec7f49fb9e6e48a	k__Bacteria; p__OD1; c__; o__; f__; g__; s__	0.7777777777777778
14a75fee586451530ca98144459768c4	k__Bacteria; p__Proteobacteria; c__Gammaproteobacteria; o__Legionellales; f__Legionellaceae; g__; s__	0.6
df1a7ec8a028206ccea4e4633131ac07	k__Bacteria; p__Chloroflexi; c__Dehalococcoidetes; o__; f__; g__; s__	1.0
7725cfe0702d4aef5a0bf4eaa526b4cb	k__Bacteria; p__Proteobacteria; c__Alphaproteobacteria; o__Rhodospirillales; f__Acetobacteraceae; g__Acetobacter; s__	0.6
73ca22b171dafc5ad91536ccba80955b	k__Bacteria; p__Chlorobi; c__OPB56; o__; f__; g__; s__	1.0
f3430d301a72cc22535c0a8b4882c65f	k__Bacteria; p__Proteobacteria; c__Alphaproteobacteria; o__Rickettsiales; f__Rickettsiaceae; g__Wolbachia; s__	1.0
5db5c96cd42b23d6484f256683d4c14c	k__Bacteria; p__Actinobacteria; c__Actinobacteria; o__Actinomycetales; f__Microbacteriaceae; g__; s__	0.6
1efabf4eb42b9d9e161645fef754e85e	k__Bacteria; p__Proteobacteria; c__Alphaproteobacteria; o__Sphingomonadales; f__Sphingomonadaceae; g__Novosphingobium; s__	0.6
584dae337b372496ebe80fe8654d403c	k__Bacteria; p__Proteobacteria; c__Betaproteobacteria; o__Burkholderiales; f__Comamonadaceae; g__; s__	0.9
e5d4dcd086e0cb9a7980710a808e0555	k__Bacteria; p__Proteobacteria; c__Betaproteobacteria; o__Neisseriales; f__Neisseriaceae; g__Aquitalea	0.6
84b1ce801e1d8170fd42b0ede68160e1	k__Bacteria; p__Proteobacteria; c__Alphaproteobacteria; o__Sphingomonadales; f__Erythrobacteraceae; g__; s__	0.8
83f41a30157981bd7264832c011bf7a1	k__Bacteria; p__Planctomycetes; c__vadinHA49; o__DH61; f__; g__; s__	1.0
8aabbdad74996162380b2b692bf00d8f	k__Bacteria; p__Proteobacteria; c__Alphaproteobacteria; o__Rickettsiales; f__; g__; s__	0.8
ae4c55720e9e5479efee366a40d87efc	k__Bacteria; p__Proteobacteria; c__Deltaproteobacteria; o__Myxococcales	0.6
8202d35b2ac57958ccebe016cab355f1	k__Bacteria; p__Proteobacteria; c__Deltaproteobacteria; o__Bdellovibrionales; f__Bacteriovoracaceae; g__; s__	0.9
d4a625c1b01308262576e9d9476bf215	k__Bacteria; p__Firmicutes; c__Clostridia; o__Clostridiales; f__Lachnospiraceae; g__; s__	0.9
b78e0da4b835e3c2d95bc4bb19afc395	k__Bacteria; p__SR1; c__; o__; f__; g__; s__	1.0
7393024ca4f651284c7a869035830cf5	k__Bacteria; p__Proteobacteria; c__Alphaproteobacteria; o__Rhizobiales; f__; g__; s__	1.0
330a1cf00ad03cef4a3167a7576b44a5	k__Bacteria; p__Proteobacteria; c__Alphaproteobacteria; o__Rhizobiales; f__; g__; s__	1.0
92f1bcc192e524f629bca911409d381d	k__Bacteria; p__Proteobacteria; c__Alphaproteobacteria; o__Rhizobiales; f__; g__; s__	0.9
030268c7d171b9aac2b341c7917ffe64	k__Archaea; p__Crenarchaeota; c__MCG; o__; f__; g__; s__	0.8
15e98bc4697fc9ceed6be0bf9121249e	k__Bacteria; p__Proteobacteria; c__Gammaproteobacteria; o__Legionellales; f__Legionellaceae; g__; s__	0.8
1dc36ad338fd9fd3ad2b441c9deaa6f1	Unassigned	0.0
4f5ad334e91d515705604a803e77ff74	k__Bacteria; p__Proteobacteria; c__Betaproteobacteria; o__Burkholderiales; f__Comamonadaceae; g__; s__	0.7
d258ebc82fd056d1d87449e3e433e5dc	k__Bacteria; p__Gemmatimonadetes; c__Gemmatimonadetes; o__Gemmatimonadales; f__Gemmatimonadaceae; g__Gemmatimonas; s__	1.0
2c45f7ddcc5503cbb14f9ea293e9498e	k__Bacteria; p__Proteobacteria; c__Gammaproteobacteria	1.0
f49f3930d5a7202bc005b455245dba80	k__Bacteria; p__Bacteroidetes; c__Cytophagia; o__Cytophagales; f__Cytophagaceae; g__; s__	1.0
c605e59dccf12bba62588ad63b086af7	k__Bacteria; p__Verrucomicrobia; c__Opitutae; o__[Cerasicoccales]; f__[Cerasicoccaceae]; g__; s__	1.0
72d4f874c68ca586ea998d4ae7a3b0a9	k__Bacteria; p__Verrucomicrobia; c__Verrucomicrobiae; o__Verrucomicrobiales; f__Verrucomicrobiaceae; g__Prosthecobacter	0.7
88ff03d5e9ec43933b622a9ad44dc20d	k__Bacteria; p__Bacteroidetes; c__[Saprospirae]; o__[Saprospirales]; f__Chitinophagaceae; g__; s__	1.0
f9abf3d3217c1af94a4070ce9be10798	k__Bacteria; p__Chloroflexi; c__Chloroflexi; o__[Roseiflexales]; f__[Kouleothrixaceae]; g__; s__	0.8
e0c7906f72cabc9c5f731bc788d0e5cf	k__Bacteria; p__Planctomycetes; c__OM190; o__CL500-15; f__; g__; s__	1.0
1c9dfc28d5238f54e94bac3a41ca7d27	k__Bacteria; p__Bacteroidetes; c__Bacteroidia; o__Bacteroidales; f__; g__; s__	1.0
01bafbfeb70effca29566dfb7f4ea657	k__Bacteria; p__Proteobacteria; c__Alphaproteobacteria; o__Rhizobiales; f__Hyphomicrobiaceae; g__; s__	0.7
4371e09558018f994241fa17bcdd6d7a	k__Bacteria; p__Cyanobacteria; c__Chloroplast; o__Cryptophyta; f__; g__; s__	1.0
ac0ef3b62f4e05f99f37c370bb42f54f	k__Bacteria; p__Proteobacteria; c__Alphaproteobacteria; o__Caulobacterales; f__Caulobacteraceae; g__Caulobacter	0.6
f0548ce03dfb00ed8b2c5757757dc60b	Unassigned	0.0
ece9b51f90c2a7910e7618e03e2f58c3	k__Bacteria; p__Proteobacteria; c__Alphaproteobacteria; o__Rickettsiales; f__; g__; s__	0.9
23f2e98365097c9bacdaaf152ff0a18f	k__Bacteria; p__Spirochaetes; c__Spirochaetes; o__Spirochaetales; f__Spirochaetaceae; g__; s__	0.9
f64d894d491e1782199d2356cd173409	k__Bacteria; p__Proteobacteria; c__Alphaproteobacteria; o__Rickettsiales; f__; g__; s__	1.0
e0b6ef50f85926d06afabe6573a110c0	k__Bacteria; p__OD1; c__ZB2; o__; f__; g__; s__	1.0
31878801bd79e280970bf5d438c9a3ad	k__Bacteria; p__Planctomycetes; c__Planctomycetia; o__Gemmatales; f__Gemmataceae; g__; s__	1.0
9f02fa2093d4aaaf910c8e17d5b87662	k__Bacteria; p__Proteobacteria; c__Deltaproteobacteria; o__Desulfuromonadales; f__Geobacteraceae; g__Geobacter; s__	1.0
0392f55d96dd97b2a184d6d0dded962e	k__Bacteria; p__SR1; c__; o__; f__; g__; s__	1.0
285a12cc779c6ea2f3f9f42e456c948d	k__Bacteria; p__TM6; c__SBRH58; o__; f__; g__; s__	0.8
fd09b2913143931f8ce3ec8bb1822bbe	k__Bacteria; p__SR1; c__; o__; f__; g__; s__	1.0
d6e590cdf9ba711b186639505f3d36f8	k__Bacteria; p__Cyanobacteria; c__4C0d-2; o__SM1D11; f__; g__; s__	1.0
a1e35c3c357351657dd62a9663b38142	k__Bacteria; p__Proteobacteria; c__Alphaproteobacteria; o__Caulobacterales; f__Caulobacteraceae; g__; s__	1.0
20fde7e62a18e2c835c6ff3f9aa7f947	k__Bacteria; p__Planctomycetes; c__Planctomycetia; o__Pirellulales; f__Pirellulaceae; g__; s__	1.0
295720b0f07538dc9bbf6708c1fc3fd4	k__Bacteria; p__Bacteroidetes; c__Flavobacteriia; o__Flavobacteriales; f__Cryomorphaceae; g__; s__	1.0
9482b4d027d8f9810d6e167a987026ee	k__Bacteria; p__Proteobacteria; c__Gammaproteobacteria; o__Xanthomonadales; f__Sinobacteraceae; g__; s__	1.0
8487f443151699a2046e3672c2ff9e6d	k__Bacteria; p__Planctomycetes; c__vadinHA49; o__DH61; f__; g__; s__	1.0
f129ba7e6cef3f91ab76dc6153ccecf7	k__Bacteria; p__Bacteroidetes; c__Flavobacteriia; o__Flavobacteriales; f__Cryomorphaceae; g__Fluviicola; s__	1.0
5630a0324fbc2d9f33ff4bed81309052	k__Bacteria; p__Proteobacteria; c__Alphaproteobacteria; o__Sphingomonadales; f__Sphingomonadaceae; g__Novosphingobium; s__	0.9
99f49c5020b3e2a5b1220840ff2523d7	k__Archaea; p__[Parvarchaeota]; c__[Parvarchaea]; o__WCHD3-30; f__; g__; s__	1.0
fcd29e4f143d9aa00b9edfb1208f19f0	k__Bacteria; p__Bacteroidetes; c__Flavobacteriia; o__Flavobacteriales; f__Flavobacteriaceae; g__Flavobacterium; s__	1.0
fc43e658cea81d9879a487970b512c2c	k__Bacteria; p__Proteobacteria; c__Alphaproteobacteria; o__Rhizobiales; f__Hyphomicrobiaceae; g__Hyphomicrobium; s__	1.0
7eba6f93a8b3d2a8b1eb9264fe6bc4b2	k__Bacteria; p__Proteobacteria; c__Deltaproteobacteria; o__Myxococcales; f__OM27; g__; s__	1.0
f1fb8e6cf14bbe73876e90653d5f1e85	k__Bacteria; p__Cyanobacteria; c__Nostocophycideae; o__Stigonematales; f__Rivulariaceae; g__; s__	0.6
e7a53ff3a28e6e6f82dd3bcbf371e43a	Unassigned	0.0
23d0dff6c52fa67f2676ddbe8bee34f0	k__Bacteria; p__Cyanobacteria; c__Nostocophycideae; o__Nostocales; f__Nostocaceae; g__Cylindrospermopsis	0.8
91e714ea60a0ccc0e9ff0c9899a14ab4	k__Bacteria; p__Proteobacteria; c__Deltaproteobacteria; o__Myxococcales; f__; g__; s__	1.0
0b232c5e77377cbe01c4b35abc9134c3	k__Bacteria; p__Planctomycetes; c__Planctomycetia; o__Planctomycetales; f__Planctomycetaceae; g__Planctomyces; s__	1.0
180819777564c03c66a801950e5951ac	k__Bacteria; p__Proteobacteria; c__Gammaproteobacteria; o__Methylococcales; f__Methylococcaceae; g__Methylocaldum; s__	1.0
bb0697e72715f6dc702453e0e757a3a4	k__Bacteria; p__SR1; c__; o__; f__; g__; s__	1.0
3b738955185dc5c1e85f3f3f9b1e0f62	k__Bacteria; p__Proteobacteria; c__Alphaproteobacteria; o__Rhodospirillales; f__Acetobacteraceae; g__; s__	0.9
3569a58957c00bcc7b396d00aefcca38	k__Bacteria; p__Acidobacteria; c__Acidobacteria-6; o__CCU21; f__; g__; s__	1.0
0f8efab85456ed2c14b1c3aa6f89d3f6	k__Bacteria; p__Proteobacteria; c__Alphaproteobacteria; o__Rickettsiales; f__Anaplasmataceae; g__Ehrlichia; s__	1.0
cc0079827f59f1e604b3bf66ba3aa4e8	Unassigned	0.0
47e46ae1d8d1cbfbb12b425e2e79b6fd	k__Bacteria; p__Cyanobacteria; c__ML635J-21; o__; f__; g__; s__	0.8
efea742b3510b9d34d5b979314ab9841	k__Bacteria; p__Proteobacteria; c__Alphaproteobacteria; o__Sphingomonadales; f__Sphingomonadaceae; g__; s__	0.7
f034acfd055d4ab633b977c85e79c29a	k__Bacteria	1.0
3969a04ee6a79be5cbeea1ee3a07cff2	k__Bacteria; p__Proteobacteria; c__Betaproteobacteria; o__Burkholderiales; f__Comamonadaceae	1.0
f89cbb5f848b0b3401b60a3ef0c1cc24	k__Bacteria; p__Proteobacteria; c__Deltaproteobacteria; o__MIZ46; f__; g__; s__	1.0
2b0f84b0f386f8527bf60e186c424a0c	k__Bacteria; p__Proteobacteria; c__Alphaproteobacteria; o__Rickettsiales; f__; g__; s__	1.0
c8ed0ab1712f91f89533cc25eef4080b	k__Bacteria; p__Verrucomicrobia; c__Opitutae	1.0
2f40820f07fdf2b683c583e8a78ec515	k__Bacteria; p__Chloroflexi; c__Chloroflexi; o__Chloroflexales	1.0
99e184a58d429d1345e23c6e81a128d9	k__Bacteria; p__Planctomycetes; c__Planctomycetia; o__Pirellulales; f__Pirellulaceae; g__; s__	1.0
71881b91c345f93de50a7bde8f6efa76	k__Bacteria; p__Cyanobacteria; c__Chloroplast; o__Streptophyta; f__; g__; s__	1.0
18d2bc24ef2b20647c39d87577fce317	k__Bacteria; p__Proteobacteria; c__Deltaproteobacteria; o__Myxococcales; f__; g__; s__	1.0
5249a6025328168a16b4cc9c23b369ca	k__Bacteria; p__Proteobacteria; c__Betaproteobacteria; o__Burkholderiales; f__Comamonadaceae; g__; s__	0.6
7c55ff751475eb9da3bc3bbdf8e58098	k__Bacteria; p__Proteobacteria; c__Alphaproteobacteria; o__Sphingomonadales; f__Sphingomonadaceae; g__; s__	0.7
e9403dc7ece9c4a3d5c35fc6e3be7bdc	k__Bacteria	1.0
8dd66b10fdde401ba5bd70f3ecea1531	k__Bacteria; p__Proteobacteria; c__Betaproteobacteria; o__Methylophilales; f__Methylophilaceae	0.8
23d284197051d43d2014817529263462	k__Bacteria; p__Cyanobacteria; c__Chloroplast; o__Stramenopiles; f__; g__; s__	1.0
a1d32bebc4c5f37059c265abea9a3f97	k__Bacteria; p__Actinobacteria; c__Acidimicrobiia; o__Acidimicrobiales; f__; g__; s__	0.9
1ad19e5e39b11059f746b4507b15b231	k__Bacteria; p__Bacteroidetes; c__[Saprospirae]; o__[Saprospirales]; f__Chitinophagaceae; g__; s__	1.0
e8c964bb5d5e9dda9cdea3db8f79c1f0	Unassigned	0.0
adbdaab0f6d9f3b53f2273d2cc30cc96	k__Bacteria; p__Proteobacteria; c__Betaproteobacteria; o__Burkholderiales; f__Comamonadaceae; g__Hydrogenophaga; s__	0.7
4b92502fb0319d16c4987e0e35342f2c	k__Bacteria; p__Bacteroidetes; c__Flavobacteriia; o__Flavobacteriales; f__Flavobacteriaceae; g__Flavobacterium; s__	1.0
536dee7665ae13b695e89515c01fc4e0	k__Bacteria; p__Firmicutes; c__Clostridia; o__Clostridiales; f__; g__; s__	1.0
a1f384a01c277d0d8a05b08573922a6d	k__Bacteria; p__Proteobacteria; c__Alphaproteobacteria; o__Sphingomonadales; f__; g__; s__	0.8
8d4bf478f4fcd6d54de24c9b4bd5012f	k__Bacteria; p__Proteobacteria; c__Deltaproteobacteria; o__Myxococcales; f__Nannocystaceae; g__Plesiocystis; s__	1.0
0a24fab7751e6c37ac82d49c6a2ef726	k__Bacteria; p__Bacteroidetes	1.0
6302f1c5cf76be5420d7af5915787b73	k__Bacteria; p__Bacteroidetes; c__[Saprospirae]; o__[Saprospirales]; f__Chitinophagaceae; g__Sediminibacterium; s__	1.0
eff36519db15fa73fc18b63d813a7148	k__Bacteria; p__Proteobacteria; c__Alphaproteobacteria; o__Rhizobiales; f__; g__; s__	1.0
9f65273f01f92c674582f38e9512229e	Unassigned	0.0
8a7f5b4feae853a007d95f7739c801e8	k__Bacteria; p__Bacteroidetes; c__[Saprospirae]; o__[Saprospirales]; f__Chitinophagaceae; g__Sediminibacterium; s__	1.0
64fe7cf0f2a5ee1788fa303e2d9c9a5d	k__Bacteria; p__Proteobacteria; c__Alphaproteobacteria; o__Rickettsiales; f__; g__; s__	1.0
65eca21c45d54afcb96ff42943b9ca43	k__Bacteria; p__Proteobacteria; c__Alphaproteobacteria; o__Caulobacterales; f__Caulobacteraceae; g__Mycoplana; s__	0.7
c1d954c04b8d29fcb970fc4e62ba5dc3	k__Bacteria; p__Proteobacteria; c__Gammaproteobacteria; o__Alteromonadales; f__[Chromatiaceae]; g__Rheinheimera; s__	1.0
d9f3ce8ef28fa39ec2507f913288495a	k__Bacteria; p__Proteobacteria; c__Alphaproteobacteria; o__; f__; g__; s__	1.0
c067519f7755b69977e32178daaff99e	k__Bacteria; p__Cyanobacteria; c__Chloroplast; o__Chlorophyta; f__; g__; s__	1.0
3c10a9689eb6d982e38b3996f033a8ee	k__Bacteria; p__Acidobacteria; c__Solibacteres; o__Solibacterales; f__; g__; s__	0.9
6c0d405614ec6e14b7d1f02ffdbf945f	k__Bacteria; p__Proteobacteria; c__Gammaproteobacteria; o__Legionellales; f__Coxiellaceae; g__Aquicella; s__	1.0
d8faf011d5a5b9c12c21bf2c58add79c	k__Bacteria; p__Proteobacteria; c__Betaproteobacteria; o__MWH-UniP1; f__; g__; s__	0.9
3c76338596e4f64e6e437020e2f65fb2	k__Bacteria; p__Bacteroidetes; c__Cytophagia; o__Cytophagales; f__Cytophagaceae; g__; s__	1.0
c31eff9242128f1cab3dd0b1e451a16b	k__Bacteria; p__Bacteroidetes; c__Cytophagia; o__Cytophagales; f__Cytophagaceae; g__; s__	1.0
b8f45f6758b241db5aabd75b7d99d5bb	Unassigned	0.0
ee9c5b7203c536404bd56ef5eb3f00d5	k__Bacteria; p__Proteobacteria; c__TA18; o__PHOS-HD29; f__; g__; s__	1.0
14c59bc377459e586225a370c06e6301	k__Bacteria; p__Proteobacteria; c__Alphaproteobacteria; o__Rhodobacterales; f__Hyphomonadaceae; g__; s__	1.0
59fda81441600576ed72627e8eb7b1fe	k__Bacteria; p__Proteobacteria; c__Gammaproteobacteria; o__Chromatiales; f__Ectothiorhodospiraceae; g__; s__	0.7
ceef3b71b741cf5fde84ded7fc35279f	k__Bacteria; p__Firmicutes; c__Clostridia; o__Clostridiales; f__Clostridiaceae; g__Clostridium; s__	0.8
e036e8e23e2bb546fc5f6d5550c849e9	k__Bacteria; p__Proteobacteria; c__Deltaproteobacteria; o__Myxococcales; f__OM27; g__; s__	1.0
8f0526374db43ecdc3a375aa553ae2d1	k__Bacteria	1.0
722e0df3f3b4b44ad2f8750d65fa8033	k__Bacteria; p__Planctomycetes; c__Planctomycetia; o__Pirellulales; f__Pirellulaceae; g__; s__	0.6
411c598904383a09c63039108da61a11	k__Bacteria; p__Actinobacteria; c__Thermoleophilia; o__Solirubrobacterales; f__Patulibacteraceae; g__; s__	1.0
4a90e0e798b11edfd5dfbf91e68f0842	k__Bacteria; p__Planctomycetes; c__Planctomycetia; o__Pirellulales; f__Pirellulaceae; g__; s__	0.6
57ac8cb011e549dea41bef3aefa07786	k__Bacteria; p__Bacteroidetes; c__Cytophagia; o__Cytophagales; f__Cytophagaceae; g__; s__	1.0
3f57b2a5b3ca8b2d3b425e1a21da69b6	k__Bacteria; p__Proteobacteria; c__Gammaproteobacteria; o__Xanthomonadales; f__Xanthomonadaceae; g__; s__	0.9
a889fa1c80edfb7261474ba0d287f43b	k__Bacteria; p__Firmicutes; c__Clostridia; o__Clostridiales; f__[Tissierellaceae]; g__Anaerococcus; s__	1.0
ea971a7ab779413f47b5b329964a2d36	k__Bacteria; p__Proteobacteria; c__Alphaproteobacteria; o__Rhizobiales; f__Bradyrhizobiaceae; g__Bradyrhizobium; s__	0.8
6b6acc55e457749cd829852f873da809	k__Bacteria; p__Verrucomicrobia; c__[Pedosphaerae]; o__[Pedosphaerales]; f__Ellin515; g__; s__	0.9
31c9c60fb80203debfa7bc2e691d7cd8	k__Bacteria; p__Proteobacteria; c__Gammaproteobacteria; o__Methylococcales; f__Crenotrichaceae; g__Crenothrix; s__	1.0
871b3826fa31b29329052c324c97c3a8	k__Bacteria; p__Proteobacteria; c__Deltaproteobacteria; o__Spirobacillales; f__; g__; s__	1.0
a874f4311874ee2b9e4e8d6e8b264e2f	k__Bacteria; p__Bacteroidetes; c__Sphingobacteriia; o__Sphingobacteriales; f__; g__; s__	0.8
d2cd969e9ddad7e8e963ff56a5dd5fd0	k__Bacteria; p__Proteobacteria; c__Gammaproteobacteria; o__Xanthomonadales; f__Sinobacteraceae; g__; s__	1.0
a5bbabf8c7a317363039c26e219bd4b2	k__Bacteria; p__GN02; c__BD1-5; o__; f__; g__; s__	0.6
ca8850af27432feaf4585800f7f2e51a	k__Bacteria; p__Cyanobacteria; c__Chloroplast; o__Chlorophyta; f__Chlamydomonadaceae	0.7
ce41697560d3846c49f7804bf23bff3c	k__Bacteria; p__Proteobacteria; c__Alphaproteobacteria; o__Rhizobiales	1.0
caf7ae70bf33d0fe88c76e0b1f176817	k__Bacteria; p__Proteobacteria; c__Gammaproteobacteria; o__Pseudomonadales; f__Moraxellaceae; g__Acinetobacter; s__	1.0
66cf47c61856be98111d6bdf4ce52bd9	k__Bacteria; p__Proteobacteria; c__Betaproteobacteria; o__Burkholderiales; f__; g__; s__	0.6
b3ec118f0b69e7c50519339c55483dd3	k__Bacteria; p__Bacteroidetes; c__Bacteroidia; o__Bacteroidales; f__; g__; s__	1.0
9b407a801e7eea8d1c87874a474c07f5	k__Bacteria; p__Proteobacteria; c__Alphaproteobacteria; o__Sphingomonadales; f__Sphingomonadaceae	0.9
e0a03c034641b67325fd791fa771741b	k__Bacteria; p__Proteobacteria; c__Alphaproteobacteria; o__Rhizobiales; f__; g__; s__	1.0
c5d85da78699c39c031f487029db5ab8	k__Bacteria; p__Proteobacteria; c__Betaproteobacteria; o__Methylophilales; f__Methylophilaceae; g__; s__	0.6
4a6f796083e8d9bd726765c11210acd3	k__Archaea; p__Euryarchaeota; c__Methanobacteria; o__Methanobacteriales; f__Methanobacteriaceae; g__Methanobacterium; s__	0.8
ef7327731352d8baef31d21e69cef258	k__Bacteria; p__Bacteroidetes; c__Sphingobacteriia; o__Sphingobacteriales; f__; g__; s__	0.7
1c6e103f056b25becd2e45f7f31ed9cb	k__Bacteria; p__Acidobacteria; c__Solibacteres; o__Solibacterales; f__; g__; s__	1.0
31daa41f70ff795b6fa6ed1e2b4cefb3	k__Bacteria; p__Bacteroidetes; c__[Saprospirae]; o__[Saprospirales]; f__Saprospiraceae	0.8
855cdb4a6844f60547623e6651f7d0a8	k__Bacteria; p__Tenericutes; c__Mollicutes; o__Mycoplasmatales; f__Mycoplasmataceae; g__Mycoplasma; s__	0.8
8b20a3186e147c92e10c1ede752b7cc0	k__Bacteria; p__Proteobacteria; c__Alphaproteobacteria; o__Rhizobiales; f__; g__; s__	0.9
cc63ac9696a95e910f2f608cce0adc56	k__Bacteria; p__Proteobacteria; c__Alphaproteobacteria; o__Rhizobiales; f__Rhizobiaceae; g__Agrobacterium; s__	1.0
5d3439cc77b907311cd871a942d23b3d	k__Bacteria; p__Proteobacteria; c__Alphaproteobacteria; o__Caulobacterales; f__Caulobacteraceae; g__; s__	0.8
7f2c7621dd6003aa98655224cd7a59f8	k__Bacteria; p__Proteobacteria; c__Alphaproteobacteria	1.0
6b996909aa52a7ea19b6002c8766718c	k__Bacteria; p__Acidobacteria; c__Acidobacteria-6; o__CCU21; f__; g__; s__	1.0
7f69268ab9eeaac26bc7e7c353ea551d	k__Bacteria; p__Verrucomicrobia; c__[Pedosphaerae]; o__[Pedosphaerales]; f__R4-41B; g__; s__	0.9
83ca17aedecd8f71ca8a8a2ac03a5341	k__Bacteria; p__Proteobacteria; c__Alphaproteobacteria; o__; f__; g__; s__	1.0
78491ffc3bfbb935c9bac7eb136ed376	k__Bacteria; p__Proteobacteria; c__Betaproteobacteria; o__; f__; g__; s__	1.0
acf03f52143a9b22eb65edbaf1d696d6	k__Bacteria; p__Proteobacteria; c__Deltaproteobacteria; o__Desulfobacterales; f__Desulfobulbaceae; g__; s__	0.7
0b6495243bb3b29a666f8d55c6fdf43c	k__Bacteria; p__Proteobacteria; c__Gammaproteobacteria; o__Legionellales; f__Coxiellaceae; g__; s__	1.0
cb5330e9c42c72a9c6705d206ca86261	k__Bacteria; p__Actinobacteria; c__Actinobacteria; o__Actinomycetales; f__Nocardioidaceae; g__Pimelobacter; s__	0.8
d6d6c2b91568dea6d3e28e9be640ff5f	k__Bacteria; p__Proteobacteria; c__Alphaproteobacteria; o__Caulobacterales; f__Caulobacteraceae; g__Phenylobacterium; s__	1.0
e147c25fe4b4d29384b834bff00bc140	k__Bacteria; p__Proteobacteria; c__Alphaproteobacteria; o__Rhodospirillales; f__Rhodospirillaceae; g__; s__	0.9
091ee80ba53b25a6c1be068241a5cffe	k__Bacteria; p__Cyanobacteria; c__Nostocophycideae; o__Nostocales; f__Nostocaceae	1.0
b88c271b34ce3508bea36ae3834dd138	k__Bacteria; p__Proteobacteria; c__Betaproteobacteria; o__Burkholderiales; f__Comamonadaceae	1.0
0eefb700e0f82c45e6b598a60aca6405	k__Bacteria; p__Firmicutes; c__Bacilli; o__Bacillales; f__Planococcaceae	1.0
a7e97bb24582c003fffce19d96cdd144	k__Bacteria; p__Proteobacteria; c__Alphaproteobacteria; o__BD7-3; f__; g__; s__	1.0
d227349b0001d3554bcf832d2dcb8a2d	k__Archaea; p__Euryarchaeota; c__Methanobacteria; o__Methanobacteriales; f__Methanobacteriaceae; g__Methanobacterium; s__	0.8
ebcd5141b06286693062868bc9bbaaef	k__Bacteria; p__Proteobacteria; c__Gammaproteobacteria; o__Pseudomonadales; f__Pseudomonadaceae; g__Pseudomonas; s__	1.0
aeb8252c5f40e1f6580df6bae16ae1d4	k__Bacteria; p__Bacteroidetes; c__Sphingobacteriia; o__Sphingobacteriales; f__; g__; s__	1.0
823e1677bc9391ce5234cbc52d127ff9	k__Bacteria; p__Proteobacteria; c__Alphaproteobacteria; o__Rhizobiales; f__Hyphomicrobiaceae; g__Hyphomicrobium; s__	1.0
bfc7e07ad0ff09422fbe98b88ac7bbd4	k__Bacteria; p__Proteobacteria; c__Deltaproteobacteria; o__Bdellovibrionales; f__Bdellovibrionaceae; g__Bdellovibrio; s__	0.9
8e1a1af464754953807af3d7488cf34e	k__Bacteria; p__Bacteroidetes; c__Sphingobacteriia; o__Sphingobacteriales; f__; g__; s__	1.0
7328011bfb776d310c3ba0ff034b441c	k__Bacteria; p__Proteobacteria; c__Alphaproteobacteria; o__Rhodospirillales; f__Rhodospirillaceae; g__; s__	0.7
78ecec7998a5ceca6198e5189657f6a0	k__Bacteria; p__Cyanobacteria; c__Synechococcophycideae; o__Pseudanabaenales; f__Pseudanabaenaceae; g__Leptolyngbya; s__	1.0
8bbefee16e548e21b8d2cf83323eef6b	k__Bacteria; p__Armatimonadetes; c__[Fimbriimonadia]; o__[Fimbriimonadales]; f__[Fimbriimonadaceae]	0.6
8cd01a3554054f8333fc9a8cba9824d9	k__Bacteria; p__Bacteroidetes; c__[Saprospirae]; o__[Saprospirales]; f__Chitinophagaceae; g__; s__	0.6
18de38d93b99461fd15079e5b8e87bf4	k__Bacteria; p__Cyanobacteria; c__Chloroplast; o__Stramenopiles; f__; g__; s__	1.0
6af07563da980d931c27b2697d9783ea	k__Bacteria; p__Proteobacteria; c__Alphaproteobacteria; o__Rhodospirillales; f__Acetobacteraceae	0.6
bdbec10ab23d0d2c7d52cfbc6fcb75f4	k__Bacteria; p__Bacteroidetes; c__[Saprospirae]; o__[Saprospirales]; f__Saprospiraceae; g__; s__	1.0
5dbb063292ad45434f636ab2cc430e96	k__Bacteria; p__Firmicutes; c__Clostridia; o__Clostridiales; f__Clostridiaceae; g__; s__	0.8
21b6c493617b528f2435a4ccc120bbe6	k__Bacteria; p__Proteobacteria; c__Deltaproteobacteria; o__Myxococcales; f__; g__; s__	0.9
0496750deb6ed28cf9c2175fae0bf2eb	k__Bacteria; p__Planctomycetes; c__vadinHA49; o__DH61; f__; g__; s__	1.0
33eceb59478722f9bb4577331ae08463	k__Bacteria; p__Proteobacteria; c__Betaproteobacteria; o__Ellin6067; f__; g__; s__	1.0
853e7fdf59cbb7a029c84ba99fcd5a53	k__Bacteria; p__Proteobacteria; c__Deltaproteobacteria; o__MIZ46; f__; g__; s__	1.0
9efc19676d031cfac89b96e3083f9e0b	k__Bacteria; p__Proteobacteria; c__Gammaproteobacteria; o__Legionellales; f__; g__; s__	1.0
9832de8a220ca5172814d243a7a643ba	k__Bacteria; p__Actinobacteria; c__Acidimicrobiia; o__Acidimicrobiales; f__C111; g__; s__	1.0
41447680792712c5f4d890878ea2714f	k__Bacteria; p__Proteobacteria; c__Gammaproteobacteria; o__Legionellales; f__Legionellaceae	0.8
1ff9b3a99e72654353558498520d97ab	k__Bacteria; p__Planctomycetes; c__vadinHA49; o__DH61; f__; g__; s__	1.0
368de8479476dfe6404086c1b55f824e	k__Bacteria; p__Armatimonadetes; c__[Fimbriimonadia]; o__[Fimbriimonadales]; f__[Fimbriimonadaceae]	1.0
7ba490cb434228c18f5feb8870965335	k__Bacteria; p__Cyanobacteria; c__Chloroplast; o__Euglenozoa; f__; g__; s__	1.0
fa2bd11faa7ac211eecd67106296c1c5	k__Bacteria; p__Proteobacteria; c__Alphaproteobacteria; o__Rhizobiales; f__; g__; s__	1.0
1e819be07fb2cee809a82d8d2cccd4b5	k__Bacteria; p__Verrucomicrobia; c__Verrucomicrobiae; o__Verrucomicrobiales; f__Verrucomicrobiaceae; g__Luteolibacter; s__	0.9
e2ee32371b2f72e3471db787aa42324d	k__Bacteria; p__Planctomycetes; c__Planctomycetia; o__Pirellulales; f__Pirellulaceae; g__; s__	1.0
91af400f4edb3f17ea164928b2deaf7c	k__Bacteria; p__Proteobacteria	1.0
b7ffc914c51534e6c2461b8952ec287b	k__Bacteria	1.0
3604ecd450321aebd75a5b74c0a47b43	k__Bacteria; p__Proteobacteria; c__Betaproteobacteria; o__Burkholderiales; f__Alcaligenaceae; g__; s__	1.0
6a0fa299d2cae49d5402eb3b571edad3	k__Bacteria; p__Cyanobacteria; c__Chloroplast; o__Stramenopiles; f__; g__; s__	1.0
293ff918c921f8c3a57f65abfd3b8f13	k__Bacteria; p__Bacteroidetes; c__[Saprospirae]; o__[Saprospirales]; f__Chitinophagaceae; g__; s__	1.0
c32c4a0e36dbf92f3e146fcaf8f1c5ec	k__Bacteria; p__Proteobacteria; c__Deltaproteobacteria; o__Spirobacillales; f__; g__; s__	1.0
a6d24fd83b1b08efed6784d16e7f157c	k__Bacteria; p__Proteobacteria; c__Deltaproteobacteria; o__Myxococcales; f__0319-6G20; g__; s__	1.0
43f28e3051e98827b1cce747bd431036	k__Bacteria; p__Bacteroidetes; c__[Saprospirae]; o__[Saprospirales]; f__Chitinophagaceae; g__; s__	0.7
7b5268cecc7de5d3d72abf8a12beee4e	k__Bacteria; p__SAR406; c__AB16; o__Arctic96B-7; f__A714017; g__; s__	0.6666666666666666
cdfb66d9d6d39fc065c4f20f5d0a6f5b	k__Bacteria; p__Proteobacteria; c__Gammaproteobacteria	0.8
1732148e2bf6099876393aba1806eb75	k__Bacteria; p__Cyanobacteria; c__Oscillatoriophycideae; o__Chroococcales; f__Xenococcaceae; g__Xenococcus; s__	0.6
8e960e62b82f4183be50c87d6519739e	k__Bacteria; p__Proteobacteria; c__Alphaproteobacteria; o__BD7-3; f__; g__; s__	1.0
3a3d714bde2596b081a926888d8e0aab	k__Bacteria; p__OD1; c__ZB2; o__; f__; g__; s__	1.0
f454bcf8464263639040a2e9b3d1c2ce	k__Bacteria; p__Cyanobacteria	0.6
4c7cfcc6412ffc2cbc00a6b30db9e470	k__Bacteria; p__Actinobacteria; c__Actinobacteria; o__Actinomycetales	0.7
b2a3e6e16b6722857f83ce17f268d451	k__Bacteria; p__Bacteroidetes; c__Bacteroidia; o__Bacteroidales; f__S24-7; g__; s__	1.0
b77af77d53c61bb4ee61f9b3b1006957	k__Bacteria; p__Proteobacteria; c__Gammaproteobacteria; o__Oceanospirillales; f__Halomonadaceae; g__Candidatus Portiera; s__	0.9
2a4499877060e4114f824d8357688778	k__Bacteria; p__Proteobacteria; c__Deltaproteobacteria; o__Spirobacillales; f__; g__; s__	1.0
c9be1350d081e5059dfcbe5c9cbba5b9	k__Bacteria; p__Proteobacteria; c__Alphaproteobacteria	1.0
46abcc06dca26c2cd227a800443b4a77	k__Bacteria; p__Bacteroidetes; c__[Saprospirae]; o__[Saprospirales]; f__Saprospiraceae; g__; s__	0.8
4aadf823f81f54a3ba635d6a9d5a6f08	k__Bacteria; p__Proteobacteria; c__Gammaproteobacteria; o__Legionellales; f__Legionellaceae	1.0
a8966214f1fc21a41deffc3ec015d6fb	k__Bacteria; p__Planctomycetes; c__OM190; o__agg27; f__; g__; s__	1.0
87a1a1b357b1bc8ff2a3f4c617d3ed81	k__Bacteria; p__Proteobacteria; c__Betaproteobacteria; o__Burkholderiales; f__Oxalobacteraceae; g__Cupriavidus; s__	0.7
82a6e00f99a8ab59d033620f99d0e1fb	k__Bacteria; p__Bacteroidetes; c__Flavobacteriia; o__Flavobacteriales; f__Cryomorphaceae; g__Fluviicola; s__	1.0
c1a1bfe57d3c9d7764282eb1e8a28510	k__Bacteria; p__Proteobacteria; c__Betaproteobacteria; o__Neisseriales; f__Neisseriaceae	1.0
eef73037f500db44086ae19b02410623	k__Bacteria; p__Fibrobacteres; c__Fibrobacteria; o__Fibrobacterales; f__Fibrobacteraceae; g__Fibrobacter; s__succinogenes	0.8
8da09f4a9f024518c39f03b8ccf1cbdd	k__Bacteria; p__Cyanobacteria; c__Chloroplast; o__Stramenopiles; f__; g__; s__	1.0
e2735e9d254338ab15b5ff18ee7438ec	k__Bacteria; p__Proteobacteria; c__Betaproteobacteria; o__Burkholderiales; f__Comamonadaceae	1.0
c91c1224cb8fa40a3df6382663096ce5	k__Bacteria; p__Proteobacteria; c__Alphaproteobacteria; o__Rhizobiales; f__; g__; s__	0.7
e4db61a144cbda406b1c383bbca70954	k__Bacteria; p__Gemmatimonadetes; c__Gemmatimonadetes; o__Gemmatimonadales; f__A1-B1; g__; s__	0.8
a58fdec7b73ffffd144be48cfadefade	k__Bacteria; p__Proteobacteria; c__Alphaproteobacteria; o__Sphingomonadales; f__Sphingomonadaceae; g__Novosphingobium; s__	0.9
660645ca657145bae28a4432fef422de	k__Bacteria; p__GN02	0.6
db22202f69bae19eafb4906754065bb8	k__Bacteria; p__Proteobacteria; c__Alphaproteobacteria; o__Rhodospirillales; f__Rhodospirillaceae; g__; s__	1.0
416296b4f7a00c698e49316bc1b90f6d	k__Bacteria; p__Bacteroidetes; c__[Saprospirae]; o__[Saprospirales]; f__Saprospiraceae; g__; s__	1.0
e134f5447cd9f911e3911869ea3b1467	k__Bacteria; p__Proteobacteria; c__Betaproteobacteria; o__Burkholderiales; f__Comamonadaceae; g__; s__	0.6
c0cff736cb7493e2acf9c9431e12bd1f	k__Bacteria; p__Proteobacteria; c__TA18; o__PHOS-HD29; f__; g__; s__	1.0
cd0a90e0b67ece7dea89e3fde1ae6b11	k__Bacteria; p__Actinobacteria; c__Thermoleophilia; o__Solirubrobacterales; f__Conexibacteraceae; g__; s__	0.6
5a3eeeb95dce02e5b1d5786b0b35f236	k__Bacteria; p__Proteobacteria; c__Alphaproteobacteria; o__Rickettsiales; f__; g__; s__	1.0
bbf60a14d66761ae8c9e5fd9dc7d4fb3	k__Bacteria; p__OD1; c__ZB2; o__; f__; g__; s__	1.0
0a7a48d3893b81a18db9add0c198275b	k__Bacteria; p__Bacteroidetes; c__[Saprospirae]; o__[Saprospirales]; f__Chitinophagaceae; g__; s__	0.8
22a65d93e429dcf14a820b643c16a026	k__Bacteria; p__Proteobacteria; c__Alphaproteobacteria; o__Rickettsiales; f__Rickettsiaceae; g__; s__	1.0
c7675373394954b89674f1cb544eb9c0	k__Bacteria; p__Cyanobacteria; c__ML635J-21; o__; f__; g__; s__	1.0
68d7042073e57b0622ad24885cf3536f	k__Bacteria; p__Actinobacteria; c__Actinobacteria; o__Actinomycetales; f__; g__; s__	1.0
8c00f09faf39cb0d36eaabe34af0c31d	k__Bacteria; p__Armatimonadetes; c__[Fimbriimonadia]; o__[Fimbriimonadales]; f__[Fimbriimonadaceae]	1.0
1e5fbde262230dcc5b084329ab5d78a3	k__Bacteria; p__Bacteroidetes; c__Bacteroidia; o__Bacteroidales; f__Porphyromonadaceae	0.6666666666666666
415010b099ac88c056364953b34f43d4	k__Bacteria; p__Planctomycetes; c__Planctomycetia; o__Pirellulales; f__Pirellulaceae; g__; s__	0.6
43c3edaf5da9fa7f1a519bde06c846fc	k__Bacteria; p__Proteobacteria; c__Alphaproteobacteria	1.0
65dbcff385f8eba90e3439e73157785e	k__Bacteria; p__Bacteroidetes; c__[Saprospirae]; o__[Saprospirales]; f__Saprospiraceae; g__; s__	0.8
6d0d63864b2c2bf9537cf5c43f27a1e1	k__Bacteria; p__Bacteroidetes; c__Cytophagia; o__Cytophagales; f__Cytophagaceae; g__Hymenobacter; s__	1.0
107df53e6cf4d5f5c0b2fc932c13bdee	k__Bacteria; p__Cyanobacteria; c__Oscillatoriophycideae; o__Chroococcales; f__Xenococcaceae; g__; s__	1.0
c1ba319b032dbb437c0908cc1ea4ffc4	k__Bacteria; p__Armatimonadetes; c__[Fimbriimonadia]; o__[Fimbriimonadales]; f__[Fimbriimonadaceae]	1.0
8b6621e3721346dde936109452b0a8b2	k__Bacteria; p__Gemmatimonadetes; c__Gemmatimonadetes; o__Gemmatimonadales; f__Gemmatimonadaceae; g__Gemmatimonas; s__	0.6
0f342c127c6932742fab30a686d37fb4	k__Bacteria; p__Proteobacteria; c__Alphaproteobacteria; o__Rhodospirillales; f__Acetobacteraceae; g__; s__	0.9
d4935baf75b41bebb92833360d0b3dfa	k__Bacteria; p__Bacteroidetes; c__Flavobacteriia; o__Flavobacteriales; f__Cryomorphaceae; g__; s__	0.9
2444e822050bc66850c2d57bc661ec20	k__Bacteria; p__Bacteroidetes; c__Bacteroidia; o__Bacteroidales; f__; g__; s__	1.0
5db1f6feeae5353e7cd6899098b4cd66	k__Bacteria; p__OD1; c__ZB2; o__; f__; g__; s__	1.0
b1ca59e6b6de9ba12e8acdb0e6ea549f	k__Bacteria; p__Cyanobacteria; c__Synechococcophycideae; o__Pseudanabaenales; f__Pseudanabaenaceae; g__Leptolyngbya; s__	1.0
194b475d63b00a13e34c1dc39ccd6d15	k__Bacteria; p__Cyanobacteria; c__Chloroplast; o__Chlorophyta; f__Chlamydomonadaceae	0.8
ac78ef87ad3d2296c037dfa82a49d2af	k__Bacteria; p__Cyanobacteria; c__Chloroplast; o__Stramenopiles; f__; g__; s__	1.0
ed04734d74b5e647a2925a260a938232	k__Archaea; p__[Parvarchaeota]; c__[Parvarchaea]; o__WCHD3-30; f__; g__; s__	1.0
28d53cfc443f8f220fc072ff0808fe9e	k__Bacteria; p__Proteobacteria; c__Alphaproteobacteria; o__Rickettsiales; f__Rickettsiaceae; g__; s__	0.7
4a09f6bd7ce54aed03e18542c874099a	k__Bacteria; p__OD1; c__ZB2; o__; f__; g__; s__	1.0
affff178cbcc469a4d260d44b2abc538	k__Bacteria; p__Proteobacteria; c__Alphaproteobacteria	1.0
107dd2d50cd599879cbc202e59d002d1	k__Bacteria; p__Chloroflexi; c__Anaerolineae; o__GCA004; f__; g__; s__	1.0
5c532f7763b5414d6c6364e231a1fe53	k__Bacteria; p__Verrucomicrobia; c__Verrucomicrobiae; o__Verrucomicrobiales; f__Verrucomicrobiaceae	1.0
8a5ac91d4121739c3cee14022a5c97ef	k__Bacteria; p__Proteobacteria; c__Gammaproteobacteria; o__Enterobacteriales; f__Enterobacteriaceae; g__Plesiomonas	0.6363636363636364
d842e9ef34c51b9d6cb889a2133ee8f4	k__Bacteria; p__OP3; c__koll11; o__GIF10; f__kpj58rc; g__; s__	1.0
3677125e08a78715e0a6ecdaf547da15	k__Bacteria; p__Proteobacteria; c__Gammaproteobacteria; o__Oceanospirillales; f__Oleiphilaceae; g__; s__	0.9
c77f87fb7310375b698ffb293823b898	k__Bacteria; p__Proteobacteria; c__Gammaproteobacteria; o__Xanthomonadales; f__Sinobacteraceae; g__Nevskia; s__ramosa	0.9
29a7788bbb5e100263e81424550ca9d9	Unassigned	0.0
3257071c673a4cdf69ddcd4ecfd5d754	k__Bacteria; p__Gemmatimonadetes; c__Gemmatimonadetes; o__Gemmatimonadales; f__Gemmatimonadaceae; g__Gemmatimonas; s__	0.6
79095389dcf6829bc5f3ab89cbe208b7	k__Bacteria; p__Proteobacteria; c__Deltaproteobacteria; o__Myxococcales; f__; g__; s__	1.0
68b8eaa8860a24ac1399a5c8bef32d6e	k__Bacteria; p__Proteobacteria; c__Alphaproteobacteria; o__Sphingomonadales; f__Sphingomonadaceae	0.9
446197304e2ed4654d3fcee6961fd246	k__Bacteria; p__Bacteroidetes; c__Bacteroidia; o__Bacteroidales; f__; g__; s__	1.0
b7f6ea95018d04caf44257c650010384	k__Bacteria; p__Proteobacteria; c__Alphaproteobacteria; o__; f__; g__; s__	0.6
5c608e64277dc55907f31e41660cb287	k__Bacteria; p__Proteobacteria; c__Alphaproteobacteria; o__; f__; g__; s__	1.0
24e61c0891c5759303b0be7caec295a5	k__Bacteria; p__TM6; c__SJA-4; o__; f__; g__; s__	0.9
85acec5ced1f2bbd4001512dadda7b60	k__Bacteria; p__Proteobacteria; c__Alphaproteobacteria; o__; f__; g__; s__	1.0
9060ef69a36cfcd1df930c2a4a5c088a	k__Bacteria; p__Bacteroidetes; c__[Saprospirae]; o__[Saprospirales]; f__Chitinophagaceae; g__; s__	0.6
404b57b97a2394052f3427a19f550b18	Unassigned	0.0
0212db9dd8637c01196801014184f0e4	k__Bacteria; p__Bacteroidetes; c__[Saprospirae]; o__[Saprospirales]; f__Saprospiraceae; g__; s__	1.0
5d2b05a0ff43aecf2f212f92dab61645	k__Bacteria; p__OP3; c__BD4-9; o__; f__; g__; s__	1.0
471df035d0fdc549292f632aa1fdb04b	k__Bacteria; p__Proteobacteria; c__Alphaproteobacteria; o__Rhizobiales; f__Rhizobiaceae; g__Agrobacterium; s__	1.0
11733bc0c7971b111224ba82d7b3adb3	k__Bacteria; p__Acidobacteria; c__Acidobacteriia; o__Acidobacteriales; f__Acidobacteriaceae	0.7
c1c54bda905686e0a9c24cadaad13306	k__Bacteria	1.0
2dafb7ca909b6b1fd7f54192f9d48217	k__Bacteria; p__Planctomycetes; c__Planctomycetia; o__Gemmatales; f__Isosphaeraceae; g__; s__	1.0
34f4ebeb380c60d2df06394eeea4f720	k__Bacteria; p__Proteobacteria; c__Alphaproteobacteria; o__Sphingomonadales; f__Sphingomonadaceae; g__Blastomonas; s__	0.6
7ca0d7351a8b56072b7db117f68c85de	k__Bacteria	1.0
dae2e76be9d0ac0cb0bd944e52c2d83a	k__Bacteria; p__Bacteroidetes; c__Sphingobacteriia; o__Sphingobacteriales; f__; g__; s__	1.0
67656494430dee96b320c9139282fc13	k__Bacteria; p__Proteobacteria; c__Betaproteobacteria; o__Ellin6067; f__; g__; s__	1.0
bc5517a6a9b4ddeef40e4024d5edceeb	k__Bacteria; p__Proteobacteria; c__Betaproteobacteria	1.0
4113ce19f30cc94290dd76fe486a2545	k__Bacteria; p__Proteobacteria; c__Betaproteobacteria	0.9
1dffe0d48f5b928a7fee4505608c96b4	k__Bacteria; p__Bacteroidetes; c__[Saprospirae]; o__[Saprospirales]; f__Saprospiraceae; g__; s__	0.7
224ecf103b430e20ef7e335d2a83b865	k__Bacteria; p__Actinobacteria; c__Actinobacteria; o__Actinomycetales; f__Microbacteriaceae; g__; s__	0.7
18c39207b33ab9cf4febda553f7985de	k__Bacteria; p__Bacteroidetes; c__Bacteroidia; o__Bacteroidales; f__; g__; s__	1.0
cd8b3364c37e25d58c760092b17d2f18	k__Bacteria; p__Actinobacteria; c__Thermoleophilia; o__Gaiellales; f__Gaiellaceae; g__; s__	0.7
58525e659842524f000097fe0c1fe12f	k__Bacteria	1.0
1d45a444e083a74d1ff73b0f46bbd401	k__Bacteria; p__Actinobacteria; c__Actinobacteria; o__Actinomycetales; f__ACK-M1; g__; s__	0.8
cd3ff9d0b113d33890846e0dbea0a923	k__Bacteria; p__Proteobacteria; c__Alphaproteobacteria; o__Rhizobiales; f__; g__; s__	0.6
1e25a429d69bbf7d0c330b5a654e7c95	k__Bacteria; p__Acidobacteria; c__Solibacteres; o__Solibacterales; f__; g__; s__	1.0
06599eb3465038f87c1c1445712fd773	k__Bacteria; p__Planctomycetes; c__Planctomycetia; o__Gemmatales; f__Gemmataceae; g__Gemmata; s__	1.0
59406b1bc4a73a80e5829ce331545794	k__Bacteria; p__Bacteroidetes; c__Cytophagia; o__Cytophagales; f__[Amoebophilaceae]; g__SC3-56; s__	0.6
72f58a7208bd9789aca4f18089d797b2	k__Bacteria; p__Proteobacteria; c__Deltaproteobacteria; o__Myxococcales; f__Haliangiaceae; g__; s__	1.0
f627b0922a43a2e5c7617331eaee2dfd	k__Bacteria; p__OD1; c__ZB2; o__; f__; g__; s__	1.0
753b6751216d2821480448b33f2f0310	k__Bacteria; p__Proteobacteria; c__Betaproteobacteria; o__Burkholderiales; f__Comamonadaceae	1.0
6f3dae31420232623b0d6a4b638bf164	k__Bacteria; p__Bacteroidetes; c__Sphingobacteriia; o__Sphingobacteriales; f__; g__; s__	0.7
44839a339f38a09fb5682e509b96d317	Unassigned	0.0
00283d81de43dd8d20f5582febc6b04d	k__Bacteria; p__Cyanobacteria; c__Chloroplast; o__Stramenopiles; f__; g__; s__	1.0
8b78930de85547f426214e58084aeead	k__Bacteria; p__Bacteroidetes; c__Sphingobacteriia; o__Sphingobacteriales; f__; g__; s__	0.9
08ede979422e51aecbbf9d0a56ea9397	k__Bacteria; p__Bacteroidetes; c__Sphingobacteriia; o__Sphingobacteriales; f__Sphingobacteriaceae; g__; s__	1.0
240618c313db5be48ca8553296ded175	k__Bacteria; p__Proteobacteria; c__Gammaproteobacteria; o__Legionellales; f__Legionellaceae; g__Legionella; s__	0.7
72ed142f04610da90b4ec428d20d512a	k__Bacteria; p__Proteobacteria; c__Deltaproteobacteria; o__Myxococcales; f__; g__; s__	1.0
c0991f7cd122d9b544d19aa6da17d5a7	k__Bacteria; p__Bacteroidetes; c__[Saprospirae]; o__[Saprospirales]; f__Saprospiraceae; g__; s__	1.0
e39b053fc8dad05314dfadb8d7249569	k__Bacteria; p__TM6	1.0
38fc64579bf946e1339efa778de0a5e8	k__Bacteria; p__Proteobacteria; c__Deltaproteobacteria; o__Myxococcales; f__Myxococcaceae; g__Anaeromyxobacter; s__	1.0
98f12b9cb98e547bfc25c79db923aa3f	k__Bacteria; p__Cyanobacteria; c__Nostocophycideae; o__Nostocales; f__Nostocaceae; g__; s__	0.8
59c1b62d6032b0324c314c5552f7b23f	k__Bacteria; p__Actinobacteria; c__Acidimicrobiia; o__Acidimicrobiales; f__JdFBGBact; g__; s__	0.9
3b36509a8acc670e47273e7c0a7bf156	k__Bacteria; p__Proteobacteria; c__Alphaproteobacteria; o__Sphingomonadales; f__Sphingomonadaceae; g__Novosphingobium; s__	0.6
4c7e8d9219717494aa2c9447c0490633	k__Bacteria; p__Proteobacteria; c__Betaproteobacteria; o__Procabacteriales; f__Procabacteriaceae; g__; s__	1.0
ac21baa6c20ceef995b6f288bd456a55	k__Bacteria; p__Proteobacteria; c__Alphaproteobacteria; o__Rickettsiales; f__; g__; s__	1.0
ae8819dd1d89aa044ad8ac782fb6cc21	k__Bacteria; p__Planctomycetes; c__Planctomycetia; o__Pirellulales; f__Pirellulaceae; g__; s__	1.0
3172092d62d441bf65352bc45f3ae19a	k__Bacteria; p__Proteobacteria; c__Betaproteobacteria; o__Rhodocyclales; f__Rhodocyclaceae; g__Dechloromonas; s__	1.0
1e385a1390dcda9261277ca67c5588bc	k__Bacteria; p__Proteobacteria; c__Alphaproteobacteria; o__Sphingomonadales; f__Sphingomonadaceae; g__; s__	0.6
acef82efd308c5a96d2912bae070fc3c	k__Bacteria; p__Proteobacteria; c__Deltaproteobacteria; o__Desulfobacterales; f__Desulfobacteraceae	0.6
2aa5c5937ee8a5105b8c07069b818000	k__Bacteria; p__Proteobacteria; c__Deltaproteobacteria; o__Spirobacillales; f__; g__; s__	0.9
8fdfc7bcfb4e9231130b9274a44a9b16	k__Bacteria; p__Acidobacteria; c__[Chloracidobacteria]; o__RB41; f__Ellin6075; g__; s__	1.0
707bc8a1773cda6886f9cf2ec6f80644	k__Bacteria; p__Proteobacteria; c__Alphaproteobacteria; o__Kiloniellales; f__; g__; s__	0.9
cf2cc348ec06247731c6bc0374fae359	k__Bacteria; p__Cyanobacteria; c__Chloroplast; o__Euglenozoa; f__; g__; s__	1.0
be94cd8b568bb488ac36e62a9fad3435	k__Bacteria; p__Proteobacteria; c__Alphaproteobacteria; o__Rhodobacterales; f__Hyphomonadaceae; g__; s__	0.9
36740442dd09235d8e2509cb929dbf17	k__Bacteria; p__Proteobacteria; c__Alphaproteobacteria; o__BD7-3; f__; g__; s__	0.8
5d8d47ed303c18af42599c7f71692855	k__Bacteria; p__Planctomycetes; c__OM190; o__CL500-15; f__; g__; s__	1.0
9977e46ef28d086f1b06edccec374891	k__Bacteria; p__Proteobacteria	0.7
cdaa2932c335b35a36f0938454b7d032	k__Bacteria; p__Bacteroidetes; c__[Saprospirae]; o__[Saprospirales]; f__Chitinophagaceae; g__Sediminibacterium; s__	0.9
c9e22f45010e3a4552b105424e45ed27	k__Bacteria; p__Proteobacteria; c__Betaproteobacteria; o__; f__; g__; s__	1.0
c275832c150ff70980dafdde83b2e9eb	k__Bacteria; p__Proteobacteria; c__Alphaproteobacteria; o__Rickettsiales; f__; g__; s__	1.0
ebb24825ecf9f7bf227821c1ce7ea06c	k__Bacteria; p__TPD-58; c__; o__; f__; g__; s__	1.0
acc2485dcc98bd4e5c272d50a6c6058b	k__Bacteria; p__Proteobacteria; c__Deltaproteobacteria; o__Bdellovibrionales; f__Bacteriovoracaceae; g__; s__	0.9
c468f69b70a1951cdb6c243c59f5baa6	k__Bacteria; p__Proteobacteria; c__Deltaproteobacteria; o__Myxococcales; f__; g__; s__	1.0
e7668d93eeaab2be26d6403d14706ab4	k__Bacteria; p__Proteobacteria; c__Betaproteobacteria; o__Rhodocyclales; f__Rhodocyclaceae; g__; s__	0.9
aff3f149fa4d0913f0d7d86381804fe2	k__Bacteria; p__Cyanobacteria; c__Nostocophycideae; o__Stigonematales; f__Rivulariaceae; g__Rivularia; s__	0.8
cc2537bb6270a3cb12fdde508c5696f9	k__Bacteria; p__Proteobacteria; c__Deltaproteobacteria; o__Syntrophobacterales; f__Syntrophobacteraceae	1.0
195254502ca77fd8094098af506983cd	k__Bacteria; p__Fusobacteria; c__Fusobacteriia; o__Fusobacteriales; f__Fusobacteriaceae	0.8
529fa881fe8008fac5b0e28d3c3a6eca	Unassigned	0.0
880bada14921d186d7bd9bf8f0cd476f	k__Bacteria; p__Proteobacteria; c__Deltaproteobacteria	0.7
13b1e798a696282ed53258c813ccf892	k__Bacteria; p__Bacteroidetes; c__Sphingobacteriia; o__Sphingobacteriales; f__; g__; s__	1.0
1a9bef651ac84083adcf467b11c35dfd	k__Bacteria; p__Cyanobacteria; c__Chloroplast; o__Stramenopiles; f__; g__; s__	1.0
f9cb8e61dfa7e4b3077badf37951f472	k__Bacteria; p__Actinobacteria; c__Actinobacteria; o__Actinomycetales; f__Microbacteriaceae	0.6
e23e1d5f3ff3e7fa07c016c28a71eb84	k__Bacteria; p__Chloroflexi; c__Anaerolineae; o__Caldilineales; f__Caldilineaceae	1.0
535d6282aa6b380df0322796c86add0f	k__Bacteria; p__Armatimonadetes; c__[Fimbriimonadia]; o__[Fimbriimonadales]; f__; g__; s__	0.9
5208ddcfd49f87b2a8061cf2ad4a80f4	k__Bacteria; p__Bacteroidetes; c__Flavobacteriia; o__Flavobacteriales; f__[Weeksellaceae]; g__Elizabethkingia; s__meningoseptica	0.8
7b87fea93db84deb3e73176d44209dca	k__Bacteria; p__Planctomycetes; c__Planctomycetia; o__Pirellulales; f__Pirellulaceae; g__; s__	1.0
aff3cb44d367bfeeab2102f0bd3e247b	k__Bacteria; p__Actinobacteria; c__Actinobacteria; o__Actinomycetales; f__; g__; s__	1.0
7db3593a7b184538c993eb3ca70a4288	k__Bacteria; p__Proteobacteria; c__Gammaproteobacteria; o__Xanthomonadales; f__Xanthomonadaceae; g__Dokdonella; s__	0.6
8dce94e881a70cf82ca509ea3fb2b61e	k__Bacteria; p__Verrucomicrobia; c__[Spartobacteria]; o__[Chthoniobacterales]; f__[Chthoniobacteraceae]; g__Candidatus Xiphinematobacter; s__	1.0
59acd451fba9c69deaa3361ba01f8365	k__Bacteria; p__Planctomycetes; c__Planctomycetia; o__Pirellulales; f__Pirellulaceae; g__; s__	0.9
839e1493585132b472053b5b02036a5e	k__Bacteria; p__Acidobacteria; c__Acidobacteria-6; o__iii1-15; f__; g__; s__	1.0
8ecf7500471f04fa885bc040654462a8	k__Bacteria; p__Proteobacteria; c__Gammaproteobacteria; o__Xanthomonadales; f__Sinobacteraceae; g__; s__	0.8
3c28d23b672b278a39293fbce502f561	k__Bacteria; p__Bacteroidetes; c__Cytophagia; o__Cytophagales; f__Cytophagaceae; g__; s__	0.6
f8a4d76c915cc6387c89902599cab0a3	k__Bacteria; p__Firmicutes; c__Clostridia; o__Clostridiales; f__[Mogibacteriaceae]; g__; s__	1.0
123cf09067af2d9df9251d82fade2d08	k__Bacteria; p__Cyanobacteria; c__Chloroplast; o__Stramenopiles; f__; g__; s__	1.0
2e2481ee37ca828e4111d583c9c4dd2c	k__Bacteria; p__GN02; c__BD1-5; o__; f__; g__; s__	0.6666666666666666
45cdd817fb540f41e6055da759728380	k__Bacteria; p__Proteobacteria; c__Deltaproteobacteria; o__Syntrophobacterales; f__Syntrophaceae; g__Desulfobacca; s__	1.0
15f0e0852321c27c3a6208dc41897f03	k__Bacteria; p__Proteobacteria; c__Alphaproteobacteria; o__Rhodobacterales; f__Rhodobacteraceae; g__; s__	0.9
868bf16d0fe745220f4038d889ae2982	k__Bacteria; p__Chlorobi; c__OPB56; o__; f__; g__; s__	1.0
fac487aac64171806d7a76058b4033cc	k__Bacteria; p__Proteobacteria; c__Alphaproteobacteria; o__Rhodospirillales; f__Rhodospirillaceae; g__; s__	1.0
6aaa76b08d199c6475457a1775fbc591	Unassigned	0.0
c782d96cd06424455ae7bfc28b39b4bc	Unassigned	0.0
42b20581b86ab969a04e92d600c383d5	k__Bacteria; p__Proteobacteria; c__Alphaproteobacteria; o__; f__; g__; s__	1.0
97294b48bf7d1c831d4fd248936f491a	k__Bacteria; p__Bacteroidetes	1.0
3c240dc6faac2c298cff5b2e9f7e1865	Unassigned	0.0
ca52cbde9ad8ac24c75bbbfd2798864f	k__Bacteria; p__Proteobacteria; c__Alphaproteobacteria; o__Rhizobiales; f__; g__; s__	1.0
7a7cf96d56e6cfabf6edf1e47f8501d6	k__Bacteria; p__Proteobacteria; c__Betaproteobacteria; o__Burkholderiales; f__Comamonadaceae; g__Limnobacter; s__	0.9
378cb5b39eaa893eba8035676efe229b	k__Bacteria; p__Proteobacteria; c__Alphaproteobacteria	0.8
62962478d3f74a7dec2d4f4b498f31ee	k__Bacteria; p__Armatimonadetes; c__[Fimbriimonadia]; o__[Fimbriimonadales]; f__[Fimbriimonadaceae]; g__Fimbriimonas; s__	1.0
0ba61976b08f13502068cc5c267fac64	k__Bacteria; p__Proteobacteria; c__Alphaproteobacteria; o__Rhizobiales; f__; g__; s__	0.9
416c3df203eb80993a76908e1c192ad1	k__Bacteria; p__Acidobacteria; c__Solibacteres; o__Solibacterales; f__[Bryobacteraceae]; g__; s__	0.8
a6f979bbab94a619b69c545cc84c0c01	k__Bacteria; p__Proteobacteria; c__Gammaproteobacteria; o__Pseudomonadales; f__Pseudomonadaceae; g__Pseudomonas; s__	0.9
15da3b51648b90e7e26939d01b91cb08	k__Bacteria; p__Cyanobacteria; c__Synechococcophycideae; o__Pseudanabaenales; f__Pseudanabaenaceae; g__Leptolyngbya; s__	1.0
35367a4a743883b60d1532f747751c53	k__Bacteria; p__Cyanobacteria; c__Chloroplast; o__Stramenopiles; f__; g__; s__	1.0
f877804ff2ef3b31dfcca58d0aae364a	k__Bacteria; p__Firmicutes; c__Clostridia; o__Clostridiales; f__Clostridiaceae; g__Sarcina; s__	0.6
464e8770a031ec5061756f90354ff116	k__Bacteria; p__Bacteroidetes; c__Sphingobacteriia; o__Sphingobacteriales; f__; g__; s__	0.8
b1dc8e499219cb0c56253304f84ae7d2	k__Bacteria; p__Proteobacteria; c__Alphaproteobacteria; o__Sphingomonadales; f__Sphingomonadaceae; g__; s__	0.9
548deeabf15f147114038e77182c4d37	k__Bacteria; p__Proteobacteria; c__Deltaproteobacteria; o__Myxococcales; f__OM27; g__; s__	1.0
8e5f6446f7c85540cfe9f95d43e7eba1	k__Bacteria; p__Actinobacteria; c__Actinobacteria; o__Actinomycetales; f__Cellulomonadaceae; g__Demequina; s__	1.0
99195581d66b5f9089d27ee07287b1c8	k__Bacteria; p__Cyanobacteria; c__Chloroplast; o__Streptophyta; f__; g__; s__	1.0
30559499cf6257b5ca7e4df3ab696091	k__Bacteria; p__Bacteroidetes; c__Flavobacteriia; o__Flavobacteriales; f__Cryomorphaceae; g__; s__	0.9
e47219b8853ca6fa4cf3078e103f85c2	k__Bacteria; p__Bacteroidetes; c__[Saprospirae]; o__[Saprospirales]; f__Chitinophagaceae; g__; s__	0.7
35d6a3d39c4366a0addf6303017dbf7d	k__Bacteria; p__Firmicutes; c__Bacilli; o__Bacillales; f__[Exiguobacteraceae]; g__Exiguobacterium; s__	1.0
f245dd01333947ee8195d040e8c87f9e	k__Bacteria; p__Proteobacteria; c__Alphaproteobacteria; o__Rhodospirillales; f__Rhodospirillaceae	0.9
c5cf7a9935d64e658679c3b14037b692	k__Bacteria; p__Proteobacteria; c__Alphaproteobacteria; o__Rhodospirillales; f__Rhodospirillaceae; g__; s__	0.7
bec7fa4aa3e8286fc7200abcece83ffe	k__Bacteria; p__Proteobacteria; c__Betaproteobacteria; o__Burkholderiales; f__Comamonadaceae	1.0
5ac8ad0d9931f2109bc6a92c44dc8bba	k__Bacteria; p__Nitrospirae; c__Nitrospira; o__Nitrospirales; f__Nitrospiraceae; g__Nitrospira; s__	1.0
0ebc97b89ff23814dad3c38c5ab66cfe	k__Bacteria; p__Actinobacteria; c__Thermoleophilia; o__Solirubrobacterales; f__Conexibacteraceae; g__; s__	0.6
06949d0553f8f6b17f2d4181b1ff3f45	k__Bacteria; p__Proteobacteria; c__Alphaproteobacteria; o__Rhizobiales; f__Rhizobiaceae; g__; s__	0.7
39a77d7fad2c8b0009d3a68c9b5d39b2	k__Bacteria; p__Firmicutes; c__Erysipelotrichi; o__Erysipelotrichales; f__Erysipelotrichaceae; g__RFN20; s__	0.8
ffb1fbc0bae1c457191c6d86f3fefe9c	k__Bacteria; p__Planctomycetes; c__Planctomycetia; o__Planctomycetales; f__Planctomycetaceae; g__Planctomyces; s__	1.0
ca22601aa2c02c00a6a40726ff22599e	k__Bacteria; p__Cyanobacteria; c__Chloroplast; o__Streptophyta; f__; g__; s__	1.0
aae11799ff37ff3d5a48f272baf44c16	k__Bacteria; p__Bacteroidetes; c__Sphingobacteriia; o__Sphingobacteriales; f__; g__; s__	1.0
e880c652060025959f26e01355d6c60b	k__Bacteria; p__Proteobacteria; c__Alphaproteobacteria; o__Rhizobiales; f__Xanthobacteraceae	0.6
53366091fff121997ec1877dd7ec84cc	k__Bacteria; p__Cyanobacteria; c__Chloroplast; o__Streptophyta; f__; g__; s__	1.0
472fe4fdd93837a68b526336ae6625c8	k__Bacteria; p__Bacteroidetes; c__[Saprospirae]; o__[Saprospirales]; f__Chitinophagaceae; g__; s__	1.0
24f4375b96ba45c28ccdb830789451ac	k__Bacteria; p__Cyanobacteria; c__Synechococcophycideae; o__Pseudanabaenales; f__Pseudanabaenaceae; g__Leptolyngbya; s__	1.0
c802c85511fd0a50e6b0cac951ef9aeb	k__Bacteria; p__Proteobacteria; c__Alphaproteobacteria; o__Rickettsiales; f__; g__; s__	1.0
bf70279b54f41206f51d63af98d7a52c	k__Bacteria; p__Proteobacteria; c__Gammaproteobacteria; o__Xanthomonadales; f__Xanthomonadaceae; g__; s__	0.6
bf20834de8d8744adb415422a687c4c5	k__Bacteria; p__Proteobacteria; c__Gammaproteobacteria; o__Legionellales; f__Coxiellaceae; g__; s__	0.7
dbccc786e7f13d4af97783abbe8f1aca	k__Bacteria; p__Gemmatimonadetes; c__Gemmatimonadetes; o__KD8-87; f__; g__; s__	1.0
2b5f25f32bcd97d6e854c98ed1819dbc	k__Bacteria; p__Bacteroidetes; c__[Saprospirae]; o__[Saprospirales]; f__Chitinophagaceae; g__; s__	1.0
b8519dfa837a6859162429e81216cc2b	k__Bacteria; p__Spirochaetes; c__Spirochaetes; o__Spirochaetales; f__Spirochaetaceae; g__; s__	1.0
ad06511bc893d49d4ffd7ccb77787aa8	k__Bacteria; p__Cyanobacteria; c__Chloroplast; o__Chlorophyta; f__; g__; s__	1.0
5aeda2d9fa0dd430976a8ae4a8e5ec79	k__Bacteria; p__Elusimicrobia; c__Elusimicrobia; o__Elusimicrobiales; f__; g__; s__	1.0
74264e515bca9997e22e4cbc272e27a9	k__Bacteria; p__Proteobacteria; c__Alphaproteobacteria; o__Rhizobiales; f__Hyphomicrobiaceae; g__; s__	0.6
42ad2fbd0a887223aababaf4753ba529	k__Bacteria; p__Proteobacteria; c__Alphaproteobacteria; o__Rhizobiales	0.6
8363b83a3c43d9f8f9dd7505a22528bb	k__Bacteria; p__Proteobacteria; c__Alphaproteobacteria; o__Rickettsiales; f__Rickettsiaceae; g__Rickettsia; s__	0.8
81430a6d0d6d2b20edb40b9e39fd4654	k__Bacteria; p__Proteobacteria; c__Alphaproteobacteria; o__Rhizobiales; f__; g__; s__	0.8
15bc9f5858c7061cc9b5bb42080abc84	k__Bacteria; p__Bacteroidetes; c__Sphingobacteriia; o__Sphingobacteriales; f__Sphingobacteriaceae; g__; s__	0.9
eb5a2d93071b4bd447ee01e99083fc62	k__Bacteria; p__Proteobacteria; c__Alphaproteobacteria; o__Sphingomonadales; f__Sphingomonadaceae; g__Sphingomonas; s__	0.8
7215d72813738a52d00d41d0038b03c3	k__Bacteria; p__Cyanobacteria; c__Chloroplast; o__Cryptophyta; f__; g__; s__	1.0
485753e8c8cff7a8055f7d5c3016685e	k__Bacteria; p__Cyanobacteria; c__Chloroplast; o__Stramenopiles; f__; g__; s__	1.0
63c5bff55e53689b734b55814794a281	k__Bacteria; p__Proteobacteria; c__Alphaproteobacteria; o__; f__; g__; s__	1.0
ba92e36700ef69ddea75a3cc2ee88f3a	k__Bacteria; p__Proteobacteria; c__Betaproteobacteria; o__; f__; g__; s__	0.7
aed65b79f3baf557ab638078ac94f7e2	k__Bacteria; p__Bacteroidetes; c__[Saprospirae]; o__[Saprospirales]; f__Saprospiraceae	1.0
e3382ba757b0c5e1e62e020e79fc6081	k__Bacteria	1.0
8df43ffd438ce114767fc51664cfe872	k__Bacteria; p__Actinobacteria; c__Actinobacteria; o__Actinomycetales; f__Mycobacteriaceae; g__Mycobacterium; s__	1.0
346ef3f5bacb2428c21e5a190b6d7f92	k__Bacteria; p__Cyanobacteria; c__Chloroplast; o__Streptophyta; f__; g__; s__	1.0
56a18b0385b4df80a72d54fe1e60bbf1	k__Bacteria; p__Proteobacteria; c__Alphaproteobacteria; o__Rhizobiales; f__; g__; s__	1.0
9ca1aab6966535a3742b8dc0f239fa0c	k__Bacteria; p__Proteobacteria; c__Betaproteobacteria; o__Rhodocyclales; f__Rhodocyclaceae	1.0
08f718ee60c9b481f1b4b950893d0020	k__Bacteria; p__Proteobacteria; c__Deltaproteobacteria; o__MIZ46; f__; g__; s__	1.0
3821316e8ade37bb313db786fde8d2b1	k__Bacteria; p__Proteobacteria; c__Betaproteobacteria	1.0
791d84e9af01e94aa68a8cc2ca0a09a1	k__Bacteria; p__Actinobacteria; c__Acidimicrobiia; o__Acidimicrobiales; f__; g__; s__	0.9
08a3fd12921e1b69df087c6f590741ba	k__Bacteria; p__Proteobacteria; c__Alphaproteobacteria; o__Rhizobiales; f__; g__; s__	0.8
98143f223f8c870f1a83b66f8b6d25c1	k__Bacteria; p__Acidobacteria; c__Sva0725; o__Sva0725; f__; g__; s__	1.0
f38b7d649ec676c0267c097a5f6ecdd5	k__Bacteria; p__Chlamydiae; c__Chlamydiia; o__Chlamydiales	0.6
675428c741b52aff2a24b5428fa43702	k__Bacteria; p__Cyanobacteria; c__Chloroplast; o__Euglenozoa; f__; g__; s__	1.0
4021748273b703fde5c3b96f9b931d29	k__Bacteria; p__Bacteroidetes; c__[Saprospirae]; o__[Saprospirales]; f__Chitinophagaceae; g__; s__	1.0
8604e10e40b8d91fc252ed3bbcdd5a85	Unassigned	0.0
405f0e5baa63ee6a11505119ec8aebf0	k__Bacteria	1.0
a7b4bb29c677ba792144cf1a594b109d	k__Bacteria; p__Gemmatimonadetes; c__Gemmatimonadetes; o__KD8-87; f__; g__; s__	1.0
cc467b706782bcb7f6b1e9aa59717206	k__Bacteria; p__Firmicutes; c__Bacilli; o__Bacillales; f__Bacillaceae; g__Bacillus; s__cereus	0.7
d2348250199ed962d4021a7d48e881dc	k__Bacteria; p__Firmicutes; c__Clostridia; o__Clostridiales; f__Lachnospiraceae; g__; s__	0.6
8d87ea82a5d5c13741a0add789ac2f1b	k__Bacteria; p__Proteobacteria; c__Alphaproteobacteria; o__; f__; g__; s__	1.0
7ca738722e525a08414afd13188c418b	k__Bacteria; p__Proteobacteria; c__Alphaproteobacteria; o__Rhodospirillales; f__Rhodospirillaceae; g__Azospirillum	1.0
604d31138a2dc6150d59d79571377c13	k__Bacteria; p__Proteobacteria	1.0
d35e0e42eeeb91dc279e006f4fc5af1d	k__Bacteria; p__Proteobacteria; c__Gammaproteobacteria; o__Xanthomonadales; f__Xanthomonadaceae; g__; s__	0.6
57db3bc221f049b5cae8dbdc2e83f895	k__Bacteria; p__Actinobacteria; c__Actinobacteria; o__Actinomycetales; f__Microbacteriaceae; g__Candidatus Aquiluna; s__rubra	0.9
02276766173d6107959b579c76b09c05	k__Bacteria; p__Acidobacteria; c__Solibacteres; o__Solibacterales; f__; g__; s__	1.0
41a6e967644d99d4ebd24b479da37e9e	k__Bacteria; p__Proteobacteria; c__Gammaproteobacteria; o__Methylococcales; f__Crenotrichaceae; g__Crenothrix; s__	0.9
8e9d2110cfee7145150202b2e06cd3b0	k__Bacteria; p__[Thermi]; c__Deinococci; o__Deinococcales; f__Trueperaceae; g__; s__	0.6
ed3b8f253cbdc57b92f8fd5b8f43ab0d	k__Bacteria; p__Proteobacteria; c__Deltaproteobacteria; o__Myxococcales; f__; g__; s__	0.9
c00be909f56632b32abfc09ef627dca7	k__Bacteria; p__Proteobacteria; c__Betaproteobacteria; o__Burkholderiales; f__Comamonadaceae	1.0
a15986c799a53e0612ecb821c9f645ab	k__Bacteria; p__Proteobacteria; c__Alphaproteobacteria; o__Rhizobiales; f__; g__; s__	1.0
d5fb818f2900634d0a62dc38b47e2fc5	k__Bacteria; p__Proteobacteria; c__Alphaproteobacteria; o__BD7-3; f__; g__; s__	1.0
158e68e48ebe603355a859cec2a512d3	k__Bacteria; p__Proteobacteria; c__Betaproteobacteria; o__Burkholderiales; f__Comamonadaceae	0.9
420f4cd3a5098c47b8e271462f8f2e24	k__Bacteria; p__Proteobacteria; c__Alphaproteobacteria; o__Rhizobiales; f__; g__; s__	0.9
c761d3a9ed14fd2b7e380489755e3b95	k__Bacteria; p__Verrucomicrobia; c__Verruco-5; o__WCHB1-41; f__; g__; s__	1.0
76bc60d77a6f3b342aafad5323180aeb	Unassigned	0.0
6e4d523a32e8fe87802646a68e5a205c	k__Bacteria; p__Firmicutes; c__Clostridia; o__Clostridiales; f__Christensenellaceae; g__; s__	0.9
4b306b255e1e881945ebcd8edf6a0f1d	k__Bacteria; p__Cyanobacteria; c__Chloroplast; o__Streptophyta; f__; g__; s__	1.0
afb49402e7a593c94c3e9ed8c96c3805	k__Bacteria; p__Cyanobacteria; c__Chloroplast; o__Cryptophyta; f__; g__; s__	1.0
4908d16c4c715eb817ed1e84cfe0db08	k__Bacteria; p__Proteobacteria; c__Alphaproteobacteria; o__Rickettsiales; f__; g__; s__	1.0
812fbf46ef14448dff63ab0f5e7b8ec2	k__Bacteria; p__Proteobacteria; c__Alphaproteobacteria; o__Rickettsiales; f__; g__; s__	1.0
3e249f02717f69dfb5516060c558ddf9	k__Bacteria; p__Proteobacteria; c__Gammaproteobacteria; o__Methylococcales; f__Crenotrichaceae; g__Crenothrix; s__	0.7
abcb7d291bb682fec46162fb9a240931	k__Bacteria; p__Proteobacteria; c__Gammaproteobacteria; o__Alteromonadales; f__Alteromonadaceae; g__HB2-32-21; s__	0.7
57b30f2496e8c5ddfe527ff6e76aceac	k__Bacteria; p__Firmicutes; c__Clostridia; o__Clostridiales; f__Clostridiaceae; g__Clostridium; s__	1.0
1085a0a885a87917208ab63f1392f6ad	k__Bacteria; p__Bacteroidetes; c__[Saprospirae]; o__[Saprospirales]; f__Saprospiraceae; g__; s__	0.6
f58c3395f58b6901a24a3b1e0ca04ad5	k__Bacteria; p__Proteobacteria; c__Betaproteobacteria; o__Burkholderiales; f__Comamonadaceae; g__Hydrogenophaga; s__	0.7
d56e01975a3f1724b0e2a7a7bbd57d08	k__Bacteria; p__Proteobacteria; c__Alphaproteobacteria; o__Rickettsiales; f__; g__; s__	1.0
126a85ae21f20d89162973ab16260660	k__Bacteria; p__Proteobacteria; c__Alphaproteobacteria; o__Rhodospirillales; f__Rhodospirillaceae; g__Azospirillum; s__	1.0
0642995d3d3774b638e74a63fea4e89a	k__Bacteria; p__Cyanobacteria; c__Chloroplast; o__Stramenopiles; f__; g__; s__	1.0
1e738edfcfee6dccf1dae52e4ccf6218	k__Bacteria; p__Proteobacteria; c__Deltaproteobacteria; o__Myxococcales; f__OM27; g__; s__	1.0
b659ce2c9bc4f1e0a355bc379d35876e	k__Bacteria; p__Proteobacteria; c__Gammaproteobacteria; o__Xanthomonadales; f__Sinobacteraceae; g__; s__	1.0
f7f2f16ac012e41d1c49356944ecdd14	k__Bacteria; p__Bacteroidetes; c__[Saprospirae]; o__[Saprospirales]; f__Chitinophagaceae; g__Sediminibacterium; s__	1.0
74d2bcc4c03408be6e9c48c2ea6306fb	k__Bacteria; p__Firmicutes; c__Clostridia; o__Clostridiales; f__Lachnospiraceae; g__; s__	0.6
4a3ba44f0bdc5d5870159be29fb4a2e6	k__Bacteria; p__Firmicutes; c__Clostridia; o__Clostridiales; f__Ruminococcaceae; g__Faecalibacterium; s__prausnitzii	0.9
944e5acc454848f202d2c8887ecdff0a	k__Bacteria; p__Firmicutes; c__Clostridia; o__Clostridiales; f__Ruminococcaceae; g__; s__	0.6
846fbbb1d88cdc97c18731496b07ea58	k__Bacteria; p__Acidobacteria; c__Acidobacteria-6; o__iii1-15; f__; g__; s__	1.0
8e73551fe5f9578156a65252c43c02ea	k__Bacteria; p__Bacteroidetes; c__[Saprospirae]; o__[Saprospirales]; f__Chitinophagaceae; g__; s__	0.9
26b8392c9465cf65a08ebee52bd4d9b8	k__Bacteria; p__Bacteroidetes; c__Cytophagia; o__Cytophagales; f__Cytophagaceae	0.9
9f8ee27585507114c3f9f7265566e347	k__Bacteria; p__Planctomycetes; c__Planctomycetia; o__Pirellulales; f__Pirellulaceae; g__; s__	1.0
3dbfc5ddfd507366f80712bce45f0803	k__Bacteria; p__Tenericutes; c__Mollicutes; o__Entomoplasmatales; f__; g__; s__	0.8571428571428571
f7e29a412fe9b0be9a5959c5f30f5a35	k__Bacteria; p__Proteobacteria; c__Deltaproteobacteria; o__Desulfarculales; f__Desulfarculaceae; g__; s__	0.7
bb0f0ab304e414340cdddba6728fd057	k__Bacteria; p__Verrucomicrobia; c__[Pedosphaerae]; o__[Pedosphaerales]; f__; g__; s__	0.6
74017eac27e3f9db2d617eee82a939dd	k__Archaea; p__[Parvarchaeota]; c__[Parvarchaea]; o__WCHD3-30; f__; g__; s__	1.0
1b15cbfd309eeb1d00a19d32c620215a	k__Bacteria; p__Proteobacteria; c__Alphaproteobacteria; o__Rickettsiales; f__; g__; s__	0.7
bf9be6313fb11f1a9e4d21676bd809ef	k__Bacteria; p__Proteobacteria; c__Gammaproteobacteria; o__Enterobacteriales; f__Enterobacteriaceae; g__Erwinia; s__	0.8
c375c0c5fa05cdc1e956d3586989f066	k__Bacteria; p__Firmicutes; c__Clostridia; o__Clostridiales; f__Peptostreptococcaceae; g__; s__	0.6
0abfd336827c7bf1c8c7a45ec419c6af	k__Bacteria; p__Proteobacteria; c__Betaproteobacteria; o__Burkholderiales; f__Comamonadaceae; g__Hydrogenophaga; s__	1.0
913edb9b77b09e1b324b525d45a0adb0	k__Bacteria; p__Proteobacteria; c__Alphaproteobacteria; o__Rhizobiales; f__; g__; s__	0.9
c0a971b9ea238fc04da4cd87991d8301	k__Bacteria; p__Proteobacteria; c__Deltaproteobacteria; o__Bdellovibrionales; f__Bacteriovoracaceae; g__; s__	1.0
dac9b6adfc273da92f853bbabd4c738d	Unassigned	0.0
fd1e224f6b616e39b7900d7adca25fce	k__Bacteria; p__Proteobacteria; c__Alphaproteobacteria	1.0
eb31e503dbde59429c839515004716f9	k__Bacteria; p__Bacteroidetes; c__Bacteroidia; o__Bacteroidales; f__[Paraprevotellaceae]; g__CF231; s__	0.7
9f28a7c1d47ec9ac8293607fdeec79f1	k__Bacteria; p__Proteobacteria	1.0
28f871bf1001ba45b3e266bc9097ba87	k__Bacteria; p__Proteobacteria; c__Betaproteobacteria; o__Burkholderiales; f__Comamonadaceae; g__Hydrogenophaga; s__	0.9
5f0a9ac608f6aec13c9d0068f281e615	k__Bacteria; p__Proteobacteria; c__Alphaproteobacteria; o__Rhizobiales; f__Hyphomicrobiaceae; g__; s__	0.7
4881875d0afd803c5fdad55ec4c705aa	k__Bacteria; p__Proteobacteria; c__Betaproteobacteria; o__Burkholderiales	1.0
343ab03b749e6e53ecfb7786ea871827	k__Bacteria; p__Proteobacteria; c__Alphaproteobacteria; o__Caulobacterales; f__Caulobacteraceae; g__; s__	0.7
d9dbd1fe157ef3ed310e5f72ee0fe992	k__Bacteria; p__Proteobacteria; c__Deltaproteobacteria; o__Myxococcales; f__; g__; s__	1.0
fa8bd5e59822674630682625337c0295	k__Bacteria; p__Chloroflexi; c__Anaerolineae; o__GCA004; f__; g__; s__	1.0
994f2bd0c8f0d39df73baaef22081662	Unassigned	0.0
027cad1de63617ae4de0943a68115045	k__Bacteria; p__Proteobacteria; c__Alphaproteobacteria	0.6
bf18079442af239487115fe94768b720	k__Bacteria; p__Planctomycetes; c__Planctomycetia; o__Pirellulales; f__Pirellulaceae; g__; s__	1.0
f365faee4499a5b8062e564c9b7caa65	k__Bacteria; p__Actinobacteria; c__Acidimicrobiia; o__Acidimicrobiales; f__C111; g__; s__	1.0
9bf09278cf419b75dbb39c1d2e26aad5	k__Bacteria; p__Fusobacteria; c__Fusobacteriia; o__Fusobacteriales; f__Fusobacteriaceae; g__Cetobacterium; s__somerae	1.0
d3fb8b083f6e0ff5351f879bc9943813	k__Bacteria; p__Bacteroidetes; c__Flavobacteriia; o__Flavobacteriales; f__Cryomorphaceae; g__Fluviicola; s__	1.0
a4b2630f18bfa6fa0bd2852ea3f82810	k__Bacteria; p__Cyanobacteria; c__Chloroplast; o__Stramenopiles; f__; g__; s__	1.0
b1a4e7d6343b7c1951a4a64bb8a064fc	k__Bacteria; p__Bacteroidetes; c__[Saprospirae]; o__[Saprospirales]; f__Saprospiraceae; g__; s__	1.0
4a5844544ad4729a5262823134f982d4	k__Bacteria; p__Actinobacteria; c__Actinobacteria; o__Actinomycetales; f__ACK-M1; g__; s__	1.0
59b6bad4eb5d47b65436e463b157e8e1	k__Archaea; p__[Parvarchaeota]; c__[Parvarchaea]; o__WCHD3-30; f__; g__; s__	1.0
c343d6bbfa321d3a5ebd5e6f35af1a51	k__Bacteria; p__Proteobacteria; c__Betaproteobacteria	0.6
32ba8cdf0ff41968733b32ccd9787422	k__Bacteria; p__Proteobacteria; c__Alphaproteobacteria; o__Sphingomonadales; f__Sphingomonadaceae; g__; s__	0.6
fbd632bc72a5cdba9631a858694f3d0e	k__Bacteria; p__Actinobacteria; c__Actinobacteria; o__Actinomycetales; f__ACK-M1; g__; s__	0.9
5b70903ac557dfb8969d1b9efc3c4e8a	k__Bacteria; p__Bacteroidetes; c__Sphingobacteriia; o__Sphingobacteriales; f__; g__; s__	1.0
8b9478a6e7fe6e4c1f5f8382b6133ad9	k__Bacteria; p__Proteobacteria; c__Alphaproteobacteria; o__Rhizobiales; f__Hyphomicrobiaceae; g__; s__	1.0
4a4f4abea75ccf6e8697bf0b20b73a99	k__Bacteria; p__Proteobacteria; c__Deltaproteobacteria; o__Syntrophobacterales; f__Syntrophaceae; g__Desulfobacca; s__	1.0
2bb43332dd8301c547ba62b70b6adff9	k__Bacteria; p__Proteobacteria; c__Alphaproteobacteria; o__Caulobacterales; f__Caulobacteraceae; g__; s__	0.8
89c796363b9088faf91aa7ec44a72792	k__Bacteria; p__Proteobacteria; c__Alphaproteobacteria; o__Sphingomonadales; f__Sphingomonadaceae; g__Sphingomonas; s__	0.9
3b2d72e403dea80a00704cdddee4d973	k__Bacteria; p__Cyanobacteria; c__Chloroplast; o__Chlorophyta; f__Chlamydomonadaceae; g__; s__	0.6
27912f6c60f2ad5e9fa2f25a3a621c97	k__Bacteria; p__Bacteroidetes; c__Bacteroidia; o__Bacteroidales; f__Rikenellaceae; g__Blvii28; s__	1.0
8a2cd9c2c74df98deb97fd27c7e883d6	k__Bacteria; p__Cyanobacteria; c__Chloroplast; o__Streptophyta; f__; g__; s__	1.0
de94f4ddf30d13cd3121df1047108b9b	k__Bacteria; p__Firmicutes; c__Clostridia; o__Clostridiales; f__Clostridiaceae; g__Clostridium; s__	0.9
d4da1ee6b8792e87ddff864c32d57994	k__Bacteria; p__Proteobacteria; c__Alphaproteobacteria; o__Sphingomonadales; f__Sphingomonadaceae; g__Sphingomonas; s__wittichii	1.0
c4938a688890f4c2fa33abe011e82f5e	k__Bacteria; p__Actinobacteria; c__Actinobacteria; o__Actinomycetales; f__Sporichthyaceae; g__; s__	0.6
2a2c2788797847536f03ced809b6b20d	k__Bacteria; p__Firmicutes; c__Clostridia; o__Clostridiales	0.8
94eb245c66ac1263a53ac1310a7051a1	k__Bacteria; p__Proteobacteria; c__Deltaproteobacteria; o__Myxococcales; f__OM27; g__; s__	1.0
0dc860c2b7e9bae15c85dd1120d979eb	k__Bacteria; p__Cyanobacteria; c__Chloroplast; o__Stramenopiles; f__; g__; s__	1.0
87f7b62e86fd951da529b21f4b967f91	k__Bacteria; p__Proteobacteria; c__Alphaproteobacteria; o__; f__; g__; s__	1.0
40820802b0949e3f7601c54d47fd6abd	k__Bacteria; p__Proteobacteria; c__Gammaproteobacteria; o__Methylococcales; f__Methylococcaceae; g__Methylocaldum; s__	0.7
c13c158b9e7dcbf137f05047e746b26b	k__Bacteria; p__Proteobacteria; c__Alphaproteobacteria; o__; f__; g__; s__	0.8
d78a3e061ae9afb24afd108d265fd466	k__Bacteria; p__Proteobacteria	1.0
d1ae51df149673db21a1362691c09dcb	k__Bacteria; p__Proteobacteria; c__Gammaproteobacteria; o__Methylococcales; f__Crenotrichaceae; g__Crenothrix; s__	1.0
b3891cabb008176273e92a13d7c692ac	k__Bacteria; p__Bacteroidetes; c__[Saprospirae]; o__[Saprospirales]; f__Chitinophagaceae	0.6
c6b8a9ac11e03b246596d1915be23812	k__Bacteria; p__Proteobacteria; c__Gammaproteobacteria; o__Legionellales; f__Legionellaceae	0.8
f6851240c2d00230327b6cd0795835bb	k__Bacteria; p__Proteobacteria; c__Gammaproteobacteria; o__Methylococcales; f__Methylococcaceae; g__Methylocaldum; s__	0.8
71afc6b36580866b96304912e83e964f	k__Bacteria; p__Planctomycetes; c__Planctomycetia; o__Pirellulales; f__Pirellulaceae; g__; s__	1.0
8163e777c2be83b66df1ba75daea919f	k__Bacteria; p__Spirochaetes; c__Spirochaetes; o__Spirochaetales; f__Spirochaetaceae; g__Spirochaeta; s__aurantia	0.7
756277bccbf91a93f966b9bd55d9071b	k__Bacteria; p__Proteobacteria; c__Deltaproteobacteria; o__Myxococcales; f__; g__; s__	1.0
17653857853f8daa1e005cc3425406e7	k__Bacteria; p__Verrucomicrobia; c__Verrucomicrobiae; o__Verrucomicrobiales; f__Verrucomicrobiaceae; g__Prosthecobacter; s__	0.8
2c9d9de568ef1269ae404712a6f03c06	k__Bacteria; p__Bacteroidetes; c__Cytophagia; o__Cytophagales; f__Cytophagaceae	0.6
bb9590609fa3b8824e7ec42c8def6885	k__Bacteria; p__Planctomycetes; c__Planctomycetia; o__Pirellulales; f__Pirellulaceae	1.0
98eba3f213d992d8b70f838114bb79f0	k__Bacteria; p__Cyanobacteria; c__; o__; f__; g__; s__	0.6
d8251116677dd4e09746b59556b4d94e	k__Bacteria; p__Proteobacteria; c__Alphaproteobacteria; o__Rickettsiales; f__mitochondria	1.0
bd925314f26b7b2c2a6a3dea0008fa41	k__Bacteria; p__Proteobacteria; c__Deltaproteobacteria; o__Myxococcales; f__; g__; s__	1.0
e2935f526f86401709a93726e604c751	k__Bacteria; p__Planctomycetes; c__Planctomycetia; o__Pirellulales; f__Pirellulaceae; g__; s__	1.0
536feec3d07652592a367a11e76abcca	k__Bacteria; p__Bacteroidetes; c__[Saprospirae]; o__[Saprospirales]; f__Chitinophagaceae; g__; s__	1.0
9fcd8d3e3d888b19c4fa008ed98b3f6f	k__Bacteria; p__Firmicutes; c__Clostridia; o__Clostridiales; f__Peptostreptococcaceae; g__; s__	0.9
c62610e182cfe09cd24e3fbcdbdc1570	k__Bacteria; p__Planctomycetes; c__Planctomycetia; o__Pirellulales; f__Pirellulaceae; g__; s__	1.0
ab10dfc055c41e375c006fad7c95f2ca	k__Bacteria; p__Proteobacteria	0.6
b88e5aa0f689705a03b72f9d44e9afdb	k__Bacteria; p__Bacteroidetes; c__Sphingobacteriia; o__Sphingobacteriales; f__; g__; s__	0.9
f20de25a7a4c6893dd0d275d38654804	k__Bacteria; p__Firmicutes; c__Clostridia; o__Clostridiales; f__; g__; s__	0.6
c231a46a2a7d5407cea06b62fba155dd	k__Bacteria; p__Proteobacteria; c__Betaproteobacteria; o__Procabacteriales; f__Procabacteriaceae; g__; s__	0.9
ab2f673f8a2554c3d2848bed23d4e9e1	k__Bacteria; p__Proteobacteria; c__Gammaproteobacteria; o__Xanthomonadales; f__Sinobacteraceae; g__Nevskia; s__ramosa	0.9
78a81c8608561a54a128ee6cdf083573	k__Bacteria; p__Proteobacteria; c__Alphaproteobacteria; o__Rhizobiales; f__Hyphomicrobiaceae; g__Pedomicrobium	1.0
ed9269609b77f925314b587ffd954a61	k__Bacteria; p__Firmicutes; c__Clostridia; o__Clostridiales; f__Lachnospiraceae; g__; s__	0.9
c251ae90075d128208663f0158ac4b0f	k__Bacteria; p__Proteobacteria; c__Gammaproteobacteria; o__Legionellales; f__; g__; s__	1.0
06491c42e4d4710cc137a039189cbb88	k__Bacteria; p__Proteobacteria; c__Betaproteobacteria	1.0
a049d4827726de22708dc2affabc8ac9	k__Bacteria; p__Actinobacteria; c__Acidimicrobiia; o__Acidimicrobiales; f__C111; g__; s__	1.0
cff4ca08e2aea6c4961383ba354b9ee6	k__Bacteria; p__Proteobacteria; c__Betaproteobacteria; o__Burkholderiales; f__Comamonadaceae; g__; s__	0.6
c76c60f373d95996d5e9a7e8e8cea257	k__Bacteria; p__Proteobacteria; c__Alphaproteobacteria; o__Rickettsiales; f__; g__; s__	0.9
eb456d049dd056e3ae567b7193e21ecf	k__Bacteria; p__Verrucomicrobia; c__Opitutae; o__Opitutales; f__Opitutaceae; g__; s__	1.0
8809e17c838ccb1495644084c5bdb769	k__Bacteria; p__Bacteroidetes; c__[Saprospirae]; o__[Saprospirales]; f__Chitinophagaceae; g__; s__	0.9
00df08e59cccc7476ed3ad1f955269bf	k__Bacteria; p__Proteobacteria; c__Alphaproteobacteria; o__Rhizobiales; f__Xanthobacteraceae	0.7
ecc6eba75ab429a17cac4bef78c31146	k__Bacteria; p__Firmicutes; c__Clostridia; o__Clostridiales; f__; g__; s__	0.6
2dcbf2849f5bb9281c0974e8d455571f	k__Bacteria; p__Proteobacteria; c__Alphaproteobacteria; o__; f__; g__; s__	0.6
e85a5870d1090d67b774859cbdef597f	k__Bacteria; p__Proteobacteria; c__Alphaproteobacteria; o__Rhodospirillales; f__Rhodospirillaceae; g__; s__	0.7
561faef3587abe1be879c86e618204ce	k__Bacteria; p__Planctomycetes; c__Planctomycetia; o__Planctomycetales; f__Planctomycetaceae; g__Planctomyces; s__	1.0
e08d577b77138f5e495b015059886598	k__Bacteria; p__Bacteroidetes; c__Sphingobacteriia; o__Sphingobacteriales; f__; g__; s__	1.0
91eaeed84ee6366e23dd52a36da0a012	k__Bacteria; p__Cyanobacteria; c__Synechococcophycideae; o__Synechococcales; f__Synechococcaceae; g__Synechococcus; s__	1.0
66996db0e3eb742760827fe1ad75055e	k__Bacteria; p__Verrucomicrobia; c__Verruco-5; o__WCHB1-41; f__; g__; s__	0.8
6de48d1309612c6a0a06aba515f7a2bc	k__Bacteria; p__Proteobacteria; c__Betaproteobacteria; o__MWH-UniP1; f__; g__; s__	1.0
c36afba168353e49029c212d0ccb8da2	k__Bacteria; p__Proteobacteria; c__Betaproteobacteria; o__Burkholderiales; f__Comamonadaceae	1.0
662622e0bb439042fa059922661b256a	k__Bacteria; p__Proteobacteria; c__Alphaproteobacteria; o__; f__; g__; s__	1.0
68b830f1b18d7f6e867e67f568dc8d84	k__Bacteria; p__Proteobacteria; c__Betaproteobacteria; o__Methylophilales; f__; g__; s__	0.8
905df5fe46c5daf5b8490dbe3f19b050	k__Bacteria; p__OP3; c__BD4-9; o__; f__; g__; s__	1.0
0747bc16a0abdb924779880dd1c4b13a	k__Bacteria; p__Proteobacteria; c__Alphaproteobacteria; o__Rhizobiales; f__; g__; s__	0.7
78a283ac35b45d8256d5da6281faf860	k__Bacteria; p__Proteobacteria; c__Deltaproteobacteria; o__Spirobacillales; f__; g__; s__	1.0
03ede3a06292bccdac692780e554617f	k__Bacteria; p__Bacteroidetes; c__Flavobacteriia; o__Flavobacteriales; f__Flavobacteriaceae; g__Flavobacterium; s__	1.0
ad0646bf98ff6c1ac9e560c4168af99d	k__Bacteria; p__Proteobacteria; c__Deltaproteobacteria; o__Bdellovibrionales; f__Bdellovibrionaceae; g__Bdellovibrio; s__	1.0
cd44c66a0ca6f5125595af1aa9115e60	k__Bacteria; p__Proteobacteria; c__Deltaproteobacteria; o__NKB15; f__; g__; s__	1.0
750c317208db45e484ff9229a59e4cf5	k__Bacteria; p__Firmicutes; c__Erysipelotrichi; o__Erysipelotrichales; f__Erysipelotrichaceae; g__Erysipelothrix; s__	0.6
546ddc9eb54abc5a68ce3814fce8e1f4	k__Bacteria; p__Planctomycetes; c__Planctomycetia; o__Pirellulales; f__Pirellulaceae; g__; s__	1.0
ace2cb332ea13f40bbdd3780bc39a49b	k__Bacteria; p__Firmicutes; c__Clostridia; o__Clostridiales; f__Clostridiaceae; g__Clostridium; s__	0.8
5d49a701c7c9925d23c09b6be97a4b2c	k__Bacteria; p__TM6; c__SJA-4; o__; f__; g__; s__	1.0
e31d3c9d233cd2cabe306981d9b2c084	Unassigned	0.0
895adac6dc18ec608807e414b64bd6f1	k__Bacteria; p__Bacteroidetes; c__Sphingobacteriia; o__Sphingobacteriales; f__; g__; s__	1.0
7491a4403154b4efa8c1ea19c28a19d0	k__Bacteria; p__Actinobacteria; c__Actinobacteria; o__Actinomycetales; f__Microbacteriaceae; g__; s__	0.6
f22c85628cabc8c8acf9344c14cffc25	k__Bacteria; p__Planctomycetes; c__Planctomycetia; o__Pirellulales; f__Pirellulaceae; g__; s__	1.0
61a811edab28045c24542ab999ab0eeb	k__Bacteria; p__Verrucomicrobia; c__Verruco-5; o__WCHB1-41; f__; g__; s__	1.0
b5d74b1c49c935d69f23478828c3b171	k__Bacteria; p__Actinobacteria; c__Acidimicrobiia; o__Acidimicrobiales; f__; g__; s__	1.0
eeedf9971d42e5dcd4e53602ae5cdafa	k__Bacteria; p__Tenericutes; c__Mollicutes; o__Mycoplasmatales; f__Mycoplasmataceae; g__Mycoplasma; s__	1.0
b2d3de601291d01f4fa8db8ad637d4a6	k__Bacteria; p__Bacteroidetes; c__[Saprospirae]; o__[Saprospirales]; f__Saprospiraceae; g__; s__	1.0
60acf576f2e29b4590e8cab7af408d6d	k__Bacteria; p__Proteobacteria; c__Alphaproteobacteria; o__Sphingomonadales; f__Sphingomonadaceae; g__; s__	1.0
117e3aa28eb30a44b2ee014939301cb6	k__Bacteria; p__Bacteroidetes; c__Sphingobacteriia; o__Sphingobacteriales; f__; g__; s__	1.0
96f070770c8dc6551fb556e7ffc17d19	k__Bacteria; p__Proteobacteria; c__Alphaproteobacteria	0.6
0883d47544eff293786f43b97b9b438c	k__Bacteria; p__Proteobacteria; c__Betaproteobacteria; o__Burkholderiales; f__Comamonadaceae; g__Hydrogenophaga; s__	0.7
942b11d3c668325be9ec177efc249549	k__Bacteria; p__TM6; c__SJA-4; o__; f__; g__; s__	1.0
e894471e1397394ff93a6211d4a502de	k__Bacteria; p__Proteobacteria; c__Alphaproteobacteria; o__Rhodobacterales; f__Rhodobacteraceae; g__Rhodobacter; s__	1.0
5a5a7e076125d1896ae4028620e48ec9	k__Bacteria; p__Proteobacteria; c__Alphaproteobacteria; o__Rickettsiales; f__; g__; s__	0.6
de5c673ce1aeb6c14f9c50e266125f35	k__Bacteria; p__Chlamydiae; c__Chlamydiia; o__Chlamydiales; f__Chlamydiaceae	1.0
73bb01223cd2e88e6db897e778f7d937	k__Bacteria; p__Chlorobi; c__Ignavibacteria; o__Ignavibacteriales; f__Ignavibacteriaceae; g__; s__	1.0
4c31144c9435363103cccd735fcdc2e6	Unassigned	0.0
3fe3a750dba4570f2865bc344d623e34	k__Bacteria; p__Proteobacteria; c__Alphaproteobacteria; o__Rickettsiales; f__mitochondria	1.0
8774386b9bdaec64ac6b3b6b7fc8bdf6	k__Bacteria; p__Proteobacteria; c__Betaproteobacteria; o__Methylophilales; f__Methylophilaceae; g__Methylotenera; s__mobilis	1.0
5858fbd0d0be918c45a2cc294a94f6b9	k__Bacteria; p__Proteobacteria; c__Alphaproteobacteria; o__Rhodospirillales; f__Acetobacteraceae; g__; s__	0.9
449482c5c993e3c42b8d2fdf9f76a1e7	k__Bacteria; p__Proteobacteria; c__Alphaproteobacteria	1.0
0b1322f6a30083e894331136fcb00868	k__Bacteria; p__Proteobacteria; c__Alphaproteobacteria; o__Sphingomonadales; f__Sphingomonadaceae; g__; s__	0.9
e7dc676cd659b5402e24b4707d4818df	k__Bacteria; p__Cyanobacteria; c__; o__; f__; g__; s__	0.6
f42839c1d3ba45437d64219236c4fd42	k__Bacteria; p__Planctomycetes; c__Planctomycetia; o__Pirellulales; f__Pirellulaceae; g__; s__	1.0
25c47165d84477b72a5fd2b1ad8f35a5	k__Bacteria; p__Chloroflexi; c__Anaerolineae; o__Anaerolineales; f__Anaerolinaceae; g__; s__	0.9
dad63b8b06ab972645b2fb56d79f8403	k__Bacteria; p__Proteobacteria; c__Alphaproteobacteria	1.0
d5a7e24e1517fc18ac400b7073c137c0	k__Bacteria; p__Proteobacteria; c__Gammaproteobacteria	1.0
8d6ecf8e4236f5fe6c6f719a60ff9b4f	k__Bacteria; p__Proteobacteria; c__Deltaproteobacteria; o__Myxococcales; f__OM27; g__; s__	1.0
fd93957ab0e3719834fef4c5de8aee35	k__Bacteria; p__Proteobacteria; c__Gammaproteobacteria; o__Xanthomonadales; f__Xanthomonadaceae	1.0
820bfe4ec4f716866a04a9a6427d9081	k__Bacteria; p__Proteobacteria; c__TA18; o__PHOS-HD29; f__; g__; s__	1.0
481f4e0ac04667365c34f4d0e7c9c1c1	k__Bacteria; p__Proteobacteria; c__Alphaproteobacteria	1.0
9967f737f58baed1c5ed0ea1eb05638c	k__Bacteria; p__Bacteroidetes; c__[Saprospirae]; o__[Saprospirales]; f__Chitinophagaceae; g__; s__	0.8
f0f1482b07e6149a2ea189da79bcad1a	k__Bacteria	1.0
daf3de43b13b1984e93d38562a2549da	k__Bacteria; p__Proteobacteria; c__Alphaproteobacteria; o__BD7-3; f__; g__; s__	1.0
b6b46629ad0fae103a5a3b3a8cd3b52c	k__Bacteria; p__Proteobacteria; c__Gammaproteobacteria; o__Legionellales; f__; g__; s__	1.0
c550f4ae66a51fdbe0471ad443c520d7	k__Bacteria; p__Cyanobacteria; c__Chloroplast; o__Euglenozoa; f__; g__; s__	1.0
ccf244d3951d4fd36eaa5d704cf30d5f	k__Bacteria; p__Proteobacteria; c__Betaproteobacteria; o__Burkholderiales; f__Comamonadaceae; g__Hydrogenophaga; s__	0.7
2bdf03ff9be5765b73b99f962568dee3	k__Bacteria; p__Bacteroidetes; c__Cytophagia; o__Cytophagales	1.0
698477c4b87b22f924b9ef0145fb97f5	k__Bacteria; p__Nitrospirae; c__Nitrospira; o__Nitrospirales; f__Nitrospiraceae; g__Nitrospira; s__	1.0
152cdd2f67eff93241b31ccd2814c21b	k__Bacteria; p__Planctomycetes; c__Planctomycetia; o__Pirellulales; f__Pirellulaceae; g__; s__	1.0
8d205808d5cf12524978eddc67cbd45a	k__Bacteria; p__Chloroflexi; c__Anaerolineae; o__SBR1031; f__A4b; g__; s__	0.8
621cfaa980f0c1441c8a1f884a776bb4	k__Bacteria; p__Chlamydiae; c__Chlamydiia; o__Chlamydiales; f__Parachlamydiaceae	0.6
8ba6efe9821ffd385d09c5ae237f59ed	k__Bacteria; p__Bacteroidetes	1.0
38fca8875557e2651967040c92624a24	k__Bacteria; p__Bacteroidetes	0.8
6513f6a3ca79e09dfd3d674d586d4fc2	k__Bacteria; p__Cyanobacteria; c__Synechococcophycideae; o__Pseudanabaenales; f__Pseudanabaenaceae; g__Leptolyngbya; s__	1.0
a41d02ffb0c30bbd276fc21196618063	k__Bacteria; p__Proteobacteria; c__Alphaproteobacteria; o__Rhodospirillales; f__Acetobacteraceae; g__; s__	1.0
56d6cef07a95d3ba7e94c3a8a891986e	k__Bacteria; p__Proteobacteria; c__Alphaproteobacteria; o__Rhizobiales; f__; g__; s__	1.0
f895cad51805678660c005ce6808194b	k__Bacteria; p__Bacteroidetes; c__[Saprospirae]; o__[Saprospirales]; f__Saprospiraceae; g__; s__	1.0
3838d0bc5e85bc5986ad47b11dc7858a	k__Bacteria; p__Cyanobacteria; c__Chloroplast; o__Cryptophyta; f__; g__; s__	1.0
18a61ea2c7a84c3a2231b7142767aab3	k__Bacteria; p__Proteobacteria; c__Deltaproteobacteria; o__Myxococcales; f__; g__; s__	1.0
5e61aa281355d589d8908484b7f44604	k__Bacteria; p__Proteobacteria; c__Alphaproteobacteria; o__Rhizobiales; f__Methylocystaceae; g__Methylosinus; s__	1.0
baf51640228ae725174ef61b328fd1de	k__Bacteria; p__Firmicutes; c__Clostridia; o__Clostridiales; f__Clostridiaceae; g__Clostridium; s__perfringens	0.6
b91c4bcf09797b3ea25e92748b286944	k__Bacteria; p__Firmicutes; c__Clostridia; o__Clostridiales; f__[Mogibacteriaceae]; g__Anaerovorax; s__	1.0
a1318f93d0ea54c98724b032b4b76387	k__Bacteria	1.0
a890be23e963579931e0302be69bb221	k__Bacteria; p__Actinobacteria; c__Actinobacteria; o__Actinomycetales; f__ACK-M1; g__; s__	1.0
f867ac01a51f05be34455dcb45178bee	Unassigned	0.0
3cc474abff0bdacd683ebef22329f687	k__Bacteria; p__Bacteroidetes; c__Bacteroidia; o__Bacteroidales; f__; g__; s__	1.0
7d98c8f75e6d4b5031a786545a7731da	k__Bacteria; p__Bacteroidetes; c__Sphingobacteriia; o__Sphingobacteriales; f__; g__; s__	0.9
cb64efe75aaa629bcf4372d85a6ae58c	k__Bacteria; p__Cyanobacteria; c__Chloroplast; o__Streptophyta; f__; g__; s__	1.0
46ee282f4b0de00ab4dc04fba084c25d	k__Bacteria; p__Cyanobacteria; c__Synechococcophycideae; o__Synechococcales; f__Synechococcaceae; g__Synechococcus; s__	1.0
c9faf5789ee0ddb12e082edeac05e33c	k__Bacteria; p__Actinobacteria; c__Actinobacteria; o__Actinomycetales; f__Microbacteriaceae; g__; s__	0.6
3c2b33ecba046dd13ac8242387032023	k__Bacteria; p__Proteobacteria; c__Alphaproteobacteria; o__Rickettsiales; f__mitochondria	1.0
5cf6f2e9904f058f7a0a34f91e02afd9	k__Bacteria; p__Bacteroidetes; c__Bacteroidia; o__Bacteroidales; f__; g__; s__	1.0
83f1d2e0fe5750afe936a3402b93f33a	k__Bacteria; p__Proteobacteria; c__Gammaproteobacteria; o__Legionellales; f__Legionellaceae	1.0
8cbb2f3b91e5d6f2ce7bfd4b2bf28948	k__Bacteria; p__Proteobacteria; c__Alphaproteobacteria; o__Rhizobiales; f__Hyphomicrobiaceae; g__Hyphomicrobium; s__	0.9
475c822d95c320d7039920063b3aa750	k__Bacteria; p__Bacteroidetes; c__[Saprospirae]; o__[Saprospirales]; f__Chitinophagaceae; g__; s__	1.0
b2804329ae02fd09e7292781c8797327	k__Bacteria; p__Spirochaetes; c__Spirochaetes; o__Spirochaetales; f__Spirochaetaceae; g__; s__	1.0
33f5007aaa9cc4b407402f466812f5a0	k__Bacteria; p__Bacteroidetes; c__Sphingobacteriia; o__Sphingobacteriales; f__; g__; s__	0.9
7c0e86d79020afa0fbfa4bf995a6b572	k__Bacteria; p__Proteobacteria; c__Deltaproteobacteria; o__Bdellovibrionales; f__Bdellovibrionaceae; g__Bdellovibrio; s__	0.8
02d11ca1eec4350636d000663dea60fc	k__Bacteria; p__Firmicutes; c__Clostridia; o__Clostridiales; f__[Acidaminobacteraceae]; g__Fusibacter; s__	0.9
f573759ce4ae4ca4bb3833800126513f	k__Bacteria; p__Proteobacteria; c__Gammaproteobacteria; o__Pseudomonadales; f__Pseudomonadaceae; g__Pseudomonas; s__alcaligenes	0.8
2edea719ef289b47c47334c443cbedfc	k__Bacteria; p__Proteobacteria; c__Alphaproteobacteria; o__Rhizobiales; f__; g__; s__	0.7
167aad393642ec5507957db458df1b91	k__Bacteria; p__OD1; c__; o__; f__; g__; s__	0.7
b94ed1124dfcdb1785c3c4f7ed7fdc21	k__Bacteria; p__Proteobacteria; c__Alphaproteobacteria; o__Rhizobiales; f__Hyphomicrobiaceae; g__Hyphomicrobium; s__	1.0
dcb3352b97a465aa08e471de4a1f1763	k__Bacteria; p__OP3; c__PBS-25; o__; f__; g__; s__	1.0
d6d3a9292c503dd06da90ea726f7eada	k__Bacteria; p__Bacteroidetes; c__Cytophagia; o__Cytophagales; f__Cytophagaceae; g__; s__	0.9
5f4ec0c9d3c274c69c10499cbe4074c3	k__Bacteria; p__Bacteroidetes; c__Bacteroidia; o__Bacteroidales; f__Bacteroidaceae; g__; s__	0.7
8ca404324a0ae6531982262f7b5c786c	k__Bacteria; p__Proteobacteria; c__Gammaproteobacteria; o__HOC36; f__; g__; s__	1.0
440aa104c56be8a0e2e0980a830af514	k__Bacteria; p__Proteobacteria; c__Gammaproteobacteria; o__Pseudomonadales; f__Pseudomonadaceae; g__Pseudomonas; s__	1.0
e861884eb44f577d35cced35b60329b8	k__Bacteria; p__Chloroflexi; c__Anaerolineae; o__SBR1031; f__A4b; g__; s__	1.0
679532817f0ac0ccfd9ddb3ad7facfc0	k__Bacteria; p__Proteobacteria; c__Alphaproteobacteria; o__Rickettsiales; f__Rickettsiaceae; g__; s__	1.0
51c7380fda0f6ce94f13b02529fb8461	k__Bacteria; p__Proteobacteria; c__Alphaproteobacteria; o__Sphingomonadales; f__Sphingomonadaceae; g__Novosphingobium; s__	0.8
bd497ddad2c28b0f250eb085776ae01a	k__Bacteria; p__Firmicutes; c__Clostridia; o__Clostridiales; f__Ruminococcaceae; g__; s__	1.0
64da9822127d75418bf25d7fa193246e	k__Bacteria; p__Proteobacteria; c__Betaproteobacteria; o__Burkholderiales; f__Comamonadaceae	1.0
caad479a9e0538104d4c9b36e3fa926f	k__Bacteria; p__Proteobacteria; c__Gammaproteobacteria; o__Thiotrichales; f__Piscirickettsiaceae; g__Thiomicrospira; s__	0.6
329e5be4a75b30a8214b915dcf71f16b	k__Bacteria	1.0
d069e58810fdadea8f83548e1255ef9e	k__Bacteria; p__Proteobacteria; c__Alphaproteobacteria; o__Rhodobacterales; f__Rhodobacteraceae; g__; s__	0.8
53e3b7c62f9c52c99f98b556ea39aed4	k__Bacteria; p__Proteobacteria; c__Alphaproteobacteria; o__Rhizobiales	0.6
b88345403703b9ab33a55d9220368062	Unassigned	0.0
0f792bfa4f381ee72633bb85355fe855	k__Bacteria; p__Proteobacteria; c__Betaproteobacteria; o__Burkholderiales; f__Comamonadaceae; g__; s__	0.6
f092ee401b18961c6aefdd2ed28833fc	k__Bacteria; p__Actinobacteria; c__Actinobacteria; o__Actinomycetales; f__Microbacteriaceae	1.0
252d82f26ad5851902e5da1fb623aa48	k__Bacteria; p__Cyanobacteria; c__Chloroplast; o__Chlorophyta; f__Chlamydomonadaceae; g__; s__	1.0
11403173b6262806e7420479aee92501	k__Bacteria; p__Firmicutes; c__Clostridia; o__Clostridiales	0.9
500e6e03cb141d3626f06a4341991a2d	k__Bacteria; p__Proteobacteria; c__Alphaproteobacteria; o__Rhodospirillales; f__Acetobacteraceae; g__; s__	0.9
b3ebddbe46321b9b0a93ae441ecfab84	k__Bacteria; p__Verrucomicrobia; c__Verrucomicrobiae; o__Verrucomicrobiales; f__Verrucomicrobiaceae; g__; s__	0.6
6dfbc0cbbbf767aa8bc88cdd4f57d654	k__Bacteria	1.0
819d9cf4ed18890f62145c6a29b58257	k__Bacteria; p__Firmicutes; c__Clostridia; o__Clostridiales	0.8
8b97e1952e16706813b38b53e347c01e	k__Bacteria; p__Proteobacteria; c__Gammaproteobacteria; o__Legionellales; f__Legionellaceae	1.0
75dd09275869ae2082ebd3a9a00994d0	k__Bacteria; p__Proteobacteria; c__Deltaproteobacteria; o__Myxococcales; f__Cystobacteraceae	0.7
2d5106317bd0eb700a6515d907baa4f8	k__Bacteria; p__Proteobacteria; c__Betaproteobacteria; o__Burkholderiales; f__Comamonadaceae	1.0
9ccd25ead76aa508f46aeb00dcbc935e	k__Bacteria; p__Firmicutes; c__Clostridia; o__Clostridiales; f__[Tissierellaceae]; g__Finegoldia; s__	1.0
1a60860b4e3e62639fecdd6658d28fd9	k__Bacteria; p__Verrucomicrobia; c__[Spartobacteria]; o__[Chthoniobacterales]; f__[Chthoniobacteraceae]; g__Candidatus Xiphinematobacter; s__	1.0
b764a58a8012d361261269bedb8bf105	k__Bacteria	1.0
8c7577b55cf3158213fd13484de17769	k__Bacteria; p__Proteobacteria; c__Epsilonproteobacteria; o__Campylobacterales; f__Helicobacteraceae; g__Sulfuricurvum; s__kujiense	1.0
57ef0f5e2dd3fcf75c80034f9e2ea5b5	k__Bacteria; p__Bacteroidetes; c__Cytophagia; o__Cytophagales; f__Cytophagaceae; g__; s__	1.0
1cb5b58b9b1cc61f4925e6c2ecc27197	k__Bacteria; p__Bacteroidetes; c__[Saprospirae]; o__[Saprospirales]; f__Saprospiraceae; g__; s__	0.7
667eda7e035daabae3b5a1f94cf14087	k__Bacteria; p__H-178; c__; o__; f__; g__; s__	0.7
86e8d42037fbfc436648cb71e78cfb68	k__Bacteria	1.0
ce299161391f617a9123bb0c11aa24db	k__Bacteria; p__Proteobacteria; c__Gammaproteobacteria; o__Thiotrichales; f__Piscirickettsiaceae; g__; s__	0.9
f305396c494e71d833e8b6c103193e14	k__Bacteria; p__Actinobacteria; c__Acidimicrobiia; o__Acidimicrobiales; f__JdFBGBact; g__; s__	1.0
189dfada97e9bc1c72fa16c7ac6907dd	k__Bacteria; p__Bacteroidetes; c__[Saprospirae]; o__[Saprospirales]; f__Chitinophagaceae; g__; s__	0.9
19adc37a57ff7ed5f8814d645c9923a9	k__Bacteria; p__Proteobacteria; c__Alphaproteobacteria; o__Rhizobiales	0.6
1a0e6840d327d184b310bb57843c9f40	k__Bacteria; p__Proteobacteria; c__Alphaproteobacteria; o__Rhodospirillales; f__Rhodospirillaceae; g__Azospirillum; s__	1.0
c369c90673c718b66fffd2abe570c5c8	k__Bacteria; p__Bacteroidetes; c__Bacteroidia; o__Bacteroidales; f__SB-1; g__; s__	0.8
e9c4db52f926947280e444c2fce896a9	k__Bacteria; p__Planctomycetes; c__Planctomycetia; o__Pirellulales; f__Pirellulaceae; g__; s__	1.0
1e0b26c0e6455a8fa51cf40c56e7355b	k__Bacteria; p__Cyanobacteria; c__Synechococcophycideae; o__Pseudanabaenales; f__Pseudanabaenaceae; g__Pseudanabaena; s__	1.0
85235bbef55e4401a102b30f794f3184	k__Bacteria; p__Cyanobacteria; c__Oscillatoriophycideae; o__Chroococcales; f__Xenococcaceae	0.9
6b13bb09536d27caa1da0867f5affb92	Unassigned	0.0
6b6a4c57d101f4e8dc3485fbd3825d0b	k__Bacteria; p__Cyanobacteria; c__; o__; f__; g__; s__	0.7
280e4e3885e7db0e97c8adcff5d6beda	k__Bacteria; p__Cyanobacteria; c__Synechococcophycideae; o__Pseudanabaenales; f__Pseudanabaenaceae; g__Leptolyngbya; s__	0.7
1331cc6b10f7c538c4c970e69e95e39d	k__Bacteria; p__Planctomycetes; c__Planctomycetia; o__Pirellulales; f__Pirellulaceae; g__; s__	1.0
daf9f2295aa8eacde57e0190c572454c	k__Bacteria; p__Bacteroidetes; c__[Saprospirae]; o__[Saprospirales]; f__Chitinophagaceae; g__; s__	0.9
a278c0559f81a3f1e4e8b24ff6f348a7	k__Bacteria; p__Proteobacteria; c__Alphaproteobacteria; o__Sphingomonadales; f__Sphingomonadaceae; g__Blastomonas; s__	0.7
35cc07758f9b5bd8ad5445a5c11d45f2	k__Bacteria; p__Proteobacteria; c__Alphaproteobacteria; o__Rhodobacterales; f__Rhodobacteraceae; g__; s__	0.8
bbfa1d1f6cc9cb6330d972036e2aca11	k__Bacteria; p__Proteobacteria; c__Alphaproteobacteria; o__Rickettsiales; f__; g__; s__	0.9
c4ac28c3c531e449479cb0d4af92a7a7	k__Bacteria; p__OP11; c__OP11-3; o__; f__; g__; s__	1.0
7b061e0171982f49fbf741c276a1878d	k__Bacteria; p__Proteobacteria; c__Gammaproteobacteria; o__Legionellales; f__Legionellaceae; g__; s__	0.6
49cfab56efaea75975f87b6160560ad9	k__Bacteria; p__Proteobacteria; c__Alphaproteobacteria; o__BD7-3; f__; g__; s__	1.0
32a37a1d26b22ce580889dd70bdf8c0c	k__Bacteria; p__Firmicutes; c__Clostridia; o__Clostridiales; f__Ruminococcaceae; g__; s__	0.8
322c9029697d325a0b9e956da802f1fa	k__Bacteria; p__Firmicutes; c__Clostridia; o__Clostridiales	0.8
96483eb0726d886231e2248bd26e0594	k__Archaea; p__Crenarchaeota; c__MCG; o__; f__; g__; s__	0.8888888888888888
70ab1323a1ac874599e0eae213ff8957	k__Bacteria; p__Bacteroidetes; c__Bacteroidia; o__Bacteroidales; f__; g__; s__	1.0
9b936913e0a3d27822559e8a33c4dddc	k__Bacteria; p__Proteobacteria; c__Alphaproteobacteria; o__Rhodobacterales; f__Rhodobacteraceae	1.0
9734ad5890b596b2bb6f0779159a949c	k__Bacteria; p__Bacteroidetes; c__Flavobacteriia; o__Flavobacteriales; f__Cryomorphaceae; g__Fluviicola; s__	1.0
f3492ce957ef96e4dc967b0f21f80228	k__Bacteria; p__Fibrobacteres; c__Fibrobacteria; o__Fibrobacterales	0.6
fb92473e96970456e59507ddfa8a0a18	k__Bacteria; p__OD1; c__ZB2; o__; f__; g__; s__	1.0
c5d2c52b438eedf7ed161b8dbc22678e	k__Bacteria; p__GN02; c__BD1-5; o__; f__; g__; s__	0.6
4291462893eda4e20e2164556a3b9c2c	k__Bacteria; p__Proteobacteria; c__Alphaproteobacteria; o__Rhizobiales; f__Hyphomicrobiaceae; g__Hyphomicrobium; s__	0.7
0e11ababeecd026f619618b00f67dd67	k__Bacteria; p__Chloroflexi; c__Chloroflexi; o__[Roseiflexales]; f__; g__; s__	0.7
5abb4a2ce4810ae4b28d0598681626a1	k__Bacteria; p__Verrucomicrobia; c__Opitutae; o__Opitutales; f__Opitutaceae; g__Opitutus; s__	0.8
a0abcbda2d104df79aba154ea98af5b3	k__Bacteria; p__Actinobacteria; c__Actinobacteria; o__Actinomycetales; f__; g__; s__	0.6
01c289b99b81070f116894b48b24e3d2	k__Bacteria; p__Planctomycetes; c__Planctomycetia; o__Pirellulales; f__Pirellulaceae; g__; s__	1.0
d1b518f2c86105358c122315661257de	k__Bacteria; p__Proteobacteria; c__Alphaproteobacteria; o__Rickettsiales; f__Rickettsiaceae; g__; s__	0.9
e9844a1aab461f4d8ec916e7d52c944c	k__Bacteria; p__Proteobacteria; c__Betaproteobacteria; o__Burkholderiales	1.0
13c0603dc45fe8d0b95ceb964b6b5f2e	k__Bacteria; p__Proteobacteria; c__Alphaproteobacteria; o__Sphingomonadales; f__Sphingomonadaceae; g__; s__	1.0
70954fffbb14f5e03031ef5f115c9dbf	k__Bacteria; p__Planctomycetes; c__Planctomycetia; o__Pirellulales; f__Pirellulaceae	1.0
fe91577ddf01cf5f64f446c13f6ce791	k__Bacteria; p__Gemmatimonadetes; c__Gemmatimonadetes; o__Gemmatimonadales; f__Gemmatimonadaceae; g__Gemmatimonas; s__	1.0
8500ed23ce6a031b6d2ccd8ec973c69d	Unassigned	0.0
da63bac6bd26cdc67153d574b19374db	k__Bacteria; p__Proteobacteria; c__Deltaproteobacteria; o__Desulfovibrionales; f__Desulfovibrionaceae; g__Desulfovibrio; s__	1.0
338d54a9e29973fccc80f35279a6b704	k__Bacteria; p__Cyanobacteria; c__Chloroplast; o__Streptophyta; f__; g__; s__	0.9
b79a94ed6d37d0038fbb0ff51fcc648b	k__Bacteria; p__Verrucomicrobia; c__[Spartobacteria]; o__[Chthoniobacterales]; f__[Chthoniobacteraceae]; g__; s__	1.0
5dc005ba7b7f95c9d562f297075bb27d	k__Bacteria; p__Proteobacteria; c__Alphaproteobacteria; o__Rhodospirillales; f__Acetobacteraceae; g__Acetobacter; s__	0.6
f8f9631b39e670ccfa2936dca631ae8f	k__Bacteria; p__Proteobacteria; c__Gammaproteobacteria; o__Chromatiales; f__; g__; s__	0.6
3beb1d69557126f7896095a10028e34b	k__Bacteria; p__Chlorobi; c__OPB56; o__; f__; g__; s__	1.0
2462e421b8cf4ecac9efbbf7ae493ceb	k__Bacteria; p__Proteobacteria; c__Alphaproteobacteria; o__Rhizobiales; f__Beijerinckiaceae	0.6
fa29ed55345c023411ded7dd2833edce	k__Bacteria; p__Proteobacteria; c__Alphaproteobacteria; o__Rickettsiales; f__Rickettsiaceae; g__Rickettsia; s__	0.7
2c3c501ea250d257c316b8ef32009277	k__Bacteria; p__Chlamydiae; c__Chlamydiia; o__Chlamydiales; f__Parachlamydiaceae	0.8
e3ea862d29400206c69c53447ab9ce66	k__Bacteria; p__Planctomycetes	0.6
0c9c50cb54c8f5f29d8744f4c70c25cc	k__Bacteria; p__Proteobacteria; c__Betaproteobacteria; o__Rhodocyclales; f__Rhodocyclaceae; g__Dechloromonas; s__	0.9
71a8e39561f219d1af7512a47999ce74	k__Bacteria; p__Acidobacteria; c__Solibacteres; o__Solibacterales; f__[Bryobacteraceae]; g__; s__	0.9
d8057ffa1286fb7c6804b82b62321a9c	k__Bacteria; p__Planctomycetes; c__Planctomycetia; o__Gemmatales; f__Gemmataceae; g__Gemmata; s__	1.0
3921a91b1c8d42f8d5d1ba62ea409dd1	k__Bacteria; p__GN02; c__BD1-5; o__; f__; g__; s__	1.0
55bfba58b2089506394ac74f3f9c4a4e	k__Bacteria; p__Proteobacteria; c__Alphaproteobacteria; o__Rhodobacterales; f__Rhodobacteraceae; g__Rhodobacter; s__	0.9
cc2b6aa90f357f20b3a066357e35b211	k__Bacteria; p__Bacteroidetes	0.8
b043b3d9515bdf48c149dc03bbfd040d	k__Bacteria; p__Firmicutes; c__Clostridia; o__Clostridiales; f__Ruminococcaceae; g__Faecalibacterium; s__prausnitzii	0.9
fe3c51386a0e762a5bc228637e988334	k__Bacteria; p__Planctomycetes; c__Planctomycetia; o__Planctomycetales; f__Planctomycetaceae; g__Planctomyces; s__	1.0
e8073862a773586baa1cba860a6fa9f1	k__Bacteria; p__Proteobacteria; c__Gammaproteobacteria; o__Enterobacteriales; f__Enterobacteriaceae	0.7
ca54c9c37666cb71224475f167090725	k__Bacteria; p__Bacteroidetes; c__Sphingobacteriia; o__Sphingobacteriales; f__; g__; s__	0.8
0fe0127ada1b6ad23cc0b7e08ebd1667	k__Bacteria; p__Proteobacteria; c__Alphaproteobacteria; o__Rhizobiales; f__Rhizobiaceae	0.7
130baa0616e44b3fba4e1879b7021cdc	k__Bacteria; p__Spirochaetes; c__[Leptospirae]; o__[Leptospirales]; f__Leptospiraceae; g__Leptospira; s__	1.0
c130b60bdb06089ecdc6f37bff1ddcd6	k__Bacteria; p__Bacteroidetes; c__Bacteroidia; o__Bacteroidales; f__Bacteroidaceae; g__Bacteroides; s__uniformis	0.6
8d1f3fffccc72ad995494f4245e04bf1	k__Bacteria; p__Proteobacteria; c__Alphaproteobacteria; o__BD7-3; f__; g__; s__	1.0
cf1189b2163637cebd8c9e0531a86e0d	k__Bacteria; p__Proteobacteria; c__Deltaproteobacteria; o__Bdellovibrionales; f__Bdellovibrionaceae; g__Bdellovibrio; s__	1.0
85357dfc99adc9a93c67107715838159	k__Bacteria; p__Proteobacteria; c__Gammaproteobacteria; o__Legionellales; f__; g__; s__	1.0
71cf6d06f3788d45ac2dc3bbaada70cc	k__Bacteria; p__Verrucomicrobia; c__Opitutae; o__Opitutales; f__Opitutaceae; g__Opitutus; s__	0.6
75464e51d527e4354cdfd8635df6e0d2	k__Bacteria; p__Proteobacteria; c__Alphaproteobacteria; o__Rhodospirillales; f__Acetobacteraceae; g__Roseomonas; s__	0.8
fef2eb7fe20ffb503606321059ffbd98	k__Bacteria; p__Bacteroidetes; c__Cytophagia; o__Cytophagales; f__Cytophagaceae; g__Flectobacillus; s__	1.0
c1b82e93a4613a6f66475fdbee35bfc4	k__Bacteria; p__Proteobacteria; c__Gammaproteobacteria; o__Methylococcales; f__Methylococcaceae	1.0
8aeb1d776816aed545e69e64be50b0fb	k__Bacteria; p__Proteobacteria; c__Deltaproteobacteria; o__Desulfuromonadales; f__Geobacteraceae; g__Geobacter; s__	0.9
644681b9e58a8b12588c40cd5977aa07	k__Bacteria; p__Planctomycetes; c__Planctomycetia; o__Pirellulales; f__Pirellulaceae; g__; s__	1.0
344bf2f08e423d43f0a662d60b8e8caf	k__Bacteria; p__Planctomycetes; c__Planctomycetia; o__Pirellulales; f__Pirellulaceae; g__; s__	1.0
565801851ae87bf6e1b11cdba0f14a3a	k__Bacteria; p__OD1; c__ZB2; o__; f__; g__; s__	1.0
2f20d7ced6d3c32f1d0140b3dca8d5c0	k__Bacteria; p__Verrucomicrobia; c__Opitutae; o__Opitutales; f__Opitutaceae; g__Opitutus; s__	0.6
fe973d918982324fa0c84b814d710d65	k__Bacteria	1.0
c4a7abbd2a096478a3d910173daa8fa0	k__Bacteria; p__Proteobacteria; c__Betaproteobacteria; o__Rhodocyclales; f__Rhodocyclaceae; g__Dechloromonas; s__	0.9
8ae712f31c7b70118051bd62ec12accd	k__Bacteria; p__Proteobacteria; c__Alphaproteobacteria; o__; f__; g__; s__	1.0
d0f34eebfdf09711bd8f4a669e063885	k__Bacteria; p__Bacteroidetes; c__Flavobacteriia; o__Flavobacteriales; f__[Weeksellaceae]; g__Chryseobacterium; s__	1.0
c12895a7a3ba96949e5403155722a80c	k__Bacteria; p__Actinobacteria; c__Actinobacteria; o__Actinomycetales; f__Microbacteriaceae; g__Leucobacter; s__	0.9
e2ecb70d7bc4a5efea5cb4f63c24ee17	Unassigned	0.0
459972c93eac25eca54662107cf5004b	k__Bacteria; p__Proteobacteria; c__Betaproteobacteria; o__Burkholderiales; f__Comamonadaceae; g__; s__	0.9
9b40a269572b28715b0a60f5ea9a0392	k__Bacteria; p__Elusimicrobia; c__Elusimicrobia	0.6
ab4b1e0411d66a200d61ef61007a609d	k__Bacteria; p__Proteobacteria; c__Betaproteobacteria; o__Burkholderiales; f__; g__; s__	0.6
156f67c8b2fca7641612655add7bd9b5	k__Bacteria; p__Planctomycetes; c__Planctomycetia; o__Pirellulales; f__Pirellulaceae; g__; s__	1.0
eab56ee9bfc936e5a73d4f0ea8ef6c9b	k__Bacteria; p__Bacteroidetes; c__Sphingobacteriia; o__Sphingobacteriales; f__; g__; s__	0.9
72a139140dda259f409ab1e3738d6f4e	k__Bacteria; p__Bacteroidetes; c__Bacteroidia; o__Bacteroidales; f__SB-1; g__; s__	0.8
f3ca34dbb641802ab0ee521f2008aaca	k__Bacteria; p__Proteobacteria; c__Alphaproteobacteria; o__Sphingomonadales; f__Sphingomonadaceae; g__Sphingomonas; s__	0.8
77614f853075b8362bfce6283f4c06bd	k__Bacteria; p__Bacteroidetes; c__[Saprospirae]; o__[Saprospirales]; f__Chitinophagaceae; g__; s__	1.0
be727e8c67f3f262358f6b4890883a61	k__Bacteria; p__Bacteroidetes; c__Sphingobacteriia; o__Sphingobacteriales; f__; g__; s__	1.0
ce0bdabcc20fcddf08f5e74c9550fd6a	k__Bacteria; p__GN02; c__BD1-5; o__; f__; g__; s__	1.0
be620596dbca3cb492503f14bfe21048	k__Bacteria; p__Bacteroidetes; c__[Saprospirae]; o__[Saprospirales]; f__Saprospiraceae; g__Saprospira; s__	0.6
a8a1de0665f7180c1a733c818a4b333d	k__Bacteria; p__OD1; c__ZB2; o__; f__; g__; s__	1.0
5d2404edec2fd1b2bdf1c014836b512e	k__Bacteria; p__Bacteroidetes; c__Cytophagia; o__Cytophagales	0.6
7d8c8f240f17dbee6c54b0eaaf8c0304	k__Bacteria; p__Proteobacteria; c__Betaproteobacteria; o__Burkholderiales	1.0
fadef5e6e7cf07a48122aa7ae7024f5a	k__Bacteria; p__H-178; c__; o__; f__; g__; s__	0.7
ac9efef2a7299ec0e1fec6e8f0eed1d8	k__Bacteria; p__Bacteroidetes; c__Cytophagia; o__Cytophagales; f__Cytophagaceae	0.9
676b95b54cf6c91d092c94aed44798bc	k__Bacteria; p__Verrucomicrobia; c__Opitutae; o__Opitutales; f__Opitutaceae; g__Opitutus; s__	0.7
55e97c031ea35fded9fe1e10eac984ba	k__Bacteria; p__Bacteroidetes; c__Bacteroidia; o__Bacteroidales; f__Bacteroidaceae; g__Bacteroides; s__	0.7
be3973f63edb00f92e530d901721667a	k__Bacteria; p__Proteobacteria; c__Deltaproteobacteria; o__Bdellovibrionales; f__Bacteriovoracaceae; g__; s__	1.0
632f702f8105f0a0cab580ecd105d4bd	k__Bacteria; p__Proteobacteria; c__Alphaproteobacteria; o__Rhizobiales	1.0
456657c6850701b112792f41d9186d6e	k__Bacteria; p__Actinobacteria; c__Actinobacteria; o__Actinomycetales; f__ACK-M1; g__; s__	1.0
04d23f772c752de529a8d14d1739ff38	k__Bacteria; p__Actinobacteria; c__Actinobacteria; o__Actinomycetales; f__Microbacteriaceae; g__; s__	0.6
f289bbb75d2f34b10ef7d29c4fab4f08	k__Bacteria; p__Proteobacteria; c__Deltaproteobacteria; o__Bdellovibrionales; f__Bacteriovoracaceae; g__; s__	0.9
bda1405ee3c72bf2d380391138a4fd49	k__Bacteria; p__Proteobacteria; c__Gammaproteobacteria; o__Oceanospirillales; f__Halomonadaceae; g__Halomonas; s__phosphatis	0.8
3ae98e4d1f4f359892bc8e0de622783b	k__Bacteria; p__Proteobacteria; c__Alphaproteobacteria; o__Rickettsiales; f__Rickettsiaceae; g__; s__	0.7
407598167be1b951554f2a9b21bd630f	k__Bacteria; p__Bacteroidetes; c__Bacteroidia; o__Bacteroidales; f__; g__; s__	1.0
a2b3ef7494cda86f045c118be08840aa	k__Bacteria; p__Proteobacteria; c__Alphaproteobacteria; o__Rickettsiales; f__mitochondria; g__; s__	1.0
c5bd0e011b072bf09689edb1642d5abc	k__Bacteria; p__Elusimicrobia; c__Elusimicrobia; o__IIb; f__; g__; s__	0.8
c181bc0379f2afb7752b0897b0f71bcb	k__Bacteria; p__Bacteroidetes; c__Sphingobacteriia; o__Sphingobacteriales; f__; g__; s__	1.0
3c9066488e7e82977c863f05fc52fcbb	k__Bacteria; p__Planctomycetes; c__Phycisphaerae; o__WD2101; f__; g__; s__	1.0
b9af851981b7f7bb96fb1e74adf95d8d	k__Bacteria; p__Proteobacteria; c__Alphaproteobacteria	1.0
43462fb7bb39956ad664de6b6033cdf8	k__Bacteria; p__Proteobacteria; c__Gammaproteobacteria; o__Legionellales; f__; g__; s__	0.6
8f98a865333116928f4d4261bad880ed	k__Bacteria; p__Acidobacteria; c__DA052; o__Ellin6513; f__; g__; s__	0.5714285714285714
7761f72903c38a5177eefab9c055ca57	k__Bacteria; p__Bacteroidetes; c__Cytophagia; o__Cytophagales; f__Cytophagaceae; g__; s__	1.0
a5c8defe404daad86834a6bfb27cb417	k__Bacteria; p__Bacteroidetes; c__Sphingobacteriia; o__Sphingobacteriales; f__; g__; s__	1.0
43aba33ca7f8578ed645ca4b20c80406	k__Bacteria; p__Firmicutes; c__Bacilli; o__Bacillales; f__[Exiguobacteraceae]; g__Exiguobacterium; s__	1.0
8f80942c897a7dd2445673975f7d6582	k__Bacteria	1.0
2e46073f76e0e6f660ac92a3fe3e1a04	Unassigned	0.0
2cf9476f435a5ee0697331b223eef2b4	k__Bacteria; p__Proteobacteria; c__Gammaproteobacteria; o__Alteromonadales; f__Alteromonadaceae; g__Glaciecola; s__	0.6
df57a888189939f5ebff4da928b2b74d	k__Bacteria; p__Bacteroidetes; c__[Saprospirae]; o__[Saprospirales]; f__Saprospiraceae; g__; s__	0.9
5b89d9df17d43ce90a5ec7bf0fb11433	k__Bacteria; p__Proteobacteria; c__Gammaproteobacteria; o__Xanthomonadales; f__Sinobacteraceae; g__; s__	1.0
71c243758cbad38a74a4e162de54054c	k__Bacteria; p__Proteobacteria; c__Gammaproteobacteria; o__Legionellales	0.7
3c1aba8c9f7201c4bb88d4abb7e05caa	k__Bacteria; p__Firmicutes; c__Clostridia; o__Clostridiales; f__Lachnospiraceae; g__Blautia; s__	0.6
3a668fd6b79a5b2490cadfb0d4833656	k__Bacteria; p__Proteobacteria; c__Deltaproteobacteria; o__Bdellovibrionales; f__Bdellovibrionaceae; g__Bdellovibrio; s__	0.9
53f29288200dbdfc8aca22c93061b0a9	Unassigned	0.0
c1e7f8c7dde894bb5696173a72855962	k__Bacteria; p__Proteobacteria; c__Deltaproteobacteria; o__Myxococcales; f__; g__; s__	0.8
6ad9ae2fc9795013bac51e9f5934a62f	k__Bacteria; p__Actinobacteria; c__Acidimicrobiia; o__Acidimicrobiales; f__Microthrixaceae; g__; s__	1.0
f7541c9fb79c560b714c3ad9a223bc46	k__Bacteria; p__Chlorobi; c__SJA-28; o__; f__; g__; s__	0.9
705566e510cfc92d5e0f6140acf057fa	k__Bacteria; p__OD1; c__ZB2; o__; f__; g__; s__	1.0
26b4754baf31b5aa38ddf9c2fbdc32c7	k__Bacteria; p__Proteobacteria; c__Betaproteobacteria; o__Burkholderiales; f__Comamonadaceae; g__Hydrogenophaga; s__	1.0
54bc2842491503b1ef91238832f55dd2	k__Bacteria; p__Cyanobacteria; c__Chloroplast	1.0
7bf6a336ced3e21e9d8a6055d0a2bbed	k__Bacteria; p__Verrucomicrobia; c__[Pedosphaerae]; o__[Pedosphaerales]; f__; g__; s__	0.7
2167b93cd877e3dd9c5f88c2866e2788	k__Bacteria; p__Cyanobacteria; c__4C0d-2; o__SM1D11; f__; g__; s__	1.0
1b9796e2863cda26ea28bef8f8e44f78	k__Bacteria; p__Bacteroidetes; c__Bacteroidia; o__Bacteroidales; f__; g__; s__	1.0
014c5e9adc624852ee8564ea3204c6d9	k__Bacteria; p__Proteobacteria; c__Alphaproteobacteria; o__Rhizobiales; f__; g__; s__	0.7
398d249a0cd48b2985818afac7f93ea1	k__Bacteria; p__Proteobacteria; c__Betaproteobacteria; o__Rhodocyclales; f__Rhodocyclaceae; g__; s__	0.9
9f990edf4dc0682cdc723df6ce15ea83	k__Bacteria; p__Proteobacteria; c__Deltaproteobacteria; o__Myxococcales	0.6
01f8bb6f401c419db165acafcf190797	k__Bacteria; p__OD1; c__ZB2; o__; f__; g__; s__	1.0
a49492678a1de128b95897a9a6cef4e9	k__Bacteria; p__Proteobacteria; c__Gammaproteobacteria; o__Legionellales; f__Coxiellaceae; g__Aquicella; s__	1.0
16c58ca22b1b952f0e6c9679fecad3b2	k__Bacteria; p__Proteobacteria; c__Alphaproteobacteria; o__Sphingomonadales; f__Sphingomonadaceae	0.7
368df5a41cd015dfbeb92235acb945ce	k__Bacteria; p__Proteobacteria; c__Deltaproteobacteria; o__Bdellovibrionales; f__Bdellovibrionaceae; g__Bdellovibrio; s__	1.0
933d2ffb10674c2777833551569c9c2d	k__Bacteria; p__Proteobacteria; c__Alphaproteobacteria; o__Rickettsiales; f__; g__; s__	0.6
c571c99f9df02410f14e6c8b17bb768b	k__Bacteria; p__Bacteroidetes; c__[Saprospirae]; o__[Saprospirales]; f__Chitinophagaceae; g__; s__	1.0
f98416d6e4f520b8ef0a34948cad4834	k__Bacteria; p__Cyanobacteria; c__Chloroplast; o__Chlorophyta; f__Trebouxiophyceae	0.6
144cd9ddf58a75b962380b543b6f0b43	k__Bacteria; p__Bacteroidetes; c__[Saprospirae]; o__[Saprospirales]	0.7
5bbfff0f74a94d13ce0ee5b5371bb8eb	k__Bacteria; p__GN02; c__GKS2-174; o__; f__; g__; s__	1.0
00b6e7cf25144dc1fe27335651dbd7d0	k__Bacteria; p__Proteobacteria; c__Deltaproteobacteria; o__Myxococcales; f__; g__; s__	1.0
d8920c361c2c79e06ac27f4b41b74cf2	k__Bacteria; p__Planctomycetes; c__Planctomycetia; o__Pirellulales; f__Pirellulaceae; g__; s__	1.0
9facaee68735e30d035a970d4ba5d2c0	k__Bacteria; p__Planctomycetes; c__Planctomycetia; o__Pirellulales; f__Pirellulaceae; g__; s__	1.0
e41bd94ee64d6d70780fba1823ee879e	k__Bacteria; p__Proteobacteria; c__Betaproteobacteria; o__Burkholderiales; f__Oxalobacteraceae; g__Polynucleobacter; s__	0.7
7aeb23197d51ba8af246e15d17960075	k__Bacteria; p__Proteobacteria	0.8
2199cc622e8658358517a980c31ef7f0	k__Bacteria; p__Proteobacteria; c__Gammaproteobacteria; o__Legionellales; f__Coxiellaceae; g__; s__	0.6
bcdea26854451f71b3468c9cc29abc00	k__Bacteria; p__Proteobacteria; c__Alphaproteobacteria	0.9
692055eb0724fde3aee2c8633a53b1b0	k__Bacteria; p__Firmicutes; c__Clostridia; o__Clostridiales; f__Ruminococcaceae; g__; s__	1.0
37dbd5e7c50e5f25469681992efc80be	k__Bacteria; p__Acidobacteria; c__[Chloracidobacteria]; o__RB41; f__Ellin6075; g__; s__	1.0
b78cc091c6bfce1d53d5059c6290c235	k__Bacteria; p__Proteobacteria; c__Gammaproteobacteria; o__Xanthomonadales; f__Xanthomonadaceae; g__; s__	1.0
fab046b2d824cff93ab8f6cc3fff6648	k__Bacteria; p__Proteobacteria; c__Deltaproteobacteria; o__Myxococcales; f__; g__; s__	1.0
2f0a9a1eee4a825ec61305191669ff1d	k__Bacteria; p__Bacteroidetes; c__[Saprospirae]; o__[Saprospirales]; f__Chitinophagaceae; g__; s__	1.0
f06f9eeb4c66fa9536b3cbbd9b657805	k__Bacteria; p__OD1; c__ABY1; o__; f__; g__; s__	1.0
80dad240a4538468ad2e87cfb63cc8da	k__Bacteria; p__Chloroflexi; c__Anaerolineae; o__SBR1031; f__A4b; g__; s__	1.0
60771a821ecee8085ba3a205281855b6	k__Bacteria; p__Proteobacteria; c__Deltaproteobacteria; o__Myxococcales; f__Nannocystaceae; g__Plesiocystis; s__	1.0
a914f71fc0c5221cb49596d796d7c17a	k__Bacteria; p__Bacteroidetes; c__Bacteroidia; o__Bacteroidales; f__SB-1; g__; s__	0.8
79c36b5e7617be713c9657951baa388f	k__Bacteria; p__Fibrobacteres; c__Fibrobacteria; o__Ucp1540; f__; g__; s__	0.6
7ba6fc90422ce9ce6aeaf0287b39b041	Unassigned	0.0
ad6aa1706eebab9e82ba66ebcd2bc675	k__Bacteria; p__Cyanobacteria; c__Chloroplast; o__Streptophyta; f__; g__; s__	1.0
287040b4d80cc96e91720e6f515eae8f	k__Bacteria; p__Proteobacteria; c__Gammaproteobacteria; o__Legionellales; f__Coxiellaceae; g__; s__	0.9
81b229a8250eb303c1a0181ff0e3fbc9	k__Bacteria; p__Proteobacteria; c__Gammaproteobacteria; o__Oceanospirillales; f__Halomonadaceae; g__Candidatus Portiera; s__	0.9
cc1f3732d5ef2c47ffe39e94073deba3	k__Bacteria; p__Gemmatimonadetes; c__Gemmatimonadetes; o__Gemmatimonadales; f__Gemmatimonadaceae; g__Gemmatimonas; s__	0.9
47a3bb6a6f9ac32fa55fd74bb8f23a83	k__Bacteria; p__Cyanobacteria; c__Oscillatoriophycideae; o__Oscillatoriales; f__Phormidiaceae	0.6
8dd388d90f158bf42117f4eb8be6460c	k__Bacteria; p__Bacteroidetes; c__Flavobacteriia; o__Flavobacteriales; f__Cryomorphaceae; g__; s__	0.9
0dab6483c5c31e331d18b3a74d188b02	k__Bacteria; p__Proteobacteria; c__Deltaproteobacteria; o__Bdellovibrionales; f__Bacteriovoracaceae; g__; s__	0.7
7ee680043824c823b26bd8367e65b216	k__Bacteria; p__Bacteroidetes; c__Sphingobacteriia; o__Sphingobacteriales; f__; g__; s__	0.8
908e9f834358b130aec58c327ed77fe0	k__Bacteria; p__Firmicutes; c__Clostridia; o__Clostridiales; f__Clostridiaceae; g__; s__	0.8
20a44e15ab2d93eac71f2f3a15572341	k__Bacteria; p__Cyanobacteria; c__Chloroplast; o__Streptophyta; f__; g__; s__	0.8
7288950674f1d0622f0053a9e0d91d87	k__Bacteria; p__Bacteroidetes; c__Bacteroidia; o__Bacteroidales; f__; g__; s__	1.0
7b8c435484a08359de00da5e805ba06b	k__Bacteria; p__Acidobacteria; c__Solibacteres; o__Solibacterales	1.0
97d748f9f4df397df43dc0fc1c6d1e8c	k__Bacteria; p__Bacteroidetes; c__Bacteroidia; o__Bacteroidales; f__[Paraprevotellaceae]; g__[Prevotella]; s__	0.9
a15f1044cdf92c6669ea3f5c54137867	k__Bacteria; p__Proteobacteria; c__Betaproteobacteria; o__Procabacteriales; f__Procabacteriaceae; g__; s__	1.0
9779d32ed5f4eca95c5300f9661980ad	k__Bacteria; p__Proteobacteria; c__Deltaproteobacteria; o__Syntrophobacterales; f__Syntrophobacteraceae; g__Syntrophobacter; s__	1.0
d236653297224cb0b79a08df6de4b55f	k__Bacteria; p__Proteobacteria; c__Alphaproteobacteria; o__Rickettsiales; f__mitochondria; g__Phytophthora	0.6
3c113adf103ab6592962a4a1e57a958f	k__Bacteria; p__Proteobacteria; c__Betaproteobacteria; o__Ellin6067; f__; g__; s__	1.0
310bf000ee56bae9c32e02e1512d3ce6	k__Bacteria; p__Bacteroidetes; c__[Saprospirae]; o__[Saprospirales]; f__Chitinophagaceae; g__; s__	1.0
e4e6f88f99b1b1a380922bebd72bda9a	k__Bacteria; p__Cyanobacteria; c__Synechococcophycideae; o__Synechococcales; f__Synechococcaceae; g__Synechococcus; s__	1.0
9c0566bf65c242a964ce7f2f771ba031	k__Bacteria; p__Planctomycetes; c__Planctomycetia; o__Gemmatales; f__Gemmataceae; g__Gemmata; s__	0.7
f6d263027cb11084e2fe958f16f2bc42	k__Bacteria; p__Cyanobacteria; c__Chloroplast; o__Streptophyta; f__; g__; s__	1.0
d624c726170be08a48f98aa03d439c86	k__Bacteria; p__Proteobacteria; c__Betaproteobacteria; o__Neisseriales; f__Neisseriaceae; g__Aquitalea	0.6
00d230fe1643ae83d6e4a3e420709cc7	k__Bacteria; p__OD1; c__; o__; f__; g__; s__	1.0
76738f25d10c28bae96ae58b1bc04c0f	k__Bacteria; p__Bacteroidetes; c__[Saprospirae]; o__[Saprospirales]; f__Chitinophagaceae; g__; s__	0.8
1b3af4699c5f2f126c5934f19199b779	k__Bacteria; p__Bacteroidetes; c__Flavobacteriia; o__Flavobacteriales; f__Cryomorphaceae; g__Fluviicola; s__	1.0
64739de9e8de2564db45261f3dba756d	k__Bacteria; p__Chloroflexi; c__Chloroflexi; o__[Roseiflexales]; f__; g__; s__	0.9
15fb78b87bf2f1560ca8c8f93ae2eb8d	k__Bacteria; p__Bacteroidetes; c__[Saprospirae]; o__[Saprospirales]; f__Saprospiraceae; g__; s__	1.0
09e9e6ac29a481bccd1604cb43c07082	k__Bacteria; p__Bacteroidetes; c__[Saprospirae]; o__[Saprospirales]; f__Chitinophagaceae; g__; s__	1.0
e5a3122626df99e29df699ecbe4cfd20	k__Bacteria; p__GN02; c__BD1-5; o__; f__; g__; s__	0.7
45c9ebc3356e057bca17ec8beba1fa2f	k__Bacteria; p__Verrucomicrobia; c__Opitutae; o__Opitutales; f__Opitutaceae; g__; s__	0.9
e5b0be61212bd200c3a3ed2e04e78252	k__Bacteria; p__WPS-2; c__; o__; f__; g__; s__	1.0
40c31a1affa27a7f295261be86363fea	k__Bacteria; p__OD1; c__; o__; f__; g__; s__	1.0
0d6ecfd5a1b5b6ddfec3e082e9c7958e	k__Bacteria; p__Verrucomicrobia; c__[Pedosphaerae]; o__[Pedosphaerales]; f__Ellin515; g__; s__	0.6
83d75368a409889cfc3580c7a533a4ed	k__Bacteria; p__GN02; c__BD1-5; o__; f__; g__; s__	0.6
b05adbd13818a8732bca9ada902fe5d9	k__Bacteria; p__Proteobacteria; c__Alphaproteobacteria; o__Caulobacterales; f__Caulobacteraceae; g__Caulobacter	0.6
c958c3d56143715bd05f595b17c77093	k__Bacteria; p__Proteobacteria; c__Deltaproteobacteria; o__Myxococcales; f__; g__; s__	1.0
d3fca9cc1210c0d8be82a17be7fb37e2	k__Bacteria; p__Proteobacteria; c__Betaproteobacteria; o__Burkholderiales; f__Comamonadaceae; g__Hydrogenophaga; s__	0.9
d766216308063e6a0bdb49e80852db2c	k__Bacteria; p__Proteobacteria; c__Alphaproteobacteria; o__Rhodobacterales; f__Rhodobacteraceae; g__Rhodobacter; s__	0.8
5d63f3b15687c92693172ff840404a4b	k__Bacteria; p__Proteobacteria; c__Alphaproteobacteria; o__; f__; g__; s__	1.0
e059f4c6a1f815a16d06035591d005cd	k__Bacteria; p__Proteobacteria; c__Alphaproteobacteria; o__Rhizobiales; f__Rhizobiaceae	0.8
15757f78afc519f8fcadcb04b0f0b540	k__Bacteria; p__Firmicutes; c__Clostridia; o__Clostridiales; f__; g__; s__	1.0
95cf9f2fce892de54d35a305543b6c53	k__Bacteria; p__Chlamydiae; c__Chlamydiia; o__Chlamydiales; f__Rhabdochlamydiaceae; g__Candidatus Rhabdochlamydia; s__	0.6
11a59d65a1bb9a67debf6b251a460527	k__Bacteria; p__Proteobacteria; c__TA18; o__CV90; f__; g__; s__	0.7
05c5f6ad1e32729787541b12a6df85b4	k__Bacteria; p__Proteobacteria; c__Deltaproteobacteria; o__Syntrophobacterales; f__Syntrophorhabdaceae; g__; s__	1.0
8341dc0711d341a2629c41aed28136a7	k__Bacteria; p__Elusimicrobia; c__Elusimicrobia; o__IIb; f__; g__; s__	1.0
1ad2be10105f150237c731647ba4a3a7	k__Bacteria; p__Proteobacteria; c__Gammaproteobacteria; o__Legionellales; f__Legionellaceae	0.8
f91ece14f52dd5ed4c397621168ad002	k__Bacteria; p__Actinobacteria; c__Actinobacteria; o__Actinomycetales; f__Microbacteriaceae	0.6
95220be65c0c39de6b21d6ea5f22bdd0	k__Bacteria; p__Proteobacteria; c__Gammaproteobacteria; o__Methylococcales; f__Methylococcaceae; g__Methylocaldum; s__	0.8
31f8fd228cecc2c0ca09cffd13d83cee	k__Bacteria; p__Bacteroidetes; c__[Saprospirae]; o__[Saprospirales]; f__Saprospiraceae; g__Haliscomenobacter; s__	0.7
15113aeb37251afc8608e791465ce0a3	k__Bacteria; p__Fusobacteria; c__Fusobacteriia; o__Fusobacteriales; f__Leptotrichiaceae	1.0
aea861df81aa82551b738c51596c2209	k__Bacteria; p__Proteobacteria; c__Gammaproteobacteria; o__Xanthomonadales; f__Xanthomonadaceae; g__; s__	1.0
5eb84e179a70a6a956edeea8434b1891	k__Bacteria; p__Proteobacteria; c__Alphaproteobacteria; o__Rhizobiales	1.0
774b0e132ac154978591886796abc24a	k__Bacteria; p__Proteobacteria; c__Betaproteobacteria	1.0
99bb7ab32b6ea3cab6872a5aa682d77e	k__Bacteria; p__Proteobacteria; c__Alphaproteobacteria	0.6
65ca8e589eee371c6c8d2dda398227f5	k__Bacteria; p__Proteobacteria; c__Alphaproteobacteria; o__Rhodobacterales; f__Rhodobacteraceae; g__Rhodobacter; s__	0.9
59d953c6b172cbc55e63ba3dd6ba8e0e	k__Bacteria; p__Acidobacteria; c__Solibacteres; o__Solibacterales; f__[Bryobacteraceae]; g__; s__	1.0
468689b402c0c528241b69111178ce2e	k__Bacteria; p__Bacteroidetes; c__[Saprospirae]; o__[Saprospirales]; f__Chitinophagaceae; g__; s__	0.8
379aa56acd207b043a74095baf5e1ac7	k__Bacteria; p__Proteobacteria; c__Deltaproteobacteria; o__; f__; g__; s__	0.6
eef25a8e14e3136bb235b8e05e0e7cdb	k__Bacteria; p__Verrucomicrobia; c__Verrucomicrobiae; o__Verrucomicrobiales; f__Verrucomicrobiaceae; g__; s__	1.0
a80a81f44d974da29820e9713a110470	k__Bacteria; p__Gemmatimonadetes; c__Gemmatimonadetes; o__Gemmatimonadales; f__A1-B1; g__; s__	0.8
ff55728f2ba178050e5f09f36342286f	k__Bacteria; p__Proteobacteria; c__Deltaproteobacteria; o__Desulfobacterales; f__Desulfobulbaceae; g__Desulfobulbus; s__	1.0
686be1dd137d840eb815df788be2f0f8	k__Bacteria; p__Firmicutes; c__Clostridia; o__Clostridiales; f__Lachnospiraceae; g__Coprococcus; s__	0.9
b4d76a3179d8d42d5afc817c075a6603	k__Bacteria; p__Proteobacteria; c__Alphaproteobacteria; o__; f__; g__; s__	1.0
58f7416e47dcd26776ee84b4b99b9c67	k__Bacteria; p__OD1; c__ZB2; o__; f__; g__; s__	1.0
09a4b25d7020d5610236c263a7b21e33	k__Bacteria; p__Proteobacteria; c__Alphaproteobacteria; o__Sphingomonadales; f__Sphingomonadaceae; g__Sphingomonas; s__	0.8
4b8f8091badf8f880f0c66db7db4aa96	k__Bacteria; p__Proteobacteria; c__Alphaproteobacteria; o__BD7-3; f__; g__; s__	1.0
592502855856412c3e22acb2f6e22a01	k__Bacteria; p__Cyanobacteria; c__Chloroplast; o__Stramenopiles; f__; g__; s__	1.0
d911a44b3910f88bc256e90fca2dc03a	k__Bacteria; p__Bacteroidetes; c__[Saprospirae]; o__[Saprospirales]; f__Chitinophagaceae; g__; s__	0.8
c1c111bfb9119c400c3af1a9bbf181e5	k__Bacteria; p__Planctomycetes; c__Planctomycetia; o__Gemmatales; f__Gemmataceae; g__Gemmata; s__	0.6
ede5ce7840a3186549d8b668d4843be0	k__Bacteria; p__Proteobacteria; c__Alphaproteobacteria; o__Rhizobiales; f__; g__; s__	1.0
141231c1d79260b7905c534bd930aae5	k__Bacteria; p__Proteobacteria; c__Gammaproteobacteria; o__Pseudomonadales; f__Moraxellaceae; g__Perlucidibaca; s__	1.0
8f123ce885459bbf87ca8d107aeb48d4	k__Bacteria; p__Proteobacteria; c__Deltaproteobacteria; o__Desulfobacterales; f__Desulfobacteraceae; g__Desulfococcus; s__	1.0
0c646a7132a8b2d2d197ac39bfe9b260	k__Bacteria; p__Bacteroidetes; c__Bacteroidia; o__Bacteroidales; f__; g__; s__	0.9
f2738ee7eab1cf81d2cbff8cd478f1f1	k__Bacteria; p__Firmicutes; c__Bacilli	0.9
05f75347ec8029fa5ee1a7e1c2554591	k__Bacteria; p__Bacteroidetes; c__VC2_1_Bac22; o__; f__; g__; s__	0.6
8cc9c41ba48e52ed4f0e15556bbdcc8c	k__Bacteria; p__Proteobacteria; c__Betaproteobacteria; o__Burkholderiales; f__Oxalobacteraceae; g__Polynucleobacter; s__	0.7
93a14522699b15d249578e114f72ae5a	k__Bacteria; p__Proteobacteria; c__Alphaproteobacteria; o__Rhodobacterales; f__Rhodobacteraceae; g__; s__	0.8
3d1ae8034bb5d7794493ed1d61ea45b8	k__Bacteria; p__Proteobacteria; c__Alphaproteobacteria; o__Rhizobiales; f__; g__; s__	1.0
6f61adafdc09468f3ea62f36e0ed06e7	k__Bacteria; p__Proteobacteria; c__Betaproteobacteria; o__Procabacteriales; f__Procabacteriaceae; g__; s__	0.9
db6051227da8dc0a8ffca7df2edb04e7	k__Bacteria; p__Firmicutes; c__Clostridia; o__Clostridiales	0.6
3fb28ec59f106b48b002964653f1ee02	k__Bacteria; p__Actinobacteria; c__Thermoleophilia; o__Gaiellales; f__Gaiellaceae; g__; s__	0.9
81c159be546b07edd7ed0adc416ee8ed	Unassigned	0.0
cb54aedfd7dba1d28bd39164b849071d	k__Bacteria; p__Spirochaetes; c__[Leptospirae]; o__[Leptospirales]; f__Leptospiraceae; g__Leptospira; s__	1.0
2257f36a0fdb3d28b6c1940ee34199c5	k__Bacteria; p__Proteobacteria; c__Betaproteobacteria; o__Burkholderiales; f__Comamonadaceae	1.0
2379feeda9e0cc60ebcc17ae354eba15	k__Bacteria; p__Firmicutes; c__Clostridia; o__Clostridiales; f__Clostridiaceae; g__Caloramator; s__	0.7
8343f6b11de450ea55ff0ee976d0f8e3	k__Bacteria; p__Verrucomicrobia; c__Verrucomicrobiae; o__Verrucomicrobiales; f__Verrucomicrobiaceae; g__Luteolibacter; s__	1.0
02dc272143646f788dd7e67bbc29cd7f	k__Bacteria; p__Proteobacteria; c__Betaproteobacteria; o__Burkholderiales; f__Alcaligenaceae; g__; s__	1.0
33130c868b7384e0cda507950bf2f0ba	k__Bacteria; p__Cyanobacteria; c__Synechococcophycideae; o__Synechococcales; f__Synechococcaceae; g__Synechococcus; s__	1.0
ef94d689fc2418639843016f4d83aa65	k__Bacteria; p__Proteobacteria; c__Deltaproteobacteria; o__Myxococcales; f__Polyangiaceae; g__; s__	0.6
31a5d8a6f5bdcf7659fabfbf8fec8b78	k__Bacteria; p__Cyanobacteria; c__Synechococcophycideae; o__Synechococcales; f__Synechococcaceae; g__Synechococcus; s__	1.0
a5080a4a175b92d09f5af2ae6316f720	k__Bacteria; p__Bacteroidetes; c__Cytophagia; o__Cytophagales; f__Cytophagaceae; g__; s__	1.0
a4d8313c3a38cc755a24200178f810c4	k__Bacteria; p__Proteobacteria; c__Betaproteobacteria; o__Burkholderiales; f__Comamonadaceae	1.0
7a6f5e43c4f28db5a4d858e4d88d84da	k__Bacteria; p__Firmicutes; c__Clostridia; o__Clostridiales; f__Syntrophomonadaceae; g__Syntrophomonas; s__	1.0
1170568b778e587fe57ba3e8ae494704	k__Bacteria; p__Planctomycetes; c__Planctomycetia; o__Pirellulales; f__Pirellulaceae; g__; s__	0.9
a1a0f4119df9bb37950b3ff1cdc6640a	k__Bacteria; p__Actinobacteria; c__Acidimicrobiia; o__Acidimicrobiales; f__C111; g__; s__	1.0
76ba2a408c2d8d9be0eae4f894ab269e	k__Bacteria; p__TM6; c__SJA-4; o__; f__; g__; s__	0.8
d168a49a29df60f632e7f6374fb3625e	k__Bacteria; p__Proteobacteria; c__Gammaproteobacteria; o__Chromatiales; f__; g__; s__	1.0
4ddf17e6d8789db911e07917ed7dcf2e	k__Bacteria; p__Proteobacteria; c__Alphaproteobacteria; o__Rhizobiales	0.9
bb1003f1fcde853cb5a124c8c8b3f802	k__Bacteria; p__TM6; c__SJA-4	1.0
23f381a289e591eb0e74646fe575407a	k__Bacteria; p__Actinobacteria; c__Acidimicrobiia; o__Acidimicrobiales; f__; g__; s__	0.9
57122ea225731f773e8a5ee695d60072	k__Bacteria; p__Proteobacteria; c__Gammaproteobacteria	0.6
cba895b8afef113c8f11c27876b43130	k__Bacteria; p__Proteobacteria; c__Gammaproteobacteria; o__Methylococcales; f__Methylococcaceae	1.0
4688c455338840ce5b6b95c75e75a25b	k__Bacteria; p__Proteobacteria; c__Deltaproteobacteria; o__Bdellovibrionales; f__Bacteriovoracaceae; g__; s__	1.0
a3793a3f008c3d2f3632deb51ffbe107	k__Bacteria; p__Bacteroidetes; c__Flavobacteriia; o__Flavobacteriales; f__Cryomorphaceae; g__; s__	1.0
68204884c40272a7fb85a106317d8926	k__Bacteria; p__Bacteroidetes; c__[Saprospirae]; o__[Saprospirales]; f__Chitinophagaceae; g__; s__	1.0
5539b55612b2e3486ca7b2314fc13690	k__Bacteria; p__Proteobacteria; c__Gammaproteobacteria; o__Pseudomonadales; f__Moraxellaceae; g__; s__	0.7
c38ac5a230ec04e4331037fbf702ec8e	k__Bacteria; p__Firmicutes; c__Erysipelotrichi; o__Erysipelotrichales; f__Erysipelotrichaceae; g__; s__	0.8
612fb284b0fc02650a292ecda9adba78	k__Bacteria; p__Bacteroidetes; c__Bacteroidia; o__Bacteroidales; f__; g__; s__	1.0
ff6bf761cfd4b775c1ef01ee3abb4456	k__Bacteria; p__Proteobacteria; c__Betaproteobacteria; o__Rhodocyclales; f__Rhodocyclaceae; g__Propionivibrio; s__	0.8
cfb825f0a06f0da94f31bdb5b638fe59	k__Bacteria; p__Cyanobacteria; c__Chloroplast; o__Stramenopiles; f__; g__; s__	1.0
50ceb1b0c24cde2b32084404413817a6	k__Bacteria; p__Proteobacteria; c__Gammaproteobacteria; o__Alteromonadales; f__[Chromatiaceae]; g__Rheinheimera; s__	1.0
2858be15984db4bf29be2bd61d57118b	k__Bacteria; p__Proteobacteria; c__Alphaproteobacteria; o__Sphingomonadales; f__Sphingomonadaceae; g__; s__	0.9
1a17f7875dd6dc5cc286260147c22361	k__Bacteria; p__Proteobacteria; c__Alphaproteobacteria; o__Rickettsiales; f__Rickettsiaceae; g__Rickettsia; s__	0.6
76a184b907ad2bfafc40b9bd7178aeb8	k__Bacteria; p__Actinobacteria; c__Actinobacteria; o__Actinomycetales	1.0
bb389cfd0dd280865cbfed61977616d1	k__Bacteria; p__Proteobacteria; c__Deltaproteobacteria; o__Myxococcales; f__; g__; s__	1.0
d9e16884333e2a7713af5b66c0a07e06	k__Archaea; p__Euryarchaeota; c__Methanobacteria; o__Methanobacteriales; f__Methanobacteriaceae; g__Methanobacterium; s__	0.6
a976814878089ed45625eddd05d26e88	k__Bacteria; p__Proteobacteria; c__Deltaproteobacteria; o__Desulfovibrionales; f__Desulfovibrionaceae; g__Desulfovibrio; s__putealis	0.9
56ec5fdd869b4a8ccb61df63c5297572	k__Bacteria; p__Proteobacteria; c__Betaproteobacteria; o__Hydrogenophilales; f__Hydrogenophilaceae; g__Thiobacillus; s__	1.0
050bed589c892d61010e7ea3c1cbca3c	k__Bacteria; p__Proteobacteria; c__Betaproteobacteria; o__Rhodocyclales; f__Rhodocyclaceae; g__Dechloromonas; s__	0.9
00c43514dafddddbf8da3877e3caebe7	k__Bacteria; p__Cyanobacteria; c__Chloroplast; o__Streptophyta; f__; g__; s__	1.0
088b38ac0f30ecaba308b02212a9fad4	k__Bacteria; p__Proteobacteria; c__Alphaproteobacteria; o__; f__; g__; s__	1.0
a9a08f384715cd6cd427c77fe906932e	k__Bacteria; p__Proteobacteria; c__Alphaproteobacteria; o__Rhizobiales; f__; g__; s__	1.0
7e1274094230361ce631c0e4273c48db	k__Bacteria; p__Bacteroidetes; c__Flavobacteriia; o__Flavobacteriales; f__Flavobacteriaceae	1.0
f0599ed09c7398f9f5f7b1b93dca87b1	k__Bacteria; p__Bacteroidetes; c__Flavobacteriia; o__Flavobacteriales; f__Cryomorphaceae; g__Fluviicola; s__	1.0
12df199b6e9a6d28dc0d93ad13e082ae	k__Bacteria; p__Proteobacteria; c__Alphaproteobacteria	1.0
7d17ede9e879cd8f2f9b1df7da5dd6fb	k__Bacteria; p__Proteobacteria; c__Alphaproteobacteria; o__; f__; g__; s__	0.6
dfac9b35bf99baed0dafe143ef6811f4	k__Bacteria; p__Proteobacteria; c__Gammaproteobacteria	1.0
56e096d60d52af7584d1f2d06c6d0d56	k__Bacteria; p__Proteobacteria; c__Gammaproteobacteria; o__Aeromonadales; f__Aeromonadaceae; g__; s__	0.9
5b2c84a8eaac269769e8a707c8f1f6ba	k__Bacteria; p__Bacteroidetes; c__Sphingobacteriia; o__Sphingobacteriales; f__; g__; s__	0.7
e3f7ccec0dfcc8a0fe483c35d1a410ff	k__Bacteria; p__Chloroflexi; c__Thermomicrobia; o__JG30-KF-CM45; f__; g__; s__	1.0
6dbca898527c739c9a44170d2ec8026d	k__Bacteria; p__Proteobacteria; c__Gammaproteobacteria	1.0
b54a9549241dcd1dd1c905526bfdf45d	k__Bacteria; p__Proteobacteria; c__Gammaproteobacteria; o__Pseudomonadales; f__Pseudomonadaceae; g__Pseudomonas; s__	0.6
0fc2343c9925d78bce4fa0ec797119ff	k__Bacteria; p__Proteobacteria; c__Alphaproteobacteria; o__Rickettsiales; f__; g__; s__	1.0
05b53770ff11e0342372f830f44b451c	k__Bacteria; p__Proteobacteria; c__Gammaproteobacteria; o__Legionellales; f__Legionellaceae	1.0
d4b6c01a7ec43cab0db80a38af376dfd	k__Bacteria; p__Proteobacteria; c__Betaproteobacteria; o__Burkholderiales; f__Oxalobacteraceae; g__Janthinobacterium; s__	1.0
b42f1091b1b8cad1fc49d51f1e3ca1ed	k__Bacteria; p__Proteobacteria; c__Alphaproteobacteria; o__Rhodospirillales; f__Rhodospirillaceae; g__; s__	0.7
dcaaa552a88eff5bbc15a8c1aeb6e4fc	k__Bacteria; p__Actinobacteria; c__Acidimicrobiia; o__Acidimicrobiales; f__C111; g__; s__	1.0
7b0b799b3b3c6e493c53ee40c6544e76	k__Bacteria; p__Firmicutes; c__Bacilli; o__Bacillales; f__Paenibacillaceae; g__Paenibacillus; s__	1.0
7a1d968c941f48efaaf37acef1ee748c	k__Bacteria; p__Proteobacteria; c__Alphaproteobacteria; o__Sphingomonadales; f__Erythrobacteraceae; g__; s__	0.7
7e04d98fa1fba8d03856647325b12f1d	k__Bacteria; p__Proteobacteria; c__Alphaproteobacteria; o__Rhodobacterales; f__Rhodobacteraceae; g__; s__	0.7
a5d6999c0f71c5f3f87f6f4ef93e1f94	k__Bacteria; p__Bacteroidetes; c__[Saprospirae]; o__[Saprospirales]; f__Saprospiraceae; g__; s__	1.0
edc5f3cd35bd8b5061997dd76cbb7117	k__Bacteria	1.0
767358429a59486506e606481b4cebae	k__Bacteria; p__Proteobacteria	0.8333333333333334
2150d6ad21b50ddd7b77c233f6af4a88	k__Bacteria; p__Proteobacteria; c__Gammaproteobacteria; o__Aeromonadales; f__Aeromonadaceae; g__Tolumonas; s__	0.7
ab2889294bdfc4f6f13227839766171e	k__Bacteria; p__Proteobacteria; c__TA18; o__PHOS-HD29; f__; g__; s__	0.9
54825c2c974771363382814aaa5bde6f	k__Bacteria	1.0
a74b847c348bc2bd9d9a7e56ac0b85cb	k__Bacteria; p__OP3; c__BD4-9; o__; f__; g__; s__	1.0
d3595d2dba8f7a22a787e57dacfe2a84	k__Bacteria; p__Proteobacteria; c__Alphaproteobacteria; o__BD7-3; f__; g__; s__	1.0
7f1ee42f9c711c58db615a563dde717f	k__Bacteria; p__Proteobacteria; c__Gammaproteobacteria; o__Xanthomonadales; f__Xanthomonadaceae; g__; s__	0.6
512eac51b60c1ea5f53ec6e82eda9fb4	k__Bacteria; p__Proteobacteria; c__Alphaproteobacteria; o__Rhodobacterales; f__Rhodobacteraceae; g__; s__	0.6
12ef4fc4b93a78845f7793781e715f85	k__Bacteria; p__Bacteroidetes	1.0
798681da3416af0684b38957b4611d9d	k__Bacteria; p__Proteobacteria; c__Gammaproteobacteria; o__HTCC2188; f__HTCC2089; g__; s__	1.0
2afadd471353a156f07603411d80717d	k__Bacteria; p__Proteobacteria; c__Betaproteobacteria; o__Burkholderiales; f__Comamonadaceae	1.0
e8d5399ab71835a2b86618778689e114	k__Bacteria; p__Planctomycetes; c__Planctomycetia; o__Pirellulales; f__Pirellulaceae; g__; s__	1.0
aaabc3218e9c06f0c74a37b9f0fee28d	k__Bacteria; p__Gemmatimonadetes; c__Gemmatimonadetes; o__Gemmatimonadales; f__Gemmatimonadaceae; g__Gemmatimonas; s__	1.0
274390d5272f9f9b3a6eab836bee5740	k__Bacteria; p__Proteobacteria; c__TA18; o__PHOS-HD29; f__; g__; s__	0.8
42f33955a2e5971d5125b29c1df40e3d	k__Bacteria; p__Verrucomicrobia; c__Opitutae; o__Opitutales; f__Opitutaceae; g__; s__	1.0
64eefdd128f9c0f52f5659d2778f59c5	k__Bacteria; p__Chloroflexi; c__Anaerolineae; o__Caldilineales; f__Caldilineaceae; g__; s__	0.6
83154da4c339c287b20f6bbcf88f0d73	k__Bacteria; p__Bacteroidetes; c__[Saprospirae]; o__[Saprospirales]; f__Saprospiraceae; g__; s__	1.0
bd8a676eb926c6c1ecee4f3eb475ad5a	k__Bacteria; p__Bacteroidetes	1.0
13444f303f81d50a599a15422b30f201	Unassigned	0.0
3d0d3bb75ab5409ee216e921cbcf89ae	k__Bacteria; p__Proteobacteria; c__Alphaproteobacteria; o__Rickettsiales; f__mitochondria	1.0
0b4ce4520f90a4a1fbb426c5d72e8dd8	k__Bacteria; p__Proteobacteria; c__Deltaproteobacteria; o__NKB15; f__; g__; s__	1.0
22cef1dfffc35dad7761f2854e1a56eb	k__Archaea; p__[Parvarchaeota]; c__[Parvarchaea]; o__WCHD3-30; f__; g__; s__	1.0
552822971b3b07238d49a5f0ab5453d1	k__Bacteria; p__Proteobacteria; c__Betaproteobacteria; o__Burkholderiales; f__Comamonadaceae	1.0
e1f3454470b7dc259c19d8de7777879b	k__Bacteria; p__Actinobacteria; c__Thermoleophilia; o__Gaiellales; f__AK1AB1_02E; g__; s__	1.0
c1d0758c89e0b81f66222a7887a6b8ed	k__Bacteria; p__GN02; c__BD1-5; o__; f__; g__; s__	1.0
70398bb1f2e9e9a13c6c5aa6dd388187	k__Bacteria; p__Proteobacteria; c__Alphaproteobacteria; o__; f__; g__; s__	1.0
8e210e80cb9e4be72e12e447a605b18f	k__Bacteria; p__Bacteroidetes; c__Flavobacteriia; o__Flavobacteriales; f__Flavobacteriaceae; g__Flavobacterium; s__	1.0
e7335f9bc80948c82f468bc6b086ec17	k__Bacteria; p__Proteobacteria; c__Deltaproteobacteria; o__Myxococcales; f__; g__; s__	1.0
8d352f4afc8bc61c4e1061d2bf33a3f3	k__Bacteria; p__Bacteroidetes; c__[Saprospirae]; o__[Saprospirales]; f__Chitinophagaceae; g__; s__	0.7
e26847357786a030298bc5465422d114	k__Bacteria; p__Firmicutes; c__Clostridia; o__Clostridiales; f__Lachnospiraceae; g__; s__	1.0
261916244ba1ac947fa54c7ed8c2a962	k__Bacteria; p__Proteobacteria; c__Alphaproteobacteria; o__Rickettsiales; f__Rickettsiaceae; g__; s__	1.0
080dcc1e87ea30df121fac03441985cc	k__Archaea; p__Euryarchaeota; c__Methanomicrobia; o__Methanomicrobiales; f__Methanospirillaceae; g__Methanospirillum; s__	1.0
53c6bbb26fa00240f9b71a11d73f5a84	k__Bacteria; p__Chloroflexi; c__Anaerolineae; o__Caldilineales; f__Caldilineaceae; g__; s__	1.0
a23998362ad73b155d6cfbec914a25d4	k__Bacteria; p__Cyanobacteria; c__Chloroplast; o__Streptophyta; f__; g__; s__	1.0
04fd206b2b5aa0993938dc6ec7928c2c	k__Bacteria; p__Proteobacteria; c__Deltaproteobacteria; o__NKB15; f__; g__; s__	1.0
da846c97df9c68a0c0f7cc69971a7481	Unassigned	0.0
8d896f8332b3c0d9cc22ac14d22e3dfd	k__Bacteria; p__Actinobacteria; c__Thermoleophilia; o__Solirubrobacterales; f__; g__; s__	1.0
5c80b19c72ff998e3d5e1db3def18fb6	k__Bacteria; p__Verrucomicrobia; c__Opitutae; o__Opitutales; f__Opitutaceae; g__Opitutus; s__	0.6
d7a20e0abcfa33a06a431dfd54c7462a	k__Bacteria; p__Proteobacteria; c__Alphaproteobacteria; o__Rhizobiales; f__; g__; s__	1.0
4ed0d7f3dd2a978ebab3dd296f401ecd	k__Bacteria; p__Proteobacteria; c__Gammaproteobacteria	0.7
592d2720a42503a3b8a42ebb2a85e2f4	k__Bacteria; p__Proteobacteria; c__Deltaproteobacteria; o__Myxococcales; f__; g__; s__	1.0
ebea80ef83a9a97e1a89d9d810708bc7	k__Bacteria; p__Proteobacteria; c__Gammaproteobacteria; o__Xanthomonadales; f__Xanthomonadaceae; g__Aquimonas; s__	0.6
8afa2d84ba8f4e6efb247021519f46b6	k__Bacteria; p__Proteobacteria; c__Deltaproteobacteria; o__Desulfarculales; f__Desulfarculaceae; g__; s__	1.0
5ee7789c4f6a5372c214df9643ce7566	k__Bacteria; p__Gemmatimonadetes; c__Gemmatimonadetes; o__KD8-87; f__; g__; s__	1.0
5bfd319a8710e1a1c5b6ff5dcb8a5b1b	k__Bacteria; p__Proteobacteria; c__Deltaproteobacteria; o__Syntrophobacterales; f__Syntrophorhabdaceae; g__; s__	1.0
f9580ce7888cb3929dba3b08a4a8178d	k__Bacteria; p__Bacteroidetes; c__VC2_1_Bac22; o__; f__; g__; s__	0.6
1aac53903853afb6003d98ff78c89cd9	k__Bacteria; p__Chloroflexi; c__Anaerolineae; o__GCA004; f__; g__; s__	1.0
4ae4b58417164c4d40244f8c6857dc1c	k__Bacteria; p__Bacteroidetes; c__[Saprospirae]; o__[Saprospirales]; f__Saprospiraceae; g__; s__	0.9
1250eabf634f961747475eed21bdb63d	k__Bacteria; p__OD1; c__ZB2; o__; f__; g__; s__	1.0
0e6fe0e0b7fa5711aae704a5cfb08ac2	k__Bacteria; p__Proteobacteria; c__Alphaproteobacteria; o__Rhodobacterales; f__Hyphomonadaceae; g__; s__	0.9
fdd0ae977dc6c1b1239606b66f221d98	k__Bacteria; p__Actinobacteria; c__Actinobacteria; o__Actinomycetales; f__Microbacteriaceae; g__Leucobacter; s__	0.9
4acbd7c7362093b18e3946907819ed3e	k__Bacteria; p__Planctomycetes; c__Planctomycetia; o__Pirellulales; f__Pirellulaceae; g__; s__	1.0
ed99bb03ea508e93c41367aac8e809c6	k__Bacteria; p__Verrucomicrobia; c__Opitutae; o__Puniceicoccales; f__Puniceicoccaceae; g__Coraliomargarita; s__	0.9
f218ef66c965dc63de9fe69266dea59c	k__Bacteria; p__Planctomycetes; c__028H05-P-BN-P5; o__; f__; g__; s__	0.9
7c39f04c661514659d9391c8a39e5adf	k__Bacteria; p__[Thermi]; c__Deinococci; o__Deinococcales; f__Deinococcaceae; g__Deinococcus; s__	1.0
984b929c0763336935f2dac2d4d230e4	k__Bacteria; p__Proteobacteria; c__Gammaproteobacteria; o__Pseudomonadales; f__Pseudomonadaceae; g__Pseudomonas; s__alcaligenes	0.7
773b18a0998b36d4b589b88e30b8ad14	k__Bacteria; p__Bacteroidetes; c__[Saprospirae]; o__[Saprospirales]; f__Saprospiraceae; g__; s__	1.0
03e4d13f6878022cf36567ebcf5d74c0	k__Bacteria; p__Bacteroidetes; c__Flavobacteriia; o__Flavobacteriales; f__Flavobacteriaceae; g__Flavobacterium; s__	1.0
c3f9d02618532a94168c6725fe27dcb0	k__Bacteria; p__Proteobacteria; c__TA18; o__PHOS-HD29; f__; g__; s__	0.7
4a3df1a587690012325bbc15b8980d84	k__Bacteria; p__Actinobacteria; c__Acidimicrobiia; o__Acidimicrobiales; f__; g__; s__	1.0
4528f79331271ef4a2501e7c5648c3fc	k__Bacteria; p__Proteobacteria; c__Betaproteobacteria	1.0
7223211f6058e751fc094f7c9670a24a	Unassigned	0.0
3c52d000f0447f9e8b1816b3b58db407	k__Bacteria; p__Bacteroidetes	0.6
d366a1bfc50693fc66fe0879599ca536	k__Bacteria; p__Cyanobacteria; c__Chloroplast; o__Chlorophyta; f__Chlamydomonadaceae	0.6
509baa5d7fc8368923018e945c658803	k__Bacteria; p__Fusobacteria; c__Fusobacteriia; o__Fusobacteriales; f__Fusobacteriaceae; g__u114; s__	0.8
223a25367fd4e97bc758d03506de0ba8	Unassigned	0.0
306fa48e1230cab1ee4a23aaaaff05c8	k__Bacteria; p__Cyanobacteria; c__Synechococcophycideae; o__Synechococcales; f__Synechococcaceae; g__Synechococcus; s__	1.0
0b1f32b6754ea8867ad73355b37c993e	k__Bacteria; p__Proteobacteria; c__Alphaproteobacteria	1.0
d3d052045834806a72c1a548c856464c	k__Bacteria; p__Proteobacteria; c__Gammaproteobacteria; o__Xanthomonadales; f__Xanthomonadaceae; g__Aquimonas	0.6
d01ee30632949930a5968f3d2e6b699d	k__Bacteria; p__Proteobacteria; c__Alphaproteobacteria; o__Rickettsiales; f__Rickettsiaceae; g__; s__	0.7
4ee29f6b02776ec5d92f7f4c10038eb5	k__Bacteria; p__Firmicutes; c__Erysipelotrichi; o__Erysipelotrichales; f__Erysipelotrichaceae; g__; s__	0.9
3762d620057b8dbd48fdd90042ea2ade	k__Bacteria; p__Firmicutes; c__Clostridia; o__Clostridiales; f__; g__; s__	1.0
0b2b2a41d58a07d6a5a3656da20b9aa9	k__Bacteria; p__Bacteroidetes; c__Flavobacteriia; o__Flavobacteriales; f__Flavobacteriaceae; g__Flavobacterium; s__	1.0
c8488bf6a410086e93a339f341dbc6c5	k__Bacteria; p__Chlamydiae; c__Chlamydiia; o__Chlamydiales; f__Rhabdochlamydiaceae; g__Candidatus Rhabdochlamydia; s__	0.6
3576222ef8232c4282be8de0ae74ac13	k__Bacteria; p__Proteobacteria; c__Gammaproteobacteria; o__Legionellales; f__; g__; s__	1.0
3de007b56d161a0577cd497169ef6610	k__Bacteria; p__Proteobacteria; c__Epsilonproteobacteria; o__Campylobacterales; f__Helicobacteraceae; g__Sulfurimonas; s__	1.0
1ce275284709114285bf7f5a7ab537f0	k__Bacteria; p__Bacteroidetes; c__Bacteroidia; o__Bacteroidales; f__; g__; s__	1.0
ceef8bbc4f738644058616cae1b8551e	k__Bacteria; p__Proteobacteria; c__Betaproteobacteria; o__Burkholderiales; f__Oxalobacteraceae; g__; s__	0.6
c8d2f1cbf749004ddc72c6fb12310a7f	k__Bacteria; p__Bacteroidetes; c__[Saprospirae]; o__[Saprospirales]; f__Chitinophagaceae; g__; s__	0.8
945b1134667ee6d718da8d5a45bfe78c	k__Bacteria; p__Armatimonadetes; c__[Fimbriimonadia]; o__[Fimbriimonadales]; f__[Fimbriimonadaceae]	1.0
4afeee6cf68dbd16e36cfaebc00a97f8	k__Bacteria; p__Bacteroidetes; c__Flavobacteriia; o__Flavobacteriales; f__Cryomorphaceae; g__Fluviicola; s__	1.0
4c2ac88bdd9dd881dab8b3143ca1d9e2	k__Bacteria; p__Firmicutes; c__Clostridia; o__Clostridiales; f__Clostridiaceae; g__Clostridium; s__	0.6
3d8fdfdb7ef98713ab771b43d503e940	k__Bacteria; p__Proteobacteria; c__TA18; o__PHOS-HD29; f__; g__; s__	1.0
c8654c240dda20cced962a86f20b2688	k__Bacteria; p__Actinobacteria; c__Actinobacteria; o__Actinomycetales; f__; g__; s__	1.0
ad2c0475908939a4a6a453b8b73dbfd8	k__Bacteria; p__SR1; c__; o__; f__; g__; s__	1.0
f43a0e811cd5be3f604febcfc323ddf7	k__Bacteria; p__Proteobacteria; c__Alphaproteobacteria	0.8
3c4fec213b3b679a26014f0b26a2e228	k__Bacteria; p__Proteobacteria; c__Alphaproteobacteria; o__Rhodobacterales; f__Hyphomonadaceae; g__; s__	0.7
e895d0c3527ecdeee361785ce032e1cb	k__Bacteria; p__Bacteroidetes; c__Flavobacteriia; o__Flavobacteriales; f__Cryomorphaceae; g__; s__	1.0
46141552a0480bb85a22ae4e4a188b38	k__Bacteria; p__Proteobacteria; c__Alphaproteobacteria; o__Rhizobiales; f__Rhizobiaceae; g__Rhizobium	0.7
c70c79aeae7ce5bf584767395956d325	k__Bacteria; p__Cyanobacteria; c__4C0d-2; o__YS2; f__; g__; s__	1.0
62f498dec079dbdf79a2f92ff9ac0fc3	k__Bacteria; p__Proteobacteria; c__Alphaproteobacteria; o__Sphingomonadales; f__Erythrobacteraceae	0.8
760942beffa53251b9446961198e7092	k__Bacteria; p__Proteobacteria; c__Alphaproteobacteria; o__Rhizobiales; f__Xanthobacteraceae	0.6
115fe1b4607c21def76dd3bd7457a9ea	k__Bacteria; p__Firmicutes; c__Erysipelotrichi; o__Erysipelotrichales; f__Erysipelotrichaceae	0.6
e55b07348aa06dd5eca5438f2901757a	k__Bacteria; p__Proteobacteria; c__Deltaproteobacteria; o__PB19; f__; g__; s__	0.6
9a81ce14666b8f75b0fdf5d2f418918f	k__Bacteria; p__Proteobacteria; c__Gammaproteobacteria; o__Legionellales; f__Coxiellaceae; g__; s__	0.6
f874b730db8f898acff13ffff250c988	k__Bacteria; p__Planctomycetes; c__Planctomycetia; o__Pirellulales; f__Pirellulaceae	1.0
a6fbeb69f3f191a5a0aef8cf145af226	k__Bacteria; p__Firmicutes; c__Clostridia; o__Clostridiales; f__; g__; s__	1.0
ce5d2b95c636029a8ab3e581335b039e	k__Bacteria; p__Proteobacteria; c__Gammaproteobacteria; o__Thiotrichales; f__Thiotrichaceae; g__; s__	0.9
243391fc586b40dfa09e0e85e68008e8	k__Bacteria; p__Verrucomicrobia; c__[Pedosphaerae]; o__[Pedosphaerales]; f__R4-41B; g__; s__	0.7
993377d61ddcff7a0dced8bf1c06c82a	k__Bacteria; p__Proteobacteria; c__Gammaproteobacteria; o__Pseudomonadales; f__Moraxellaceae	0.9
68d2effc45922ceb4cd9e5dccd7ccf35	k__Bacteria; p__Bacteroidetes	1.0
0922dfb1adbed8209d1706ff52120a74	k__Archaea; p__[Parvarchaeota]; c__[Parvarchaea]; o__YLA114; f__; g__; s__	0.9
ad16da4a295f14ced7bd214710a62083	k__Bacteria; p__Bacteroidetes; c__Cytophagia; o__Cytophagales; f__Cyclobacteriaceae; g__; s__	0.9
dfcf40702adcaaf18f6553cb4c70297e	k__Bacteria; p__Gemmatimonadetes; c__Gemmatimonadetes; o__KD8-87; f__; g__; s__	1.0
e08da91fd4439447f876db7eae92bf4c	k__Bacteria; p__OD1; c__ZB2; o__; f__; g__; s__	1.0
300e82458c755f1c5dd2da86fab129ef	k__Bacteria; p__Bacteroidetes; c__[Saprospirae]; o__[Saprospirales]; f__Saprospiraceae; g__; s__	1.0
697336ccc560bf3b2fd0ea1e048f3425	k__Bacteria; p__Verrucomicrobia; c__Opitutae; o__Opitutales; f__Opitutaceae; g__; s__	1.0
949a18121776076f7b7485e211a73ecb	k__Bacteria; p__Chloroflexi; c__Anaerolineae; o__Caldilineales; f__Caldilineaceae; g__; s__	1.0
7cbd468e676225afd44671b0a34a204b	k__Bacteria; p__Proteobacteria; c__Alphaproteobacteria; o__Rhizobiales	0.8
a8d3926bc04e04f3087a5915153d6c0f	k__Bacteria; p__Proteobacteria; c__Deltaproteobacteria; o__Myxococcales; f__OM27; g__; s__	1.0
c2d82d44ed376f189abbeeaadb4a2da6	k__Archaea; p__[Parvarchaeota]; c__[Parvarchaea]; o__WCHD3-30; f__; g__; s__	1.0
38dd8cb29311297beb2e7c1537d5c43a	k__Bacteria; p__Proteobacteria; c__Alphaproteobacteria; o__Rickettsiales; f__; g__; s__	1.0
d88e9e83a5f689f447e9e013faf535f1	Unassigned	0.0
0b021318855bf4d4b8cef281b5accdae	k__Bacteria; p__Cyanobacteria; c__Chloroplast; o__Streptophyta; f__; g__; s__	1.0
5ad30a55e94413aaf833784b0b185bf7	k__Bacteria; p__OD1	0.8
f9756a8de38a0fb3266b3de4638de19b	k__Bacteria; p__Proteobacteria; c__Betaproteobacteria; o__Burkholderiales; f__Comamonadaceae; g__; s__	0.6
eca4f77e5952b0b113484efef4f41fe2	k__Bacteria; p__Gemmatimonadetes; c__Gemmatimonadetes; o__Gemmatimonadales; f__Gemmatimonadaceae; g__Gemmatimonas; s__	0.6
d0c516280babf88146d8982609ad154f	k__Bacteria; p__Proteobacteria; c__Betaproteobacteria; o__Methylophilales; f__Methylophilaceae; g__; s__	0.9
0d03d05f8cf44ab77fa734641a4e9849	Unassigned	0.0
2b1ea611f38f8e5fd67a21a5bfc5b77f	k__Archaea; p__[Parvarchaeota]; c__[Parvarchaea]; o__WCHD3-30; f__; g__; s__	0.6666666666666666
55029336bcf7a7819bd03d7e8f637f3d	k__Bacteria; p__Proteobacteria; c__Deltaproteobacteria; o__Spirobacillales; f__; g__; s__	1.0
cbd7b7fb653bb3f4bb9539e1c74c8ae5	k__Bacteria; p__Proteobacteria; c__Betaproteobacteria; o__Neisseriales; f__Neisseriaceae; g__; s__	0.6
3b68966ed503bd8566b56b6262b832ac	Unassigned	0.0
6f2b0063070cbd29ab641a4eb96bbf2b	k__Bacteria; p__Proteobacteria; c__Gammaproteobacteria; o__Xanthomonadales; f__Sinobacteraceae; g__; s__	1.0
1e336d2c414333609c8e8acb0a34ddd7	k__Bacteria; p__Proteobacteria; c__Gammaproteobacteria; o__Legionellales; f__Coxiellaceae; g__; s__	1.0
80ad62befb3f16d14f361a438b696edc	k__Bacteria; p__Proteobacteria; c__Alphaproteobacteria; o__Rhizobiales; f__; g__; s__	1.0
e6777a131bfcd318f380d6efb666f60e	k__Bacteria; p__Proteobacteria; c__Alphaproteobacteria; o__; f__; g__; s__	1.0
90baa15f24fc38328129061eb6df314d	k__Bacteria; p__Proteobacteria; c__Gammaproteobacteria; o__Pseudomonadales; f__Pseudomonadaceae; g__Pseudomonas; s__	0.6
686cc067aa157a41e2d4f2c6be039601	k__Bacteria; p__Actinobacteria; c__Thermoleophilia; o__Gaiellales; f__; g__; s__	1.0
ff28cd24ce0eba01c6f8b5ffda150a53	k__Bacteria; p__Chloroflexi; c__Anaerolineae; o__Caldilineales; f__Caldilineaceae; g__; s__	1.0
81a5ba295e504fdb05921b4faae9d33c	k__Bacteria; p__Firmicutes; c__Clostridia; o__Clostridiales; f__Syntrophomonadaceae; g__Syntrophomonas; s__	1.0
9d09004bd644f4176276cfda1e19e4d8	k__Archaea; p__Euryarchaeota	0.6
5574f84153275fd80bc7121aba7d4b29	k__Bacteria; p__Proteobacteria; c__Alphaproteobacteria; o__Rhizobiales; f__; g__; s__	1.0
a6973d9c9136afca499d3afae6267aec	k__Bacteria; p__Proteobacteria; c__Alphaproteobacteria; o__; f__; g__; s__	1.0
51f31fce626776a14b549ca472f481bb	k__Bacteria; p__Cyanobacteria; c__Chloroplast; o__Stramenopiles; f__; g__; s__	1.0
6f05ac247dd377aeee7a269ffa245490	k__Bacteria; p__Bacteroidetes; c__[Saprospirae]; o__[Saprospirales]; f__Saprospiraceae; g__; s__	1.0
bdc490e88b24f13e921d5e0629c349d2	k__Bacteria; p__Proteobacteria; c__Alphaproteobacteria; o__Rhodobacterales; f__Rhodobacteraceae; g__; s__	0.7
fdf4548f2271e9cc75a18a15a667f1cc	k__Bacteria; p__Proteobacteria; c__Deltaproteobacteria; o__Myxococcales; f__; g__; s__	1.0
13e7222fb38ec6508a7738fbe5f93c33	k__Bacteria; p__Proteobacteria; c__Alphaproteobacteria; o__Rhizobiales; f__Phyllobacteriaceae	0.6
4f8a55587153c71805b0a128ec453b51	k__Bacteria; p__Proteobacteria; c__Gammaproteobacteria; o__Pseudomonadales; f__Pseudomonadaceae; g__; s__	0.6
6ee4729fa9df9d53313e9a9d59e9baac	k__Bacteria; p__Proteobacteria; c__TA18; o__CV90; f__; g__; s__	1.0
6f236fe08e5d5d7163db8d4aeaa2a0eb	k__Bacteria; p__Bacteroidetes; c__Sphingobacteriia; o__Sphingobacteriales; f__; g__; s__	0.7
ebaf753c3a2346d64b9fa397c6f5ba58	k__Bacteria; p__Firmicutes; c__Clostridia; o__Clostridiales; f__Peptostreptococcaceae; g__; s__	0.8
cc55d5db218688bb4720431d35fb4c78	k__Bacteria; p__Cyanobacteria; c__Chloroplast; o__Streptophyta; f__; g__; s__	1.0
f17d9cc46bc6869169a2ef118cca41c1	k__Bacteria; p__Proteobacteria; c__Deltaproteobacteria; o__Desulfarculales; f__Desulfarculaceae; g__; s__	0.6
90d4e54c03b7608df1fc4907cbd6f6c7	k__Bacteria; p__Proteobacteria; c__Gammaproteobacteria; o__Xanthomonadales; f__Sinobacteraceae; g__; s__	1.0
a5db1609fd232a42d44f108a453dc99d	k__Bacteria; p__Planctomycetes; c__Planctomycetia; o__Pirellulales; f__Pirellulaceae; g__; s__	1.0
c60aeca4b924017b213623f15af61394	k__Bacteria; p__Cyanobacteria; c__Nostocophycideae; o__Nostocales; f__Nostocaceae	1.0
03507678712f09680fe71fe48ef485ab	k__Bacteria; p__Proteobacteria; c__Gammaproteobacteria; o__Legionellales; f__; g__; s__	1.0
956536c161cd2e8392c4693a468f64a7	k__Bacteria; p__Proteobacteria; c__Gammaproteobacteria; o__Chromatiales; f__; g__; s__	0.6
a3e29f2d951d9581485343269590bc4a	k__Bacteria; p__Proteobacteria; c__Alphaproteobacteria; o__Rhizobiales; f__; g__; s__	1.0
457b11374305a64b67b2260da0331308	k__Bacteria; p__Bacteroidetes; c__Cytophagia; o__Cytophagales; f__Cytophagaceae; g__Dyadobacter; s__	1.0
f0a59b74e9ec0eb488613d696059c117	k__Bacteria; p__Firmicutes; c__Clostridia; o__Clostridiales; f__Clostridiaceae; g__Clostridium; s__	1.0
3883250049b6d76adc923bc282b06dea	k__Bacteria; p__Bacteroidetes; c__Cytophagia; o__Cytophagales; f__Cytophagaceae; g__Runella; s__	1.0
503c47d01ebecefed2ba28dd5496ddc6	k__Bacteria; p__Proteobacteria; c__TA18; o__PHOS-HD29; f__; g__; s__	1.0
c8181770ebc67b7a8e071124b9e205ca	k__Bacteria; p__Proteobacteria; c__Alphaproteobacteria; o__Rhizobiales; f__; g__; s__	0.9
8860ad68161d90bd733823f8c9b8f554	k__Bacteria; p__Cyanobacteria; c__Chloroplast; o__Streptophyta; f__; g__; s__	1.0
85e8b03a24a41fffbdcf9c8f01b27041	k__Bacteria; p__OD1; c__ZB2; o__; f__; g__; s__	1.0
a297e072a77fab0700cf2f5cacddf19c	k__Bacteria; p__Proteobacteria; c__Gammaproteobacteria; o__Legionellales; f__Legionellaceae; g__; s__	0.6
4cea290f97dd2fe60481eb7aabc26f3c	k__Bacteria; p__Proteobacteria; c__Deltaproteobacteria; o__Syntrophobacterales; f__Syntrophaceae; g__; s__	0.8
4039a84ef699579bc06abaeff26fa7f8	k__Bacteria; p__Proteobacteria; c__Alphaproteobacteria; o__Rickettsiales; f__; g__; s__	0.8
4f9417f2025a010ee3ca591752b264f2	k__Bacteria; p__Actinobacteria; c__Actinobacteria; o__Actinomycetales; f__; g__; s__	1.0
2d31bc99b304c1af928d98a91d96b2af	k__Bacteria; p__Bacteroidetes; c__Cytophagia; o__Cytophagales; f__Cytophagaceae; g__Leadbetterella; s__	1.0
ca524cb2c16a33b5f04cd08dad75e884	k__Bacteria; p__WS3; c__PRR-12; o__GN03; f__; g__; s__	0.8333333333333334
d5bbc184f015e147fcdff23e1e73c79d	k__Bacteria; p__GN02; c__BD1-5; o__; f__; g__; s__	1.0
d1517e87b49f3e1a765caad72e6c26ab	k__Bacteria; p__Bacteroidetes; c__BME43; o__; f__; g__; s__	0.6
0d24acfa01e7dfc591729c3ec959cf04	k__Bacteria; p__Proteobacteria; c__Gammaproteobacteria; o__Xanthomonadales; f__Xanthomonadaceae; g__Aquimonas; s__	0.6
daa59be27f1439ac8aed5e4557107f58	k__Bacteria; p__Proteobacteria; c__Deltaproteobacteria; o__Bdellovibrionales; f__Bdellovibrionaceae; g__Bdellovibrio; s__	1.0
badf630c207703e8f26b67d350c09891	k__Bacteria; p__Acidobacteria; c__Solibacteres; o__Solibacterales; f__; g__; s__	0.9
43942a9816a0a02da9ee67a98c2a6847	k__Bacteria; p__Proteobacteria; c__Deltaproteobacteria; o__MIZ46; f__; g__; s__	1.0
517a1b88c256cb95f6ad7a2ca5bac2e1	k__Bacteria; p__Proteobacteria; c__Betaproteobacteria; o__Methylophilales; f__Methylophilaceae; g__; s__	0.9
35332311de70f32500fdcd32084c7890	k__Bacteria; p__Planctomycetes; c__Planctomycetia; o__Pirellulales; f__Pirellulaceae; g__; s__	1.0
107573b8c468beb0d28e709c1b1da4ee	k__Bacteria; p__Proteobacteria; c__Alphaproteobacteria; o__Rickettsiales; f__; g__; s__	1.0
5a053ea976cb32e18b8f9e1ef3e372f9	k__Bacteria; p__Bacteroidetes; c__Bacteroidia; o__Bacteroidales; f__Marinilabiaceae; g__; s__	0.8
8e1d9173e73d32ce63c0736051c5cff0	k__Bacteria	1.0
56e4bf203af6dd6781f29f2fc6eb7848	k__Bacteria; p__Proteobacteria; c__Alphaproteobacteria; o__Rhodospirillales; f__Acetobacteraceae; g__; s__	0.8
8f0297f23e78ef33ec9642542adfef75	k__Bacteria; p__Proteobacteria; c__Alphaproteobacteria; o__Rhizobiales; f__; g__; s__	0.6
749b9c8334d83bb4d7322aea18d1b49b	k__Bacteria; p__GN02; c__BD1-5; o__; f__; g__; s__	1.0
12679a74668e4389343acb62694cbbcf	k__Bacteria; p__Cyanobacteria; c__Chloroplast; o__Streptophyta; f__; g__; s__	1.0
e3fc8d2385881f6a0578d71854dbe7f0	k__Bacteria; p__Actinobacteria; c__Actinobacteria; o__Actinomycetales; f__Microbacteriaceae	1.0
1aafb066124fca25fbf8876a1c9670ba	k__Bacteria	1.0
c5877483c7df2a207df7d8b58d03b5b5	k__Bacteria; p__Verrucomicrobia; c__Opitutae; o__Opitutales; f__Opitutaceae; g__; s__	1.0
be741454cf44fc039baedb86c9165c12	Unassigned	0.0
6e49b4762feeaaa0acc4a49bcd4323d8	k__Bacteria; p__Proteobacteria; c__Deltaproteobacteria; o__Bdellovibrionales; f__Bdellovibrionaceae; g__Bdellovibrio; s__	1.0
afd26aabdc05839d6e4e7035a7983a44	k__Bacteria; p__Bacteroidetes; c__Flavobacteriia; o__Flavobacteriales; f__Cryomorphaceae; g__; s__	1.0
bdeedb39bb017002234072dbdd512994	Unassigned	0.0
feef1da99b7f96f06d046b05e2c709f0	k__Bacteria; p__Bacteroidetes; c__Bacteroidia; o__Bacteroidales; f__Porphyromonadaceae; g__Dysgonomonas; s__	0.6
b12834cb24b683f4ebb48e9f64aa31f0	k__Bacteria; p__Proteobacteria; c__Alphaproteobacteria; o__Rhodospirillales; f__Rhodospirillaceae	0.6
e4f3875860c8b78a3c8b2b8288d4dceb	k__Bacteria; p__Proteobacteria; c__Alphaproteobacteria; o__Rhodospirillales; f__Acetobacteraceae; g__Roseococcus; s__	1.0
797969a925e8b408ce6aea3efde3013f	k__Bacteria; p__Bacteroidetes; c__Flavobacteriia; o__Flavobacteriales; f__Cryomorphaceae; g__; s__	1.0
81cac13b5e7c16ab65457797d3dca0d8	k__Bacteria; p__Fusobacteria; c__Fusobacteriia; o__Fusobacteriales; f__Fusobacteriaceae; g__Cetobacterium; s__somerae	1.0
17dcc8f09808e5e9f522f1c732faf92f	k__Bacteria; p__Chloroflexi; c__Chloroflexi; o__[Roseiflexales]; f__; g__; s__	0.9
df0d65f6dc4af39717572870ed333fe8	k__Bacteria; p__Lentisphaerae; c__[Lentisphaeria]; o__Victivallales; f__Victivallaceae; g__; s__	0.9
53b1ddadcad6ccd6994e64e5db272a6d	Unassigned	0.0
54a9bd7c4833970342cb386a91d1bd06	k__Bacteria; p__Proteobacteria; c__Gammaproteobacteria; o__Xanthomonadales; f__Sinobacteraceae; g__Nevskia; s__ramosa	0.8
f9ded5077c1ecda12cfc2e6935ab6cfb	k__Bacteria; p__Proteobacteria; c__Alphaproteobacteria; o__BD7-3; f__; g__; s__	1.0
00f9673d05c13626389ff76d99d68935	k__Bacteria; p__Cyanobacteria; c__4C0d-2; o__YS2; f__; g__; s__	0.8
070dff4e65946e7d090990756cc2c0c3	k__Bacteria; p__Proteobacteria; c__Deltaproteobacteria; o__Desulfovibrionales; f__Desulfovibrionaceae; g__; s__	0.6
e2a8bcc920c86a27290724daac69a49c	Unassigned	0.0
3ebdd64d4808589f3ce6f7c20c6c7578	k__Bacteria; p__Cyanobacteria; c__Nostocophycideae; o__Nostocales; f__Nostocaceae; g__Nostoc; s__	0.8
72b763cb6cf619ce15c3e480f456d83d	k__Bacteria; p__Chloroflexi; c__Anaerolineae; o__SJA-15; f__; g__; s__	1.0
f464bc52ffb3b514b13abf2054443be8	k__Bacteria; p__Proteobacteria; c__Alphaproteobacteria; o__Rickettsiales; f__mitochondria; g__; s__	1.0
4d22dc0971abdb1eeac16dd949cab758	k__Bacteria; p__Proteobacteria; c__Alphaproteobacteria; o__Rhizobiales; f__Hyphomicrobiaceae; g__; s__	0.7
6aeec8e7c268f7f5932c9e0eb6ed2bf0	k__Bacteria; p__Proteobacteria; c__Alphaproteobacteria	0.6
105b2fb05eb078fe4978c07892dd8d85	k__Bacteria; p__Proteobacteria; c__Alphaproteobacteria; o__Rhodospirillales; f__Acetobacteraceae; g__Roseococcus; s__	0.8
1a966cdbe2bdfb7ee4ec2e7e14387592	k__Bacteria; p__Proteobacteria; c__Gammaproteobacteria; o__Methylococcales; f__Methylococcaceae; g__Methylocaldum; s__	0.8
3151246edbb86d50011d860a2906d617	k__Bacteria; p__Chlorobi; c__OPB56; o__; f__; g__; s__	1.0
84b316daeecdf175b5c69200c7f012e4	Unassigned	0.0
711f4039e42de5da70e4decba70f8faa	k__Bacteria; p__OD1; c__; o__; f__; g__; s__	1.0
cc05fb7e79f131c6b82c5e18057edb54	k__Bacteria; p__Bacteroidetes; c__Bacteroidia; o__Bacteroidales; f__; g__; s__	0.6
abe50122a3fdde8e6f9a701d21de8902	k__Bacteria; p__Proteobacteria; c__Deltaproteobacteria; o__PB19; f__; g__; s__	1.0
a89d56073dfad49145c0adf13cd08324	k__Bacteria; p__Bacteroidetes; c__Sphingobacteriia; o__Sphingobacteriales; f__; g__; s__	1.0
fadf7ec5961ecc022df3fc83d8ed3133	k__Bacteria; p__Proteobacteria; c__Deltaproteobacteria; o__Myxococcales; f__OM27; g__; s__	1.0
f309a58ff4e22463095ed82432939f76	k__Bacteria; p__Spirochaetes; c__Spirochaetes; o__Spirochaetales; f__Spirochaetaceae; g__Spirochaeta; s__aurantia	0.7
423f7cf70d7aca721607ac40b98d8a0f	k__Bacteria; p__Bacteroidetes; c__Cytophagia; o__Cytophagales; f__Cytophagaceae; g__; s__	1.0
2d679ee633427e2ae67900b08c4e3e48	k__Bacteria; p__Fibrobacteres	0.7
a092d0e248333a0112ae65d686d24d85	k__Bacteria; p__Proteobacteria; c__Deltaproteobacteria; o__Syntrophobacterales; f__Syntrophaceae; g__; s__	1.0
5842b203dc23523b976b5a884e6478d5	k__Bacteria; p__Verrucomicrobia	0.7
e8db39052fdd1327e21a5a0321f66f2c	k__Bacteria; p__Actinobacteria; c__Actinobacteria; o__Actinomycetales; f__; g__; s__	1.0
fe8add305f47b67dad9138859e5d3122	k__Bacteria; p__Proteobacteria; c__Alphaproteobacteria; o__Rhizobiales; f__; g__; s__	0.6
1d48c46dd94611c5fe97fdbb42186752	k__Bacteria; p__Proteobacteria; c__Deltaproteobacteria; o__Spirobacillales; f__; g__; s__	0.9
03dd09ef4ea08c8249c1877e92c09f2c	k__Bacteria; p__Bacteroidetes; c__Sphingobacteriia; o__Sphingobacteriales; f__; g__; s__	0.7
b549b0ee6b08953a372dac173cb7ddd9	k__Bacteria; p__Proteobacteria; c__Alphaproteobacteria; o__Rickettsiales; f__; g__; s__	1.0
e5f71a6fd23e8d1b559c9dc3c0e20092	k__Bacteria; p__Proteobacteria; c__Deltaproteobacteria; o__Spirobacillales; f__; g__; s__	1.0
51bf8027cb2df51e479835cf73ce0b8f	k__Bacteria; p__Proteobacteria; c__Alphaproteobacteria; o__Sphingomonadales; f__Sphingomonadaceae; g__; s__	0.9
b852d2a3429e54cfe1779a7fd488efbc	k__Bacteria; p__Proteobacteria; c__Betaproteobacteria; o__Rhodocyclales; f__Rhodocyclaceae; g__Uliginosibacterium; s__	0.8
74e992bb6d5e64d6d48ff40d713b66ae	k__Bacteria; p__Proteobacteria; c__Alphaproteobacteria; o__Rickettsiales; f__; g__; s__	1.0
f777dde5cecf334658db995e327c076e	k__Bacteria; p__Bacteroidetes; c__[Saprospirae]; o__[Saprospirales]; f__Chitinophagaceae; g__; s__	1.0
b896f3f5b5158249d59ee07eeb6109d7	k__Bacteria; p__Proteobacteria; c__Alphaproteobacteria; o__Caulobacterales; f__Caulobacteraceae; g__Asticcacaulis	0.9
39ef00e0a96e0739c7040d3c10cbcf34	k__Bacteria; p__Proteobacteria; c__Alphaproteobacteria; o__Sphingomonadales; f__Erythrobacteraceae; g__; s__	0.6
cf4a9bf8d69a6536fc87c10082882b7d	Unassigned	0.0
38193259a2198c4704101c98a40dd0a9	k__Bacteria; p__Cyanobacteria; c__Synechococcophycideae; o__Synechococcales; f__Synechococcaceae; g__Synechococcus; s__	1.0
5b45581255bbc743959d4a6290253d34	k__Bacteria; p__Proteobacteria; c__Alphaproteobacteria; o__Rickettsiales; f__; g__; s__	1.0
4700bd8a53f260fed458fb2db5fe186e	k__Bacteria; p__Bacteroidetes; c__[Saprospirae]; o__[Saprospirales]; f__Chitinophagaceae; g__; s__	1.0
b250ddf8e3b32dd4502d62ead1fe71a4	k__Bacteria; p__Firmicutes; c__Clostridia; o__Clostridiales; f__[Mogibacteriaceae]; g__; s__	0.7
d05ea18e5372775cd92b84aecdd4d8ea	k__Bacteria; p__Cyanobacteria; c__Chloroplast; o__Cryptophyta; f__; g__; s__	1.0
9a00202480014df8a3fadb451131dfe5	k__Bacteria; p__OD1; c__ABY1; o__; f__; g__; s__	1.0
fa850b1534009cbb90b5c172f233881c	k__Bacteria; p__Actinobacteria; c__Actinobacteria; o__Actinomycetales; f__Microbacteriaceae; g__Candidatus Aquiluna; s__rubra	0.9
60589fb804aca9cb6a9c3406461124c1	k__Bacteria; p__Verrucomicrobia; c__Verrucomicrobiae; o__Verrucomicrobiales; f__Verrucomicrobiaceae; g__Prosthecobacter	0.7
ef303b2680d51e1397cdb6979093ea43	k__Bacteria; p__Actinobacteria; c__Actinobacteria; o__Actinomycetales	0.9
9ef9fc5b85ef9f6dc32ae3ab76cdda2e	k__Bacteria; p__Acidobacteria; c__Acidobacteria-6; o__iii1-15; f__mb2424; g__; s__	1.0
a4a8a72f8406231b4f16bcdf829bf534	k__Bacteria; p__Cyanobacteria; c__Chloroplast; o__Stramenopiles; f__; g__; s__	1.0
9ca8f9011af09d5113b36355ccf5f27c	k__Bacteria; p__Chloroflexi; c__Anaerolineae; o__SBR1031; f__A4b; g__; s__	1.0
8dea1b93ad9b86fe7403243354534a84	k__Bacteria	1.0
ab30a94f5471fe4382dceb72043606fc	k__Bacteria; p__Proteobacteria; c__Betaproteobacteria; o__Burkholderiales; f__Comamonadaceae; g__; s__	0.7
a9792102c9d03e205fe35db7f4317e35	k__Bacteria; p__Proteobacteria; c__Deltaproteobacteria; o__Desulfuromonadales; f__Geobacteraceae; g__Geobacter; s__	0.9
0885be0cbea71a6d26c41b04bf61c1fa	k__Archaea; p__[Parvarchaeota]; c__[Parvarchaea]; o__YLA114; f__; g__; s__	1.0
f9b5d87948f3901fb8d476e84d16da27	k__Bacteria; p__Proteobacteria; c__Betaproteobacteria; o__Burkholderiales; f__Alcaligenaceae; g__; s__	0.9
29f0d4bf16fb7515c8e888d1a8ae466b	k__Bacteria; p__Proteobacteria; c__Alphaproteobacteria	0.6
040f5c3b5dd04a43a78db5d0218f8c7a	k__Bacteria; p__Proteobacteria; c__Deltaproteobacteria; o__Myxococcales; f__; g__; s__	1.0
77794bc44e20e4e60e7726f23af9a292	k__Bacteria; p__Proteobacteria; c__Betaproteobacteria; o__Procabacteriales; f__Procabacteriaceae; g__; s__	1.0
ee1245e12714cf3ab7e1e622320efb12	k__Bacteria; p__Cyanobacteria; c__Chloroplast; o__Streptophyta; f__; g__; s__	0.7
19122dda609a9fa3e04d23a6f60829eb	k__Bacteria; p__Proteobacteria; c__Betaproteobacteria; o__Burkholderiales; f__Oxalobacteraceae; g__; s__	1.0
5e263c48f757a46dbde274289b0ea178	k__Bacteria; p__Proteobacteria; c__Alphaproteobacteria; o__Rickettsiales; f__Rickettsiaceae	1.0
24e996b63cdc7b4641de40336ddd2010	k__Bacteria; p__Proteobacteria; c__Alphaproteobacteria; o__Rhodospirillales; f__Rhodospirillaceae; g__; s__	1.0
910517247ac93e5880449366b185faac	k__Bacteria; p__Bacteroidetes; c__[Saprospirae]; o__[Saprospirales]; f__Chitinophagaceae; g__; s__	1.0
f9ac77b2a8e7db19fd56d6a1a88d7a03	k__Bacteria; p__Bacteroidetes; c__[Saprospirae]; o__[Saprospirales]; f__Saprospiraceae; g__; s__	1.0
fb8221eb897daf64df3f8cc96696c937	k__Bacteria; p__Verrucomicrobia; c__[Spartobacteria]; o__[Chthoniobacterales]; f__[Chthoniobacteraceae]; g__; s__	0.6
6fdf20829b3dbbd5c66f04b1fb452fca	k__Bacteria; p__Actinobacteria; c__Acidimicrobiia; o__Acidimicrobiales; f__; g__; s__	1.0
3d15faf17918e8c2c613b636cdbdba2e	k__Bacteria; p__Bacteroidetes; c__Flavobacteriia; o__Flavobacteriales; f__Cryomorphaceae; g__; s__	1.0
f1d7013b9cdc42cfe429ced722fd3c3e	k__Bacteria; p__Cyanobacteria; c__Synechococcophycideae; o__Synechococcales; f__Synechococcaceae; g__Synechococcus; s__	1.0
ca9307ea2b7fb47dbedd4988648f206a	k__Bacteria; p__Proteobacteria; c__Alphaproteobacteria; o__Rhodobacterales; f__Hyphomonadaceae; g__; s__	0.9
cd4c204a4e863f67ab1c0657e0faaf47	k__Bacteria; p__Proteobacteria; c__Alphaproteobacteria; o__Rickettsiales; f__mitochondria	1.0
2df19db3c18c8d275c2ec484eba85cda	k__Bacteria; p__Proteobacteria; c__Alphaproteobacteria; o__Rickettsiales; f__mitochondria; g__; s__	1.0
f945344a6ff20dad8b23f3e00b48b1e5	k__Bacteria; p__Proteobacteria; c__Betaproteobacteria; o__Procabacteriales; f__Procabacteriaceae; g__; s__	1.0
20dbe726133f5cccaa5a4be52b5a86e2	k__Bacteria; p__Cyanobacteria; c__Chloroplast; o__Euglenozoa; f__; g__; s__	1.0
51206ea33ccc33c51aadacfb14e398a1	k__Bacteria; p__Bacteroidetes; c__Flavobacteriia; o__Flavobacteriales; f__Flavobacteriaceae; g__Flavobacterium; s__	0.9
8821dfc3475c561ab73f259a47dd2ec6	k__Bacteria; p__Fibrobacteres; c__Fibrobacteria	0.7
587357db5fd02980aa1dcfdfdc99f18e	k__Bacteria; p__Proteobacteria; c__Betaproteobacteria; o__Methylophilales; f__Methylophilaceae	0.8
09fc79d00e8ca08d019f8fc649ed71df	Unassigned	0.0
bf853215f2b2d6d2fc451cfe30b74961	k__Bacteria; p__Proteobacteria; c__Alphaproteobacteria; o__Rhizobiales; f__; g__; s__	0.8
3aebbabfc803234e0fb6044954340a98	k__Bacteria; p__Proteobacteria; c__Deltaproteobacteria; o__Myxococcales; f__; g__; s__	1.0
ff468825ee8996d1517fd1a155050c07	k__Bacteria; p__Proteobacteria; c__Deltaproteobacteria; o__Bdellovibrionales; f__Bdellovibrionaceae; g__Bdellovibrio	1.0
fd6c57561c54de142269015c7f118494	k__Bacteria; p__Bacteroidetes; c__Sphingobacteriia; o__Sphingobacteriales; f__; g__; s__	1.0
0c01cdee881249544b372b089f1dfdf9	k__Bacteria; p__Proteobacteria; c__Betaproteobacteria; o__Burkholderiales; f__Comamonadaceae; g__Hydrogenophaga; s__	1.0
98757c2401af383c17fadbfa66ef1468	k__Bacteria; p__Proteobacteria; c__Alphaproteobacteria	1.0
47a2730fa76a963e05f86bc1fb0f55dd	k__Bacteria; p__Proteobacteria; c__Betaproteobacteria; o__Rhodocyclales; f__Rhodocyclaceae; g__Dechloromonas; s__	0.9
02d12ae9a724699e5c986bbf4c6cca5f	k__Bacteria; p__Proteobacteria; c__Deltaproteobacteria; o__Spirobacillales; f__; g__; s__	1.0
f60bacb1a41663dcff7e54d0cc179c03	k__Bacteria; p__Proteobacteria; c__Alphaproteobacteria; o__BD7-3; f__; g__; s__	1.0
cef272f9c205ed1e3237daafb7fe335e	Unassigned	0.0
71178478968f8de9a9fee71afcbc7430	k__Bacteria; p__Proteobacteria; c__Alphaproteobacteria; o__Rickettsiales; f__Rickettsiaceae; g__; s__	0.9
cce11344253543baee090c012dc3ea37	k__Bacteria; p__Proteobacteria; c__Alphaproteobacteria; o__Rickettsiales; f__; g__; s__	1.0
ed7e3c9c38ad00719a9ead0f83c87938	k__Bacteria; p__Proteobacteria; c__Alphaproteobacteria; o__Rhizobiales; f__Rhizobiaceae; g__Agrobacterium; s__	0.7
94763fcb3f0a18bbb89e452fc9865ba6	k__Bacteria; p__Planctomycetes; c__Planctomycetia; o__Planctomycetales; f__Planctomycetaceae; g__Planctomyces; s__	1.0
9eebbd1ced4bf306b9bbf0fdb342b164	k__Bacteria; p__Elusimicrobia; c__Elusimicrobia; o__Elusimicrobiales; f__; g__; s__	1.0
a51f59ac15c267e1cda9f0d3b852c77c	k__Bacteria; p__Armatimonadetes; c__[Fimbriimonadia]; o__[Fimbriimonadales]; f__[Fimbriimonadaceae]; g__Fimbriimonas; s__	0.9
9f8681e61d11c1767fb692ee2d48857f	k__Bacteria; p__Verrucomicrobia; c__[Spartobacteria]; o__[Chthoniobacterales]; f__[Chthoniobacteraceae]	0.7
7940705e63fc78ed714d18db5e240fef	k__Bacteria; p__Proteobacteria; c__Deltaproteobacteria; o__Bdellovibrionales; f__Bacteriovoracaceae; g__; s__	0.9
fb5b72b07f54c34859c3d35f44d26ec4	k__Bacteria; p__Proteobacteria; c__Alphaproteobacteria; o__Rickettsiales; f__; g__; s__	1.0
a4aed268a78c9397f2d37421f4d945c8	k__Bacteria; p__Proteobacteria; c__Alphaproteobacteria; o__Rhodospirillales; f__Rhodospirillaceae; g__; s__	1.0
ecdbd187f5289f701eedffa567c066bc	k__Bacteria; p__Chloroflexi; c__Anaerolineae; o__S0208; f__; g__; s__	1.0
7795d9ffa39f51fe4eac412682d0bb31	k__Bacteria; p__Proteobacteria; c__Alphaproteobacteria; o__Rhodospirillales; f__Rhodospirillaceae; g__; s__	1.0
fbd0ba72a56c3325b8b3d366b5529c84	k__Bacteria; p__Proteobacteria; c__Gammaproteobacteria; o__Pseudomonadales; f__Pseudomonadaceae; g__Pseudomonas; s__	0.6
6ba07911d031924a1b39f88fd5fe4811	k__Bacteria; p__Planctomycetes; c__vadinHA49; o__DH61; f__; g__; s__	1.0
90fe8ac172f1631ee3c787d7c8f675d0	k__Bacteria; p__Actinobacteria; c__Acidimicrobiia; o__Acidimicrobiales; f__JdFBGBact; g__; s__	1.0
a449618b587421017d9b4c93906985c9	k__Bacteria; p__TM6; c__SJA-4; o__YJF2-48; f__; g__; s__	0.9
d019528e91747ab14f6a74a9c3f52c7b	k__Bacteria; p__Proteobacteria; c__Gammaproteobacteria; o__Xanthomonadales; f__Xanthomonadaceae; g__; s__	1.0
f09b4fb924607a12c24fa6b561541826	k__Bacteria; p__Bacteroidetes; c__Bacteroidia; o__Bacteroidales; f__Porphyromonadaceae; g__Paludibacter; s__	1.0
d434b48b87f353485f495131f7262760	k__Bacteria; p__Fusobacteria; c__Fusobacteriia; o__Fusobacteriales; f__Fusobacteriaceae; g__Fusobacterium; s__	0.8
1b6579e791489900bc0816a17d3dc7f1	k__Bacteria; p__Proteobacteria; c__Gammaproteobacteria	1.0
fb2fdf75cb53916e26d336e7a977f909	k__Bacteria; p__Cyanobacteria; c__Chloroplast; o__Stramenopiles; f__; g__; s__	1.0
c60dd538706b9b0aaadd8e0e2fe37d11	k__Bacteria; p__Cyanobacteria; c__Synechococcophycideae; o__Synechococcales; f__Synechococcaceae; g__Synechococcus; s__	1.0
567baef19abed192e930bd5777ad282e	k__Bacteria; p__Proteobacteria; c__Alphaproteobacteria; o__BD7-3; f__; g__; s__	1.0
93a6f2c11dce0ca27431462a02907f4c	k__Bacteria; p__Verrucomicrobia; c__[Spartobacteria]; o__[Chthoniobacterales]; f__[Chthoniobacteraceae]; g__Candidatus Xiphinematobacter; s__	1.0
4c3973542052ee7752046cc54d35410f	k__Bacteria; p__Proteobacteria; c__Gammaproteobacteria; o__Aeromonadales; f__Aeromonadaceae; g__; s__	0.8
44977a0630531aba583b7c0c2d5d6690	k__Bacteria; p__Chlamydiae; c__Chlamydiia; o__Chlamydiales	0.9
b791e9c778494ea03dee8e8fc228ce6b	k__Bacteria; p__Actinobacteria; c__Actinobacteria; o__Actinomycetales	0.9
128633a5f504617a9510ef34dc163242	k__Bacteria; p__Proteobacteria; c__Betaproteobacteria; o__Burkholderiales	0.7
e81caecc25973d32f6b8012118729e1b	k__Bacteria; p__Acidobacteria; c__Holophagae; o__Holophagales; f__Holophagaceae; g__; s__	0.9
63b2c3c83a4f324feb4ddcc6d4f59e6a	k__Bacteria; p__Verrucomicrobia; c__[Spartobacteria]; o__[Chthoniobacterales]; f__[Chthoniobacteraceae]; g__Candidatus Xiphinematobacter; s__	1.0
fce1fb59d77c891f53f664f918e94be4	k__Bacteria; p__Firmicutes; c__Clostridia; o__Clostridiales; f__Ruminococcaceae; g__; s__	0.6
787ed19caeb4e94663123e7fd9208994	k__Bacteria; p__Firmicutes; c__Clostridia; o__Clostridiales; f__Clostridiaceae	0.6
018431b3bfaa223b34a23fd4f18dc47f	Unassigned	0.0
eeab26f8893949ba95f827dc35e38b87	k__Bacteria; p__Proteobacteria; c__Gammaproteobacteria; o__Alteromonadales; f__OM60; g__Congregibacter; s__	0.8
c70fd63d8af6b4d5afd9ff20e74d32b2	k__Bacteria; p__Proteobacteria; c__Alphaproteobacteria; o__Rhodobacterales; f__Hyphomonadaceae; g__; s__	0.9
c155a88cf303f5f030bef707fbbe0fac	k__Bacteria; p__Proteobacteria; c__Alphaproteobacteria; o__Rickettsiales; f__; g__; s__	0.7
29ed6521e8bbf3add7c23f3b7ef8fd6b	k__Bacteria; p__Proteobacteria; c__Betaproteobacteria; o__Methylophilales; f__Methylophilaceae	0.7
d7fb0ab51f726817d0c107bcec55310c	k__Bacteria; p__Proteobacteria; c__Alphaproteobacteria; o__BD7-3; f__; g__; s__	1.0
69a5e2e3a965d9ef3c46732f9338ce50	k__Bacteria; p__Verrucomicrobia; c__[Pedosphaerae]; o__[Pedosphaerales]; f__; g__; s__	0.7
68fa1ab29b870905472ba63d9903ece1	k__Bacteria; p__Proteobacteria; c__Alphaproteobacteria; o__Rhodospirillales; f__Rhodospirillaceae; g__; s__	0.6
7eabd7d2f3e6a52f10072e1c790ebda7	k__Bacteria	1.0
b0f64843a4df97572f581548eee0375e	k__Bacteria; p__Firmicutes; c__Erysipelotrichi; o__Erysipelotrichales; f__Erysipelotrichaceae; g__RFN20; s__	0.6
f78b48352bc7d34f14de4b7c70197e98	k__Bacteria; p__Firmicutes; c__Clostridia; o__Clostridiales	0.6
e2457dbb1abf654aaccc820e405bf0f4	k__Bacteria; p__Cyanobacteria; c__Nostocophycideae; o__Nostocales; f__Nostocaceae; g__Dolichospermum; s__	0.6
25e9ecbd186d78cd596b8d281bf8ceb3	k__Bacteria; p__Proteobacteria; c__Betaproteobacteria; o__Burkholderiales; f__Comamonadaceae	1.0
bc400da803a6e7bd2e45907624bbf87f	k__Bacteria; p__Proteobacteria; c__Betaproteobacteria; o__; f__; g__; s__	0.6
d19fb79c6a5ed304806e0b8cd1b23909	k__Bacteria; p__Proteobacteria; c__Alphaproteobacteria; o__Rhizobiales; f__Methylocystaceae; g__Methylosinus; s__	1.0
6b3585f58cef1f4d24989e750ccf12e9	k__Bacteria; p__Bacteroidetes; c__Flavobacteriia; o__Flavobacteriales; f__Cryomorphaceae; g__; s__	0.8
bbf87299807948e38ac5aa0c5d2d5446	k__Bacteria; p__NC10; c__; o__; f__; g__; s__	1.0
16d0f30b0d93d7a174c82ea9c7cdc2e6	k__Bacteria; p__Proteobacteria; c__Deltaproteobacteria; o__Myxococcales; f__; g__; s__	1.0
bd556f1dfbdeaa56cff1328f0833934d	k__Bacteria; p__Bacteroidetes; c__BME43; o__; f__; g__; s__	0.6
77f7470cea15663b6f7c8ed1a68b9c1c	k__Bacteria; p__Proteobacteria; c__Alphaproteobacteria; o__; f__; g__; s__	1.0
da701841efb0467b56232802e571434c	Unassigned	0.0
fe4b51311ede4a0347e79d5d32fd93b1	k__Bacteria; p__Proteobacteria; c__Betaproteobacteria; o__Neisseriales; f__Neisseriaceae; g__Chromobacterium; s__	0.6
2b98211d39384f2311264df9f8bbefe8	k__Bacteria; p__Proteobacteria; c__Deltaproteobacteria; o__Bdellovibrionales; f__Bdellovibrionaceae; g__Bdellovibrio; s__	0.8
6c2a4ed7d7a2fab88e227084160c2b99	k__Bacteria; p__Verrucomicrobia; c__[Pedosphaerae]; o__[Pedosphaerales]; f__; g__; s__	0.8
1d5963f4561941d836b283987423948a	Unassigned	0.0
c218f0a033800c5301d73bc73c18caea	k__Bacteria; p__Actinobacteria; c__Thermoleophilia; o__Solirubrobacterales; f__Conexibacteraceae; g__; s__	0.6
6798d19a1012a6efa98e6f6c769be76a	k__Bacteria; p__Proteobacteria; c__Betaproteobacteria; o__SBla14; f__; g__; s__	0.7
bac21c2ae1984a521bcb06168eea5300	k__Archaea; p__[Parvarchaeota]; c__[Parvarchaea]; o__WCHD3-30; f__; g__; s__	1.0
5b23e5019524bafa7b53ec4197be83ea	k__Bacteria; p__Bacteroidetes; c__Cytophagia; o__Cytophagales; f__Cytophagaceae; g__; s__	1.0
788d0fabb8726bd5a1d840bf4f335351	k__Bacteria; p__Bacteroidetes; c__Flavobacteriia; o__Flavobacteriales; f__Flavobacteriaceae; g__Flavobacterium; s__	0.6
417c18286c27a00d8ac99ed77813ee28	k__Bacteria; p__Bacteroidetes; c__Flavobacteriia; o__Flavobacteriales; f__Flavobacteriaceae; g__Flavobacterium; s__	1.0
cd1e7d67518d7afb0e3b50a31e7177e5	k__Bacteria; p__Bacteroidetes	1.0
5bf2d6e6ef105cf6f332e1ebd87567b1	k__Bacteria; p__Proteobacteria; c__Gammaproteobacteria; o__Legionellales; f__Legionellaceae	1.0
a8bba67eedb2440c2ae38b719d2de972	k__Bacteria; p__Bacteroidetes; c__Sphingobacteriia; o__Sphingobacteriales; f__; g__; s__	0.8
a67d2ee036da95fe2e2d414bd6ddc4a1	k__Bacteria; p__Bacteroidetes; c__Sphingobacteriia; o__Sphingobacteriales; f__; g__; s__	0.9
0716fbdc553c61184123ec680c6fa0e5	k__Bacteria; p__Cyanobacteria; c__Chloroplast; o__Stramenopiles; f__; g__; s__	0.9
d9ddde8511fed1c243b0343169848129	Unassigned	0.0
ef188f6502a5fe08caba8bf39ab1edb9	k__Bacteria; p__Proteobacteria; c__Alphaproteobacteria; o__Sphingomonadales; f__Sphingomonadaceae; g__; s__	1.0
80d6fb5c2c94f06a1382e2be5eeb213b	k__Bacteria; p__Proteobacteria; c__Alphaproteobacteria; o__BD7-3; f__; g__; s__	1.0
ad426943b63fc59a62277c699c48f91e	k__Bacteria; p__Proteobacteria; c__Deltaproteobacteria; o__Spirobacillales; f__; g__; s__	1.0
c72a3f298853dbca727f12f94ad47d09	k__Bacteria; p__OP8; c__OP8_1; o__; f__; g__; s__	0.9
05ecf9e0d64ca3f57131483e3f99b1e5	k__Bacteria; p__Actinobacteria; c__Actinobacteria; o__Actinomycetales; f__Cellulomonadaceae; g__Demequina; s__	0.7
32c65c62ce21f14804541223e3d8b8bb	k__Bacteria; p__Proteobacteria; c__Deltaproteobacteria; o__Bdellovibrionales; f__Bdellovibrionaceae; g__Bdellovibrio; s__	1.0
e6e3dc2c366b698146a9167734ef5cd1	Unassigned	0.0
5ead2b2244c5b91af1de0594fe585fa6	k__Bacteria; p__Proteobacteria; c__Betaproteobacteria; o__Rhodocyclales; f__Rhodocyclaceae; g__Sulfuritalea; s__	0.6
8f1571be3f3ec0eca05df23db26a6b2e	Unassigned	0.0
ee9da7625e624f75a513e82f16eead86	k__Bacteria; p__Proteobacteria; c__Deltaproteobacteria; o__Myxococcales; f__; g__; s__	1.0
4887d27aa0e6ad9bf408a2918837c487	k__Bacteria; p__Proteobacteria; c__Alphaproteobacteria; o__Rickettsiales; f__; g__; s__	0.9
6b6e541a36b5df5f1d2519b90cbf95f8	k__Bacteria; p__Proteobacteria; c__Betaproteobacteria; o__; f__; g__; s__	0.9
756e2234534276fa033cd94fb9d8f82a	k__Bacteria; p__Proteobacteria; c__Betaproteobacteria; o__Rhodocyclales; f__Rhodocyclaceae; g__Zoogloea; s__	0.9
018b803b4bae1bb1260bd09b7b456e53	k__Bacteria; p__Proteobacteria; c__Deltaproteobacteria; o__Myxococcales; f__; g__; s__	0.7
0c1efa24935d16ff60a0ca825568f094	k__Archaea; p__Euryarchaeota; c__Thermoplasmata; o__E2; f__[Methanomassiliicoccaceae]; g__vadinCA11; s__	1.0
46d37c604107ff2edc7490a288a881e4	k__Bacteria; p__Proteobacteria; c__Betaproteobacteria; o__Neisseriales; f__Neisseriaceae	1.0
0f87ab202163ba9a603d0fd04261a7df	k__Bacteria; p__Proteobacteria; c__Alphaproteobacteria; o__Rhodospirillales; f__Acetobacteraceae	1.0
cc9a3043247bced0411bfa1ff7f1d4d9	k__Bacteria; p__Planctomycetes; c__Phycisphaerae; o__Phycisphaerales; f__; g__; s__	1.0
096e97635d45d0a04e77e51e266f51f7	k__Bacteria; p__Verrucomicrobia; c__[Spartobacteria]; o__[Chthoniobacterales]; f__[Chthoniobacteraceae]; g__; s__	0.7
48ede5bdbef039ebb4cb6f04687bf349	k__Bacteria; p__Proteobacteria; c__Deltaproteobacteria; o__Spirobacillales; f__; g__; s__	1.0
7d8206f038ce5ac92b1d68a6d4614af4	k__Bacteria; p__Planctomycetes; c__Planctomycetia; o__Pirellulales; f__Pirellulaceae; g__; s__	1.0
141d734ffbb67f05afdc38f348e73c0b	k__Bacteria; p__Proteobacteria; c__Gammaproteobacteria; o__Aeromonadales; f__Aeromonadaceae	0.8
76a80a98f00821f74262b7cc148fbeed	k__Bacteria; p__Bacteroidetes; c__BME43; o__; f__; g__; s__	1.0
88223a26fdfb712ef3fe69cc20cb6a4d	k__Bacteria; p__GN02; c__3BR-5F; o__; f__; g__; s__	0.6666666666666666
3942cc77d68336bdd99927a1ea3c5da3	k__Bacteria; p__Proteobacteria; c__Alphaproteobacteria; o__Rhizobiales; f__; g__; s__	0.9
b6a8c64bf483c5268d28e6d695c1b677	k__Bacteria; p__Proteobacteria; c__Betaproteobacteria; o__Methylophilales; f__Methylophilaceae; g__; s__	0.8
26218c55f65218c3076b86fb7adaa461	k__Bacteria; p__Bacteroidetes; c__Flavobacteriia; o__Flavobacteriales; f__Cryomorphaceae; g__Fluviicola; s__	1.0
cfaf428a3a94c5613ce5cbc5f70701d2	k__Bacteria; p__Proteobacteria; c__Betaproteobacteria; o__Burkholderiales; f__Oxalobacteraceae; g__; s__	0.8
c36356d78d8a450e9b185bd8601d26e4	k__Bacteria; p__Proteobacteria; c__Deltaproteobacteria; o__PB19; f__; g__; s__	0.6
fdee04c61407add8d17133496ae6b238	k__Bacteria; p__Planctomycetes; c__Planctomycetia; o__Pirellulales; f__Pirellulaceae; g__; s__	1.0
deb3a44256fc6eff0e574d0ec239a6e1	k__Bacteria; p__Actinobacteria; c__Acidimicrobiia; o__Acidimicrobiales; f__C111; g__; s__	1.0
816a915d56919a05a25e575fe100f91c	k__Bacteria; p__Proteobacteria; c__Betaproteobacteria; o__Rhodocyclales; f__Rhodocyclaceae; g__Dechloromonas; s__	0.8
318f36a604af73c186d5a94ef9de05c7	k__Bacteria; p__Proteobacteria; c__Betaproteobacteria; o__Burkholderiales; f__Comamonadaceae; g__Polaromonas; s__	0.9
16020a149a97678645c4578456241665	k__Bacteria; p__TM6	1.0
af1e530028eb32064b758060e29ac46c	k__Bacteria; p__Verrucomicrobia; c__Opitutae; o__Puniceicoccales; f__Puniceicoccaceae; g__Coraliomargarita; s__	0.6
a5976f48754e17dc3600232a5d07ea3e	k__Bacteria; p__Bacteroidetes	1.0
dbcb59437a581c9cf8bccffa26bcf3e3	k__Bacteria; p__Proteobacteria; c__Deltaproteobacteria; o__Syntrophobacterales; f__Syntrophaceae; g__Desulfobacca; s__	1.0
7cea744fba331c38f27425373e548bf5	k__Bacteria; p__Verrucomicrobia; c__Opitutae; o__Opitutales; f__Opitutaceae; g__; s__	1.0
65e7a77b6c08ec9025a6aaa8366d09b9	k__Bacteria; p__Proteobacteria; c__Deltaproteobacteria; o__Syntrophobacterales; f__Syntrophaceae; g__; s__	0.9
f6bfc09ebce4c5879a2fd3bd604ebf44	k__Bacteria; p__Proteobacteria; c__Alphaproteobacteria; o__BD7-3; f__; g__; s__	1.0
ade94264961d3848a729f8e65dc7e0a5	k__Bacteria; p__Gemmatimonadetes; c__Gemmatimonadetes; o__Gemmatimonadales; f__A1-B1; g__; s__	0.8
a78b8900d580a9ae87aa0a823f11a6fe	k__Bacteria; p__Proteobacteria; c__Alphaproteobacteria; o__Rhodobacterales; f__Rhodobacteraceae; g__Rhodobacter; s__	1.0
76736c1536659555f18339ba3e079237	k__Bacteria; p__Cyanobacteria; c__Chloroplast; o__Stramenopiles; f__; g__; s__	1.0
5d4154b4114902308f6d28848f53db5c	k__Bacteria; p__Proteobacteria; c__Alphaproteobacteria; o__Rhizobiales	1.0
2650254dfc2e1f787bad81d6b80bdee6	k__Bacteria; p__Bacteroidetes; c__[Saprospirae]; o__[Saprospirales]; f__Chitinophagaceae; g__; s__	1.0
0eb57b3a990dc763147dc141774f2f29	k__Bacteria; p__OD1; c__ZB2; o__; f__; g__; s__	1.0
27c741cbafeb7d87005851e23aaa472b	k__Bacteria; p__Cyanobacteria; c__Synechococcophycideae; o__Pseudanabaenales; f__Pseudanabaenaceae	0.9
b51acfd8439e385f1e865efe78b94177	k__Bacteria; p__Proteobacteria; c__Deltaproteobacteria; o__Bdellovibrionales; f__Bdellovibrionaceae; g__Bdellovibrio; s__	1.0
261e96529d6e189ffca38118619b82c0	k__Bacteria; p__Bacteroidetes; c__Flavobacteriia; o__Flavobacteriales; f__[Weeksellaceae]; g__Chryseobacterium; s__	1.0
80d92f84a7d5686221c983ea4c64d11b	k__Bacteria; p__Verrucomicrobia; c__Verruco-5; o__SS1-B-03-39; f__; g__; s__	1.0
561572e9a912a06645263e23608ce606	k__Bacteria; p__Planctomycetes; c__Planctomycetia; o__Pirellulales; f__Pirellulaceae; g__; s__	1.0
4869394818012049ca52c4b18f1d0d2d	k__Bacteria; p__Proteobacteria; c__Alphaproteobacteria	0.75
7816673891a6ab3458b62a3c73556b4a	k__Bacteria; p__Proteobacteria; c__Alphaproteobacteria; o__Rhodospirillales; f__Acetobacteraceae; g__Roseococcus; s__	1.0
6619b8b5b73686fc45b3de7cf4dd3d5f	k__Bacteria; p__Bacteroidetes; c__[Saprospirae]; o__[Saprospirales]; f__Chitinophagaceae; g__; s__	1.0
775e3ab6ac2e3eb0e97e92eec2ee6447	Unassigned	0.0
52a0e4fcc2f6671cd1188cd79debeb55	k__Bacteria; p__OP11; c__WCHB1-64	1.0
98828b2ae2c45bd0d696b6b65bafb78c	k__Bacteria; p__OP3; c__PBS-25; o__; f__; g__; s__	1.0
ccc924b286f98441ffa3a2931a5af989	k__Bacteria; p__Bacteroidetes; c__Cytophagia; o__Cytophagales; f__[Amoebophilaceae]; g__; s__	0.7
3eff2d37e7da2eaeab88ee89f65418cb	k__Bacteria; p__Actinobacteria; c__Actinobacteria; o__Actinomycetales; f__Microbacteriaceae; g__; s__	0.8
e2139468d162204d7421f75bda17113c	k__Bacteria; p__Bacteroidetes; c__Cytophagia; o__Cytophagales; f__Cytophagaceae; g__; s__	1.0
243ef66b945d9c04c7e07f1e2ae85e76	k__Bacteria; p__Bacteroidetes; c__Sphingobacteriia; o__Sphingobacteriales; f__; g__; s__	1.0
aff81d6e786acc8e5e2303c4ba109845	k__Bacteria; p__Proteobacteria; c__Gammaproteobacteria; o__Legionellales	0.6
280677ac883a80431d7b0b7da50cb94a	k__Bacteria; p__Proteobacteria; c__Alphaproteobacteria	1.0
69da56484096227a164915ef63cc489b	k__Bacteria; p__Planctomycetes; c__Planctomycetia; o__B97; f__; g__; s__	0.9
ce33f41f9017c255905c67a1f531517f	k__Bacteria; p__Proteobacteria; c__Alphaproteobacteria; o__BD7-3; f__; g__; s__	1.0
55900b1dc870fe8f32bfc673f8039b85	k__Bacteria; p__Proteobacteria; c__Betaproteobacteria; o__Burkholderiales; f__Comamonadaceae; g__; s__	0.6
fc26660ea0991d9fa395c72ab705bbfe	k__Bacteria; p__Proteobacteria; c__Betaproteobacteria; o__Burkholderiales; f__Comamonadaceae	1.0
628a068d9cafebb220f1a7a615a08643	k__Bacteria; p__Actinobacteria; c__Acidimicrobiia; o__Acidimicrobiales; f__C111; g__; s__	1.0
69e73c2d283e99ac4ef010fd76a1bfc2	k__Bacteria; p__Cyanobacteria; c__4C0d-2; o__MLE1-12; f__; g__; s__	1.0
e169a1d50a1c5a5a0d5143b6127c9296	k__Bacteria; p__OD1; c__ZB2; o__; f__; g__; s__	1.0
264d6cde874434849095488112f20d7f	k__Bacteria; p__Bacteroidetes; c__Sphingobacteriia; o__Sphingobacteriales; f__; g__; s__	0.8
c7f5c3454ea51f571bf78995298f72fb	k__Bacteria; p__Proteobacteria; c__Deltaproteobacteria; o__Myxococcales; f__; g__; s__	1.0
94499da42243526f2e3f589eb3273657	k__Bacteria; p__Proteobacteria; c__Deltaproteobacteria; o__Myxococcales; f__Myxococcaceae; g__Anaeromyxobacter; s__	1.0
37e083a2e83a83c65d621252174bb093	k__Bacteria; p__Bacteroidetes; c__Cytophagia; o__Cytophagales	1.0
8dc37c077a8ee28385ff11f5d1f95d45	k__Bacteria; p__Bacteroidetes; c__Flavobacteriia; o__Flavobacteriales; f__[Weeksellaceae]; g__Chryseobacterium; s__	1.0
0cbdc971e55bf1d4937d16f00ba5cdcf	k__Bacteria; p__Proteobacteria; c__TA18; o__CV90; f__; g__; s__	1.0
19bc223d42cc85381c656491ac207d07	k__Bacteria; p__Proteobacteria; c__Deltaproteobacteria; o__Desulfobacterales; f__Desulfobacteraceae; g__; s__	0.9
3d2b63f57171330065eda1e8cc2c8f63	k__Bacteria; p__GN02; c__BD1-5; o__; f__; g__; s__	1.0
796559a302ec111a232e48a64e4b01c7	k__Bacteria; p__Verrucomicrobia; c__Verruco-5; o__WCHB1-41; f__; g__; s__	1.0
c206e2d4d86650864368ef6fecbdcdbe	k__Bacteria; p__Planctomycetes; c__Planctomycetia; o__Pirellulales; f__Pirellulaceae; g__; s__	1.0
636cc4f7263e84e45cfb31396ee728f9	k__Bacteria; p__Bacteroidetes; c__[Saprospirae]; o__[Saprospirales]; f__Saprospiraceae; g__Haliscomenobacter; s__	1.0
753a11bb4b3509a1807d59f3677039c5	k__Bacteria; p__Cyanobacteria; c__Synechococcophycideae; o__Pseudanabaenales; f__Pseudanabaenaceae; g__Leptolyngbya; s__	1.0
a69b24fe6b4a5ea62bef36c1310ec888	k__Bacteria; p__Bacteroidetes	1.0
4fcfaf7f1201714e44bcf0567baeee0f	k__Bacteria; p__Firmicutes; c__Bacilli; o__Bacillales; f__Bacillaceae; g__Bacillus	0.8
477e0b995e15d38d0ae11863d2d2f240	k__Bacteria; p__Proteobacteria; c__Alphaproteobacteria; o__Rhodospirillales; f__Rhodospirillaceae; g__Azospirillum; s__	1.0
78b76fca73ddfa6354c1d6942bb19e9c	k__Bacteria; p__Proteobacteria; c__Gammaproteobacteria	0.6
08553fa2824740b44af0a38b59da3f20	k__Bacteria; p__OD1; c__Mb-NB09; o__; f__; g__; s__	0.8571428571428571
7ba2de6419b072e046eee9180bc5c53c	k__Bacteria; p__Proteobacteria; c__Alphaproteobacteria; o__; f__; g__; s__	0.7
6d4636d72aa57556566fe36297b928d2	Unassigned	0.0
8da0f75dc43db952eb40bcd3c3be0043	k__Bacteria; p__Proteobacteria; c__Gammaproteobacteria; o__Pseudomonadales; f__Pseudomonadaceae; g__Pseudomonas; s__	0.8
e6cabcbd0e47ae14fd77d2e5eb5530a7	k__Bacteria; p__Bacteroidetes; c__Cytophagia; o__Cytophagales; f__; g__; s__	0.6
dee138aa4aeb37b027a1c775d91423d4	k__Bacteria; p__Proteobacteria; c__Alphaproteobacteria; o__Rhodobacterales; f__Rhodobacteraceae	1.0
2cc6e9034a1956e889f06fdfc5e09b0a	k__Bacteria; p__Cyanobacteria; c__Chloroplast; o__Streptophyta; f__; g__; s__	0.9
c30d333fe1b100c9dc53d09201949fbb	k__Bacteria; p__Acidobacteria; c__Acidobacteria-6; o__iii1-15; f__; g__; s__	1.0
d5123c8617566d23caa68323190d8eb1	k__Bacteria; p__Proteobacteria; c__Deltaproteobacteria; o__Desulfuromonadales; f__Geobacteraceae; g__Geobacter; s__	0.8
461189ed5ff4660595aceec66453e7f6	k__Bacteria; p__Proteobacteria; c__Alphaproteobacteria; o__Rickettsiales; f__; g__; s__	0.7
34d903ed278109145ae330286eb7e539	k__Bacteria; p__Bacteroidetes; c__Bacteroidia; o__Bacteroidales; f__Bacteroidaceae; g__Bacteroides; s__	0.7
58e7f69447637e8e1b42ed826d3dede2	k__Bacteria; p__SR1; c__; o__; f__; g__; s__	1.0
8c9a01d01924576d6855cc6b543abfe7	k__Bacteria; p__Proteobacteria; c__Betaproteobacteria; o__Burkholderiales; f__Comamonadaceae	1.0
4533ef70e9a0a1c6b038d9767d23befd	k__Bacteria; p__Proteobacteria; c__Gammaproteobacteria; o__Pseudomonadales; f__Pseudomonadaceae; g__Pseudomonas; s__	1.0
405d89f1bba4dc38b7311a9ef597ce8e	k__Bacteria; p__Firmicutes; c__Clostridia; o__Clostridiales; f__Clostridiaceae; g__; s__	1.0
ad716d6856a707e990092bb3f411686a	k__Bacteria; p__Acidobacteria; c__Solibacteres; o__Solibacterales; f__[Bryobacteraceae]; g__; s__	1.0
6dfd30ee62e32941a81ce0f5be4f6e51	k__Bacteria; p__Proteobacteria; c__Alphaproteobacteria	1.0
2c39e0a382650c909efbc622f225fb27	k__Bacteria; p__Planctomycetes; c__Planctomycetia; o__Pirellulales; f__Pirellulaceae; g__; s__	0.9
4174520c40c51e5a35e0d4d6ab99745f	k__Bacteria; p__Bacteroidetes; c__Sphingobacteriia; o__Sphingobacteriales; f__Sphingobacteriaceae; g__Pedobacter; s__	0.9
55fb1d4f270b632e63b25947a3bde28c	k__Bacteria; p__OD1; c__ZB2; o__; f__; g__; s__	1.0
df57c3cf7c002dcd7e280b7cbe039410	k__Bacteria; p__Proteobacteria; c__Gammaproteobacteria; o__Aeromonadales; f__Aeromonadaceae; g__; s__	0.8
72810e277fe373b5a640305317070cde	k__Bacteria; p__Proteobacteria; c__Gammaproteobacteria; o__Legionellales; f__Coxiellaceae; g__; s__	0.8
6c396444e2d4dca1e6d1b776f4f1941b	k__Bacteria; p__Proteobacteria; c__Deltaproteobacteria	0.6
ca5a336d8a244779f20fce69a5acb4be	k__Bacteria; p__Planctomycetes; c__Planctomycetia; o__Gemmatales; f__Gemmataceae; g__Gemmata; s__	1.0
fff5a720926e95fccab95fbdaaefc3a7	k__Bacteria; p__Cyanobacteria; c__Chloroplast; o__Stramenopiles; f__; g__; s__	1.0
b6a796a3e8c45e8cf75d3cc701b1dcf0	k__Bacteria; p__Acidobacteria; c__[Chloracidobacteria]; o__PK29; f__; g__; s__	1.0
3833d482e8205d955b8f22028fbae266	k__Bacteria; p__Planctomycetes; c__Planctomycetia; o__Pirellulales; f__Pirellulaceae; g__; s__	1.0
2af7cb6cce50acaaddda688606a7bbc9	k__Bacteria; p__Planctomycetes; c__Planctomycetia; o__Pirellulales; f__Pirellulaceae; g__; s__	1.0
072a912d0577f97ccd407bdf3e281985	k__Bacteria; p__Armatimonadetes; c__[Fimbriimonadia]; o__[Fimbriimonadales]; f__[Fimbriimonadaceae]	1.0
5355aae4f7a81533265bdbe287339eed	k__Bacteria; p__Proteobacteria; c__Deltaproteobacteria; o__Myxococcales; f__OM27; g__; s__	1.0
6734f0a3fa1744cd7c030283c13bc9c0	k__Bacteria	1.0
4905ae83fb7b29ec4846e54ed3dc3954	k__Bacteria; p__Proteobacteria; c__Betaproteobacteria; o__Burkholderiales; f__Comamonadaceae	1.0
7dee4f1670c68cc42e7eb483f344aaff	k__Bacteria; p__Cyanobacteria; c__Chloroplast; o__Streptophyta; f__; g__; s__	1.0
6af7bafc077cffaaeb1d01ba144b2e66	k__Bacteria; p__Bacteroidetes; c__Sphingobacteriia; o__Sphingobacteriales; f__; g__; s__	1.0
ee80de692d8e2c68b8e8e661d1a795fa	k__Bacteria; p__Proteobacteria; c__Alphaproteobacteria; o__Rhodobacterales; f__Rhodobacteraceae; g__; s__	0.9
e326c749a8b53d06f9b85cc243fb5e2f	k__Bacteria; p__Proteobacteria; c__Alphaproteobacteria; o__Rickettsiales; f__; g__; s__	1.0
8ebe8fd191d5887c902dfe4fe80e085c	k__Bacteria; p__TM7; c__TM7-1; o__; f__; g__; s__	1.0
572f5f2a9376894c121d2dabbeff50c7	k__Bacteria; p__Proteobacteria; c__Gammaproteobacteria; o__Methylococcales; f__Methylococcaceae; g__Methylocaldum; s__	0.6
c7cf177d53ec6a3f640bebe1f65f7205	k__Bacteria; p__Verrucomicrobia; c__[Spartobacteria]; o__[Chthoniobacterales]; f__[Chthoniobacteraceae]; g__; s__	0.9
b8e4983faff0897da883eae76b3431f8	k__Bacteria; p__Proteobacteria; c__Gammaproteobacteria; o__Legionellales; f__; g__; s__	0.6
c7e57cf91c5b894c3d5e809ff99d85f9	k__Bacteria; p__Proteobacteria; c__Betaproteobacteria; o__Rhodocyclales; f__Rhodocyclaceae; g__Propionivibrio; s__	0.8
a58f013610644880bf44b45fccd7db18	k__Bacteria; p__Proteobacteria; c__Deltaproteobacteria; o__MIZ46; f__; g__; s__	1.0
652f2e70ed3d49db167dfd68cfdb95d8	Unassigned	0.0
8d72432371df97b7bf4d93468368bd70	k__Bacteria; p__Bacteroidetes; c__Cytophagia; o__Cytophagales; f__Cytophagaceae; g__Dyadobacter; s__	1.0
0e844ac2d1a02096d22426d10cc59993	k__Bacteria; p__Bacteroidetes; c__[Saprospirae]; o__[Saprospirales]; f__Saprospiraceae; g__; s__	1.0
1191ea3e2c77a4dbab217dc8c946831e	k__Bacteria; p__Proteobacteria; c__Gammaproteobacteria; o__Xanthomonadales; f__Sinobacteraceae; g__; s__	1.0
4755d8cdf3bd960db3b20c21a7d89b2d	k__Bacteria; p__Bacteroidetes; c__[Saprospirae]; o__[Saprospirales]; f__Chitinophagaceae; g__; s__	1.0
9625cbbb62d86c336d11d29ffcf368b0	k__Bacteria; p__Proteobacteria; c__Gammaproteobacteria; o__Xanthomonadales; f__Sinobacteraceae; g__; s__	1.0
906271116660edc06e03e84105390c3f	k__Bacteria; p__Firmicutes; c__Bacilli; o__Bacillales; f__Paenibacillaceae; g__Paenibacillus; s__amylolyticus	0.6
7ef1427a16db04edcc38263c059f49a8	k__Bacteria; p__Cyanobacteria; c__Chloroplast; o__Streptophyta; f__; g__; s__	1.0
d0042d3a11360c310437ad8533fa9fd9	k__Bacteria; p__Proteobacteria; c__Deltaproteobacteria; o__Myxococcales; f__; g__; s__	0.9
daeba29fe0c801f40b42db574c5f9518	k__Bacteria; p__Proteobacteria; c__Deltaproteobacteria; o__NKB15; f__; g__; s__	1.0
53f7a287cd19295d30fee9a0a4e48ad5	k__Bacteria; p__Proteobacteria; c__Alphaproteobacteria; o__Rhodospirillales; f__Acetobacteraceae; g__; s__	0.9
c00e1183e8daf35f1dcbb5a052fc050f	k__Bacteria; p__Firmicutes; c__Clostridia; o__Clostridiales	0.8
fbb1536c1d355d60a02fbade095fd5d8	k__Bacteria; p__OD1; c__ZB2; o__; f__; g__; s__	1.0
98408737bd420c41a0426fe64593dd97	k__Bacteria; p__Bacteroidetes; c__[Saprospirae]; o__[Saprospirales]; f__Saprospiraceae; g__; s__	1.0
6d5ab37e8528f060e584e88ee6af1744	k__Bacteria; p__Actinobacteria; c__Actinobacteria; o__Actinomycetales	0.9
aafe51085d08b9b5dc86cde1a5b858a6	k__Bacteria; p__Proteobacteria; c__Alphaproteobacteria; o__Rhodospirillales; f__Rhodospirillaceae; g__Magnetospirillum; s__	1.0
ea249e0ae85a7a0c37a826469d66375f	k__Bacteria; p__Firmicutes; c__Clostridia; o__Clostridiales; f__Ruminococcaceae; g__Ruminococcus; s__	0.7
3d57caa5dbf327ed5888628afd014b37	k__Bacteria; p__OD1; c__ZB2; o__; f__; g__; s__	1.0
5ca3b8a7d15813dc3cce4ed48a21c55b	k__Bacteria	1.0
9cfc1acbc2b7bc21253f438b422e35c7	k__Bacteria; p__Proteobacteria; c__Alphaproteobacteria; o__Rhodospirillales; f__Rhodospirillaceae; g__Magnetospirillum; s__	1.0
bff19c8c3c0408d01a6eea3771ff8384	k__Bacteria; p__Actinobacteria; c__Acidimicrobiia; o__Acidimicrobiales	1.0
53809395988785da909fd1274cffb655	k__Bacteria; p__Acidobacteria; c__Solibacteres; o__Solibacterales; f__; g__; s__	1.0
da0d27d8bc42f812cf60e5374e1cc8b2	k__Bacteria; p__Verrucomicrobia; c__Verrucomicrobiae; o__Verrucomicrobiales; f__Verrucomicrobiaceae; g__Luteolibacter; s__	1.0
a561d016a0c6b28fb7570e7530bef4d4	k__Bacteria; p__Verrucomicrobia; c__Verrucomicrobiae; o__Verrucomicrobiales; f__Verrucomicrobiaceae; g__; s__	1.0
55414ef8d449c82c8d8f8beec60779b3	k__Bacteria; p__Bacteroidetes; c__[Saprospirae]; o__[Saprospirales]; f__Chitinophagaceae; g__; s__	0.7
7026129724e37a833718bc37d5836bc8	k__Bacteria; p__Bacteroidetes; c__Cytophagia; o__Cytophagales; f__Cytophagaceae; g__Leadbetterella; s__	1.0
d43ef94cbc796ffdfc21110c4376ccb5	k__Bacteria; p__Proteobacteria; c__Alphaproteobacteria; o__Rhizobiales; f__Methylocystaceae	0.8
800b6782ff8c38d93eba4ed93833ce72	Unassigned	0.0
c72b138cf6714d9a83fb42b1904f19fa	k__Bacteria; p__Proteobacteria	0.7
e42c767b686dbc283160a191c24b7d19	k__Bacteria; p__Proteobacteria; c__Gammaproteobacteria; o__Legionellales; f__Legionellaceae; g__Legionella; s__	0.8
52ee8d2805005db4b9d47d8415373ee4	k__Bacteria	1.0
cfd3d0580085f74e6c5e0fe9c10ebabf	k__Bacteria; p__Cyanobacteria; c__Synechococcophycideae; o__Synechococcales; f__Synechococcaceae; g__Synechococcus; s__	1.0
28cb45bef1e17ef276ef780314afccc9	k__Bacteria; p__Actinobacteria; c__Actinobacteria; o__Actinomycetales; f__Mycobacteriaceae; g__Mycobacterium; s__	1.0
87e0e67985bef0393ae484e5b6c4f010	k__Bacteria; p__Fusobacteria; c__Fusobacteriia; o__Fusobacteriales; f__; g__; s__	0.8
76a9d9f2c19fb37b343dd29b29410f32	k__Bacteria; p__Verrucomicrobia; c__[Pedosphaerae]; o__[Pedosphaerales]; f__Ellin515; g__; s__	1.0
3a0924eb250037103608177e237b824f	k__Bacteria; p__Planctomycetes; c__Planctomycetia; o__Planctomycetales; f__Planctomycetaceae; g__Planctomyces; s__	1.0
a5c34fef0ff90226f87b088f552ac7aa	k__Bacteria; p__Proteobacteria	0.625
fd51b82bdd5a147357e3af748ed685e2	k__Bacteria; p__Proteobacteria; c__Betaproteobacteria; o__Burkholderiales; f__Comamonadaceae	0.9
6e9e419298caa98683201d665eb9a4fe	k__Bacteria; p__Cyanobacteria; c__Chloroplast; o__Stramenopiles; f__; g__; s__	1.0
4c610ef42afd7ca07dbf8a3cd93eae7a	k__Archaea; p__[Parvarchaeota]; c__[Parvarchaea]; o__WCHD3-30; f__; g__; s__	1.0
0c151f2b6f92aa54ea8cf99203c9ef17	k__Bacteria; p__Cyanobacteria; c__4C0d-2; o__SM1D11; f__; g__; s__	0.6
3fa9de3b5b26315241c2351a3971e0e0	k__Bacteria; p__OP3; c__; o__; f__; g__; s__	0.6
92870b7557ba58d353c2a12c27705417	k__Bacteria; p__Cyanobacteria; c__Chloroplast	1.0
7e8cf8779917d48a96d37d1a09929905	k__Bacteria; p__Proteobacteria; c__Alphaproteobacteria; o__Rhizobiales; f__Hyphomicrobiaceae; g__Devosia; s__	1.0
67c91d7867f9aa2bb0b56f54729c4a77	k__Bacteria; p__Proteobacteria; c__Alphaproteobacteria; o__Rickettsiales; f__mitochondria; g__Phytophthora	0.6
4282fd56e136623840268ccfe8040c20	k__Bacteria; p__Firmicutes; c__Clostridia; o__Clostridiales	0.7
e3dcb5168c38c176cdbfd8fb6f58a25b	k__Bacteria; p__Planctomycetes; c__Planctomycetia; o__Pirellulales; f__Pirellulaceae; g__; s__	1.0
0a857c58e1f1a3924f5f1ad515d6f108	k__Bacteria; p__Firmicutes; c__Clostridia; o__Clostridiales; f__Lachnospiraceae; g__; s__	0.7
c64701e1e1f59eba6447c417619adc44	k__Bacteria; p__Cyanobacteria; c__Chloroplast; o__Chlorophyta; f__Chlamydomonadaceae; g__; s__	0.6
e725efbecc74f3d1b92dc9775bf76e72	k__Bacteria; p__Proteobacteria; c__Alphaproteobacteria; o__Rickettsiales; f__; g__; s__	0.8
0bb36f1dedc57a1a33d77581bc85a62b	k__Bacteria; p__Planctomycetes; c__Planctomycetia; o__Planctomycetales; f__Planctomycetaceae; g__Planctomyces; s__	1.0
6a74f618846392cb407b09586b9d4899	k__Bacteria; p__Spirochaetes; c__Spirochaetes; o__Spirochaetales; f__Spirochaetaceae; g__Treponema; s__	1.0
349aacab81029cd3c3be5ac5877df64e	k__Bacteria; p__Cyanobacteria; c__Oscillatoriophycideae; o__Oscillatoriales; f__Phormidiaceae	0.8
fcdc76c36f6b87e51be780928db51699	k__Bacteria; p__Spirochaetes; c__Spirochaetes; o__[Borreliales]; f__[Borreliaceae]; g__Borrelia; s__	0.7
19bb35e40fb3db68816abb2a394b5cfb	k__Bacteria; p__Bacteroidetes; c__[Saprospirae]; o__[Saprospirales]; f__Chitinophagaceae; g__; s__	1.0
dde81243f2bdd91e7f527254fab66491	Unassigned	0.0
ade10b3cb0f4f266e849786e62bd56e7	k__Bacteria; p__Cyanobacteria; c__4C0d-2; o__YS2; f__; g__; s__	0.8
aede0a9ee19718b77bbab4a044c51555	k__Bacteria; p__Bacteroidetes; c__Cytophagia; o__Cytophagales; f__Cytophagaceae; g__; s__	1.0
8083fd9c4ac6e9af1fa13ee1c81837dd	k__Bacteria; p__Proteobacteria; c__Gammaproteobacteria; o__Legionellales; f__Coxiellaceae; g__Rickettsiella; s__	1.0
db31bf8d6634ea58696708739dacd0eb	k__Bacteria; p__Proteobacteria; c__Alphaproteobacteria; o__Rhodobacterales; f__Hyphomonadaceae; g__; s__	1.0
b7bf144588d0edecb03e9fb4f9f0e0d9	k__Bacteria	1.0
34868823c249d95fd5caa5b6ac135655	k__Bacteria; p__Proteobacteria; c__Alphaproteobacteria; o__Rickettsiales; f__; g__; s__	1.0
7380ff4a02323daf581cf7a6e60aa3e7	k__Bacteria; p__Cyanobacteria; c__Chloroplast; o__Stramenopiles; f__; g__; s__	1.0
fc0f5d51fe7c1091e28f01b7980cf44a	Unassigned	0.0
59f39661b1e9aa7cf8b90dd1fa70e4f3	k__Bacteria; p__[Thermi]; c__Deinococci; o__Deinococcales; f__Trueperaceae	1.0
795c60a70aab0fdd51854ffd4c4af037	k__Bacteria; p__Actinobacteria; c__Acidimicrobiia; o__Acidimicrobiales; f__Microthrixaceae; g__; s__	1.0
29a2757c3b13ecf806bc743a098697a2	k__Bacteria; p__Planctomycetes; c__Planctomycetia; o__Pirellulales; f__Pirellulaceae; g__; s__	1.0
991737b7f52fad89c96ec088892be473	k__Bacteria; p__Verrucomicrobia; c__Verrucomicrobiae; o__Verrucomicrobiales; f__Verrucomicrobiaceae; g__; s__	1.0
ce01be457494641279700bbcd2e8e177	k__Bacteria; p__Bacteroidetes; c__VC2_1_Bac22; o__; f__; g__; s__	0.7
db17149249b5ddf0fd4a6e6e25526d10	k__Bacteria; p__Proteobacteria; c__Alphaproteobacteria; o__Rhizobiales; f__Hyphomicrobiaceae; g__; s__	1.0
5a8ccdde32e93e639ac6f2f91535c49f	k__Bacteria; p__Bacteroidetes; c__Cytophagia; o__Cytophagales; f__[Amoebophilaceae]; g__SC3-56; s__	0.6
1a559d1fd8d55deb3c6c92febcf1f498	k__Bacteria; p__Proteobacteria; c__Gammaproteobacteria; o__Alteromonadales; f__OM60; g__; s__	0.9
32d6f20ce9408f966ea87373c78a5dcc	k__Bacteria; p__OD1; c__ZB2; o__; f__; g__; s__	1.0
76a1e47c1073ad60dd20cfa56503856d	k__Bacteria; p__Bacteroidetes; c__[Saprospirae]; o__[Saprospirales]; f__Saprospiraceae; g__; s__	0.9
0bd2a0859cfe20d3b28e496b8df480c9	Unassigned	0.0
94bb9d3b3eb8ff98f123f91e7b665979	Unassigned	0.0
d77df93ae18ee02c00e10729b07dc41b	k__Bacteria; p__Bacteroidetes; c__Flavobacteriia; o__Flavobacteriales; f__Flavobacteriaceae; g__Flavobacterium; s__	1.0
9491efb1e7212e8a668f36c3fa4a8df8	k__Bacteria; p__Verrucomicrobia; c__Verrucomicrobiae; o__Verrucomicrobiales; f__Verrucomicrobiaceae; g__; s__	1.0
2937a9e6eedb09b9dd59046e9520ed11	k__Bacteria; p__Proteobacteria; c__Alphaproteobacteria; o__Rhodobacterales; f__Hyphomonadaceae; g__; s__	1.0
209c87ba3fef41aba68b0930caf57727	k__Bacteria; p__Cyanobacteria; c__4C0d-2; o__YS2; f__; g__; s__	0.6
e7b61b2e282af4a5b471b1a57e48cdd2	k__Bacteria; p__Chloroflexi; c__Anaerolineae; o__SBR1031; f__A4b; g__; s__	0.9
8b46ed867434ad92120d968221f9c1ab	k__Bacteria; p__Proteobacteria; c__Gammaproteobacteria; o__Alteromonadales; f__[Chromatiaceae]; g__Rheinheimera; s__	1.0
c3f027d55b9ed0cbf4e725551921d7a6	k__Bacteria	1.0
c95dc5642325026450275a8392c97df5	Unassigned	0.0
e5f71740d12c7d9bb23df531f73cf840	k__Bacteria; p__Proteobacteria; c__Deltaproteobacteria; o__Desulfuromonadales	0.6
0e575d71571e843a3b21d0c9b855aa51	k__Bacteria; p__Proteobacteria; c__Betaproteobacteria; o__Burkholderiales; f__Comamonadaceae; g__Rubrivivax; s__gelatinosus	0.8
9284aaa375cb7eba4ac88e6f7d0a9387	Unassigned	0.0
766edef9ae07fedba73286b4ab60a459	k__Bacteria; p__Planctomycetes; c__Planctomycetia; o__Pirellulales; f__Pirellulaceae; g__; s__	1.0
52aec5bcd5047a4043f15c02e8be4c23	k__Bacteria; p__Proteobacteria; c__Deltaproteobacteria; o__Spirobacillales; f__; g__; s__	1.0
aae67c2d91c9f5b4e9f6c162bc0d91db	k__Bacteria; p__Firmicutes; c__Clostridia; o__Clostridiales; f__Clostridiaceae; g__Clostridium; s__	1.0
af4147996d154d6c0a646725f1527ac0	k__Bacteria; p__TM7; c__TM7-3	1.0
61a44ed7fbbfbda7419bf48c3eeb140a	k__Bacteria; p__Proteobacteria; c__Alphaproteobacteria; o__Rhizobiales; f__; g__; s__	1.0
f54c52b788e145415ee26be75d16e7ea	k__Bacteria; p__Proteobacteria; c__Gammaproteobacteria; o__Legionellales; f__Legionellaceae; g__; s__	0.6
78a7ae63eca8c72e5d80886a88c404d4	k__Bacteria; p__Proteobacteria; c__Deltaproteobacteria; o__Myxococcales; f__OM27; g__; s__	1.0
db50c3486d6f850148f83e818fa659b9	k__Bacteria; p__Proteobacteria; c__Alphaproteobacteria; o__Rhodobacterales; f__Rhodobacteraceae	1.0
afb6914e8a5b062f7e35d01f38e0c190	k__Bacteria; p__Proteobacteria; c__Deltaproteobacteria; o__Desulfarculales; f__Desulfarculaceae; g__; s__	0.7
2e8b714818489da1b053d0855ba722da	k__Bacteria; p__Planctomycetes; c__Phycisphaerae; o__CPla-3; f__; g__; s__	0.7
da78ec202acc3e2cd886f2c986db0f92	k__Bacteria; p__Actinobacteria; c__Thermoleophilia; o__Gaiellales; f__AK1AB1_02E; g__; s__	1.0
4af06481ac24fd7357fe045c39bb33c8	k__Bacteria; p__Proteobacteria; c__Alphaproteobacteria; o__Sphingomonadales	0.6
d2d933ff13dc97bd037837e7c412748f	k__Bacteria; p__Acidobacteria; c__Sva0725; o__Sva0725; f__; g__; s__	1.0
e97eec988bc44d697e75cfe84ca7a96d	k__Bacteria; p__Proteobacteria; c__Alphaproteobacteria; o__Rhizobiales	1.0
2d87c752740774fdcbbc08e597f394a0	k__Bacteria; p__Firmicutes; c__Clostridia; o__Clostridiales; f__Lachnospiraceae; g__; s__	1.0
3eaf824f63e63d3f4ab1594601f74257	k__Bacteria; p__Bacteroidetes; c__Bacteroidia; o__Bacteroidales; f__[Paraprevotellaceae]; g__; s__	0.8
d45c6321aa6aa86f4eb8a69c2b21c289	k__Bacteria; p__Bacteroidetes; c__Cytophagia; o__Cytophagales; f__Cytophagaceae; g__Emticicia; s__	1.0
773515c9708a5cdc725fe496b0095c51	k__Bacteria; p__Bacteroidetes; c__[Saprospirae]; o__[Saprospirales]; f__; g__; s__	1.0
df06d21743d78306a61605605011b13b	k__Bacteria; p__Actinobacteria; c__Actinobacteria; o__Actinomycetales; f__Microbacteriaceae; g__Candidatus Aquiluna; s__rubra	0.8
934fdf94ecd9058518e4b959d3c307f5	k__Bacteria; p__Proteobacteria; c__Alphaproteobacteria; o__Rhodospirillales; f__Acetobacteraceae; g__; s__	0.7
413af5827b01ade1077e9bbf0996422e	k__Bacteria; p__Proteobacteria; c__Alphaproteobacteria; o__Rickettsiales; f__mitochondria; g__Phytophthora	0.6
a69972464c8946d262da93f1852a9cda	k__Bacteria; p__Proteobacteria; c__Alphaproteobacteria	0.9
4c538e1e27ebbe5573a9aa49fbcf4395	k__Bacteria; p__Proteobacteria; c__Gammaproteobacteria; o__Enterobacteriales; f__Enterobacteriaceae; g__Plesiomonas	0.6
17bf41fae25aaf4a08c86e47c52f8fd2	k__Bacteria; p__Bacteroidetes; c__Flavobacteriia; o__Flavobacteriales; f__Cryomorphaceae; g__Fluviicola; s__	0.8
cbc315706e77f5129412f4ac78004537	k__Bacteria; p__Proteobacteria; c__Alphaproteobacteria; o__Rhizobiales	0.9
e55bbc796ea4c234d99f4027d3848520	k__Bacteria; p__Proteobacteria; c__Alphaproteobacteria	0.8
a013d36ed44ac4881bba0ff604a4c069	k__Bacteria	1.0
c23baacb6bf4902ce7fde27469bf81be	k__Bacteria; p__Bacteroidetes; c__Bacteroidia; o__Bacteroidales; f__Bacteroidaceae; g__Bacteroides; s__barnesiae	0.9
6349abbe3637ca5ef38873a5e0920a82	k__Bacteria; p__Proteobacteria; c__Gammaproteobacteria; o__Legionellales; f__Legionellaceae; g__Legionella; s__	0.8
126e13e6edba133ea79b0e2543da411a	k__Bacteria; p__Proteobacteria; c__Alphaproteobacteria; o__Rickettsiales; f__; g__; s__	1.0
f99a1b0bef7d0e4e387ac6cb6f5c8126	k__Bacteria; p__Planctomycetes; c__Planctomycetia; o__Pirellulales; f__Pirellulaceae; g__; s__	1.0
9fd3dbffda6dc1d657701b8b7e495a82	k__Bacteria; p__Proteobacteria; c__Betaproteobacteria; o__Burkholderiales; f__Comamonadaceae	1.0
6c56df26c6de22f9859c9240e3ca03b8	k__Bacteria; p__Chloroflexi; c__SL56; o__; f__; g__; s__	0.8
9244af415d154b888973da982bb69d7d	k__Bacteria; p__Proteobacteria; c__Alphaproteobacteria; o__Rhodobacterales; f__Hyphomonadaceae; g__; s__	0.9
1ad38f086493ba92fbcf9e579e9ddcad	k__Bacteria; p__Proteobacteria; c__Gammaproteobacteria; o__Aeromonadales; f__Aeromonadaceae; g__; s__	0.5454545454545454
52b930d29c97e043d4a53a2ff661128e	k__Bacteria	1.0
9a570ce0457b5942dff090b2d7f91c84	k__Bacteria; p__Proteobacteria; c__Alphaproteobacteria; o__Rhodobacterales; f__Hyphomonadaceae; g__; s__	0.9
ab4fffef7986672aec98852bc7e22955	k__Bacteria; p__Proteobacteria; c__Gammaproteobacteria; o__Xanthomonadales; f__Xanthomonadaceae; g__; s__	1.0
e5a732bca3c960d88f36dfb47445da4a	k__Bacteria; p__Proteobacteria; c__Betaproteobacteria; o__Ellin6067; f__; g__; s__	1.0
2096469431f6c6b92d9f230f000b4d51	k__Bacteria; p__Proteobacteria; c__Gammaproteobacteria; o__Thiotrichales; f__Thiotrichaceae; g__Thiothrix; s__	0.7
cc4af578118d67578db55c18e7e56108	k__Bacteria; p__Proteobacteria; c__Deltaproteobacteria; o__Bdellovibrionales; f__Bdellovibrionaceae; g__Bdellovibrio; s__	1.0
96396189293ee97e451e7f834da840a4	k__Bacteria; p__Proteobacteria; c__Alphaproteobacteria; o__Rhizobiales; f__; g__; s__	0.9
bfea50af16b709bd0c6b5ff5b6d5c54f	k__Bacteria; p__Proteobacteria; c__Alphaproteobacteria; o__Rickettsiales; f__; g__; s__	0.9
00bedc959f6c7bbc1aec3996b1dd6682	k__Bacteria; p__Bacteroidetes	1.0
fce3ca42948f763905c2f42554066b1d	k__Archaea; p__Euryarchaeota; c__Methanobacteria; o__Methanobacteriales; f__Methanobacteriaceae; g__Methanobacterium; s__	0.8
048677e970fe398db7813967f5f32f69	k__Bacteria; p__Proteobacteria; c__Betaproteobacteria; o__Burkholderiales; f__Comamonadaceae; g__Methylibium; s__	0.9
39d2abfb36c436acbe6b166f94e103e9	k__Bacteria; p__Cyanobacteria; c__Chloroplast; o__Streptophyta; f__; g__; s__	1.0
32397ae223b1993c7e53520b7eb8891f	k__Bacteria; p__Bacteroidetes; c__VC2_1_Bac22; o__; f__; g__; s__	0.6
10d873315ce2ba2fcb1a65c86f567960	k__Bacteria; p__Chloroflexi; c__Chloroflexi; o__[Roseiflexales]; f__; g__; s__	0.8
3342403b5fa4363dc528c129172d7016	k__Bacteria; p__Proteobacteria; c__Gammaproteobacteria; o__Legionellales; f__Legionellaceae	1.0
4af92cf1f53a1f63ddd9b183c1163a92	k__Bacteria; p__Cyanobacteria	1.0
d9b48beebc5d4bf9e9dce05a91b8d15b	k__Bacteria; p__Bacteroidetes; c__[Saprospirae]; o__[Saprospirales]; f__Saprospiraceae; g__; s__	1.0
99376b26f151a562d62b1dfd57a6c85c	k__Bacteria; p__Actinobacteria; c__Actinobacteria; o__Actinomycetales; f__; g__; s__	0.6
058bf8102146b0f0b181ff52e30c4c52	k__Bacteria; p__Proteobacteria; c__Deltaproteobacteria; o__Desulfobacterales; f__Desulfobulbaceae; g__; s__	0.8
9ec00fc6a2ea48e4628ac75efb637af6	k__Bacteria; p__Proteobacteria; c__Deltaproteobacteria; o__Bdellovibrionales; f__Bdellovibrionaceae; g__Bdellovibrio; s__	1.0
7c718fa6424828fc8589eb3ff8cddd9d	k__Bacteria; p__Proteobacteria; c__Deltaproteobacteria	0.9
80fce99f6139d27431bc8b2ea400641d	k__Bacteria; p__OD1; c__; o__; f__; g__; s__	1.0
ff56da919dc1e8bc3bf615b7a4e7bc41	k__Bacteria; p__Proteobacteria; c__Deltaproteobacteria; o__Myxococcales	0.7
51fccadf9a0508ee8242ef6934d9de28	k__Bacteria; p__Bacteroidetes; c__Cytophagia; o__Cytophagales; f__Cytophagaceae; g__; s__	1.0
645a58ea8cf87610dabd93bfb465eb35	k__Bacteria; p__Cyanobacteria; c__Chloroplast; o__Stramenopiles; f__; g__; s__	1.0
99fe215213f8e215295324e4d94745d3	k__Bacteria; p__Planctomycetes; c__Planctomycetia; o__Pirellulales; f__Pirellulaceae; g__; s__	1.0
efe8f6abc937672c8ccbad50366823cd	k__Bacteria; p__Proteobacteria; c__Betaproteobacteria; o__Methylophilales; f__Methylophilaceae; g__; s__	0.8
9cde20bfdea8309b0c849be9e26e2e59	k__Bacteria; p__Planctomycetes; c__Planctomycetia; o__Pirellulales; f__Pirellulaceae; g__; s__	1.0
0489ebcf21fb6ed43ac98bb9dd5acf79	k__Bacteria; p__Tenericutes; c__Mollicutes; o__Entomoplasmatales; f__; g__; s__	1.0
552b39b73bb2d1a2ee6b7f0edc47ab5e	k__Bacteria; p__Acidobacteria; c__Acidobacteria-6; o__CCU21; f__; g__; s__	1.0
a4c1fb45adef1c23409f242734bcfed5	k__Bacteria; p__Bacteroidetes; c__Sphingobacteriia; o__Sphingobacteriales; f__; g__; s__	1.0
07b7ba8eb5a92a96ee72c534ce6e83c8	k__Bacteria; p__Firmicutes	0.8
0031fb4a10417c653b1597f13e892bf4	k__Bacteria; p__Gemmatimonadetes; c__Gemmatimonadetes; o__KD8-87; f__; g__; s__	1.0
b9c6a574e339238ec761f36e2f5887a2	k__Bacteria; p__OP3; c__PBS-25; o__; f__; g__; s__	1.0
26d1f1184ae9446d40c2bb249ded0b86	k__Bacteria; p__Cyanobacteria; c__Chloroplast; o__Stramenopiles; f__; g__; s__	1.0
67d21b255b62d462015b630366103058	k__Bacteria; p__Firmicutes; c__Clostridia; o__Clostridiales	1.0
9e7d8c30ba2b9c331b56af68eb2d24c0	k__Bacteria; p__Proteobacteria; c__Gammaproteobacteria; o__Xanthomonadales; f__Sinobacteraceae; g__; s__	1.0
3c5571c2f644c39086b2c84633652cec	k__Bacteria; p__Actinobacteria; c__Acidimicrobiia; o__Acidimicrobiales; f__C111; g__; s__	1.0
1bda8f01c8b944e9c2caf2e0eba20392	k__Bacteria; p__OD1; c__ZB2; o__; f__; g__; s__	1.0
f02b70820869068a883da2c2f2c7ecd5	k__Bacteria; p__Actinobacteria; c__Acidimicrobiia; o__Acidimicrobiales; f__ntu14; g__; s__	1.0
6fc9373f17c9d72214a5504dab61e03a	k__Bacteria; p__Proteobacteria; c__Betaproteobacteria; o__Burkholderiales; f__Comamonadaceae	1.0
9eafd61fa2c77d2f6efc44dfa75dd853	k__Bacteria; p__Proteobacteria; c__Betaproteobacteria; o__Rhodocyclales; f__Rhodocyclaceae; g__; s__	0.6
97f9836c5042a21c257e0e245bf63e24	k__Bacteria; p__Proteobacteria; c__Epsilonproteobacteria; o__Campylobacterales; f__Helicobacteraceae; g__Sulfuricurvum; s__kujiense	1.0
cd65b1429ded25ffde98a3b1f0d002f9	k__Bacteria; p__Proteobacteria; c__Betaproteobacteria; o__Burkholderiales; f__Comamonadaceae; g__Hydrogenophaga; s__	0.7
6cfc325e85dd53dca7d7de1cf03270b6	k__Bacteria; p__OD1; c__ZB2; o__; f__; g__; s__	1.0
90803008b1339d3b8920fdce32305f6a	k__Bacteria; p__Verrucomicrobia; c__Verrucomicrobiae; o__Verrucomicrobiales; f__Verrucomicrobiaceae; g__Prosthecobacter; s__	0.8
26b779228c4fff068d8664ac433f7b59	k__Bacteria; p__Acidobacteria; c__[Chloracidobacteria]; o__RB41; f__Ellin6075; g__; s__	1.0
74e89d009415d5355a40bde8f501133a	k__Bacteria; p__Verrucomicrobia; c__[Spartobacteria]; o__[Chthoniobacterales]; f__[Chthoniobacteraceae]; g__Candidatus Xiphinematobacter; s__	0.9
4d5c5b83eb2b83d77829b77280e3f9dd	k__Bacteria; p__Proteobacteria; c__Alphaproteobacteria; o__Rhodospirillales; f__Rhodospirillaceae; g__; s__	0.8
2b10fe45581ee5166676b5a10f5584bc	k__Bacteria; p__Bacteroidetes; c__Flavobacteriia; o__Flavobacteriales; f__Cryomorphaceae; g__Fluviicola; s__	1.0
77b50847083d83464b11bdd8a5dcd802	k__Bacteria; p__Proteobacteria	0.7
057c4323d0e50be9b99e11c3a61d6495	k__Bacteria; p__Proteobacteria; c__Alphaproteobacteria; o__Sphingomonadales; f__Sphingomonadaceae; g__Sphingobium; s__	1.0
b295361e3c64de286cbb4aa5b6efb200	k__Bacteria; p__Proteobacteria; c__Alphaproteobacteria; o__; f__; g__; s__	1.0
b34041cbc95a9dbe7740b0df9fa96cbc	k__Bacteria; p__Proteobacteria; c__Deltaproteobacteria; o__Desulfovibrionales; f__Desulfovibrionaceae; g__Desulfovibrio; s__mexicanus	1.0
32310d64cfb576a0daa4369319d27525	k__Bacteria; p__Proteobacteria; c__Alphaproteobacteria; o__Rhodospirillales; f__; g__; s__	1.0
0486d26789122abd4cd9d86edc5f34fb	k__Bacteria; p__OD1; c__ZB2; o__; f__; g__; s__	1.0
18bea9bb537f93b63da094b26719c140	k__Bacteria; p__Chlamydiae; c__Chlamydiia; o__Chlamydiales; f__Parachlamydiaceae	0.8
ce7754dc4829d2c2522104fd56edf2ad	k__Bacteria; p__Actinobacteria; c__Acidimicrobiia; o__Acidimicrobiales; f__; g__; s__	1.0
f2623aa923e7c7e7047f8cc6736bc2f7	k__Bacteria; p__Proteobacteria; c__Alphaproteobacteria; o__Sphingomonadales; f__; g__; s__	0.8
6d5caaec1f2e473e6718b7b478b8ca0c	k__Bacteria; p__Planctomycetes; c__Phycisphaerae; o__Phycisphaerales; f__; g__; s__	0.7
abac221131a72321d8fe0ccee268c7d5	k__Bacteria; p__Proteobacteria; c__Deltaproteobacteria; o__Myxococcales; f__; g__; s__	1.0
471821d8de661bbccc5513de7226b496	k__Bacteria; p__Proteobacteria; c__Alphaproteobacteria; o__Rhizobiales; f__; g__; s__	1.0
6894e81d93819d029f9d8d86d8fe3129	k__Bacteria; p__Chlamydiae; c__Chlamydiia; o__Chlamydiales	0.6
6eb1589ec849ad207053c46e67f947d1	k__Bacteria; p__Fusobacteria; c__Fusobacteriia; o__Fusobacteriales; f__Fusobacteriaceae; g__u114; s__	0.9
47b16da4261bf8d909a0536ca851db55	k__Bacteria; p__Bacteroidetes; c__[Saprospirae]; o__[Saprospirales]	0.6
0a8ec0644a35bb6e3f92cf3730892f48	k__Bacteria; p__Proteobacteria; c__Deltaproteobacteria; o__Spirobacillales; f__; g__; s__	1.0
93e88ebb76ad3f47f73e25a53b655fc9	k__Bacteria; p__Bacteroidetes; c__[Saprospirae]; o__[Saprospirales]; f__Saprospiraceae; g__; s__	1.0
c01ea4371a02afb9b65cbcc5c694f60d	k__Bacteria; p__Proteobacteria; c__Deltaproteobacteria; o__Spirobacillales; f__; g__; s__	1.0
b4e0e4436144c54c729b75dcc4faef6c	k__Bacteria; p__Proteobacteria; c__Alphaproteobacteria; o__BD7-3; f__; g__; s__	1.0
9da5692810a8f8169b2d9ee9d6afad67	k__Bacteria; p__Proteobacteria; c__Alphaproteobacteria; o__BD7-3; f__; g__; s__	1.0
591e6f6af7370e44eac1f08c3c345ee5	k__Bacteria; p__Proteobacteria; c__Deltaproteobacteria; o__Desulfobacterales; f__Desulfobacteraceae; g__Desulfococcus; s__	1.0
b747b8ba5217105e5ab2e82828069a99	Unassigned	0.0
62f6b08e38e1f413741ec623f20ab254	k__Bacteria; p__Proteobacteria; c__Betaproteobacteria; o__Rhodocyclales; f__Rhodocyclaceae	0.6
b7060949821f3b0f52a3209fb4f6a2b0	k__Bacteria; p__Proteobacteria; c__Alphaproteobacteria; o__Rhizobiales; f__Rhizobiaceae; g__Agrobacterium; s__	0.6
559a770c477f19b4e981d5392b4bb797	k__Bacteria; p__Bacteroidetes; c__Cytophagia; o__Cytophagales; f__Flammeovirgaceae	0.6
263b785815e0ae9ee43012341754789a	k__Bacteria; p__Verrucomicrobia; c__Opitutae; o__Opitutales; f__Opitutaceae; g__Opitutus; s__	0.8
9a71ffae56bd90893d1d11a48f467af5	k__Bacteria; p__TM6; c__SJA-4; o__; f__; g__; s__	1.0
b44121cd0a29474d4fcfb34fd4fa8bd1	k__Bacteria; p__Bacteroidetes; c__Bacteroidia; o__Bacteroidales; f__Porphyromonadaceae; g__Paludibacter; s__	0.7
e09949ddfbbde7aef1c0b9ecfdf38923	k__Bacteria; p__Bacteroidetes; c__Cytophagia; o__Cytophagales; f__Cytophagaceae; g__Emticicia; s__	1.0
153cbf197a5e8517a2d0bf2de367c2d3	k__Bacteria; p__Bacteroidetes; c__Bacteroidia; o__Bacteroidales; f__Porphyromonadaceae; g__Paludibacter; s__	1.0
eb3e13d82c6815368823daf986a1afee	k__Bacteria; p__Bacteroidetes; c__Cytophagia; o__Cytophagales; f__Cytophagaceae; g__; s__	1.0
a0fbf6b4eaeba3ca573209f8d50d4856	k__Bacteria; p__Acidobacteria; c__Sva0725; o__Sva0725; f__; g__; s__	1.0
c4c5f73ef1a0632a8cb84d9dc0aa26d0	k__Bacteria; p__Bacteroidetes; c__Sphingobacteriia; o__Sphingobacteriales; f__; g__; s__	0.6
39545217334d0678908c58dfdb757e8c	k__Bacteria; p__Proteobacteria; c__Gammaproteobacteria	0.75
99f11fcd5c99bc7829a23f3ab5b5b738	k__Bacteria; p__Proteobacteria; c__Alphaproteobacteria; o__Sphingomonadales; f__Sphingomonadaceae; g__Sphingomonas; s__wittichii	0.8
7fe30b5e954c6c93ad7b12d7f2a34379	k__Bacteria; p__Firmicutes; c__Clostridia; o__Clostridiales	0.7
d4bae6b1bd868f30acbc0addf18995ce	k__Bacteria; p__Bacteroidetes; c__[Saprospirae]; o__[Saprospirales]; f__Saprospiraceae; g__; s__	0.9
0d9fe8ffbb3af00d4b0472cc4bf684f0	k__Bacteria; p__Cyanobacteria; c__Chloroplast; o__Streptophyta; f__; g__; s__	1.0
1f886211f8bf891875374150e23c8c61	k__Bacteria; p__Proteobacteria; c__Deltaproteobacteria; o__Bdellovibrionales; f__Bdellovibrionaceae; g__Bdellovibrio; s__bacteriovorus	0.6
89fed7eda23792cfe65c07e7a3cf8958	Unassigned	0.0
cf6a3ea819bfdc34374d47cafcdc812f	k__Bacteria; p__Proteobacteria; c__TA18; o__CV90; f__; g__; s__	0.9
f8b880460b6fcf3d4f26f816d067b24c	k__Bacteria; p__Bacteroidetes; c__Bacteroidia; o__Bacteroidales; f__Bacteroidaceae; g__Bacteroides; s__	1.0
f4a2019ae455c4860cd75ce06b3b4949	k__Bacteria; p__Planctomycetes; c__OM190; o__CL500-15; f__; g__; s__	1.0
9443ee730f66f9dbd6369cb86cb377e4	k__Bacteria; p__Bacteroidetes; c__Flavobacteriia; o__Flavobacteriales; f__Cryomorphaceae; g__Fluviicola; s__	1.0
55f4156927a40c1e87dd1b5c78d6e04e	k__Bacteria; p__Proteobacteria	0.6
8d7e8d68dbf9c4472bb41897ac9ccecb	k__Bacteria; p__Proteobacteria; c__Gammaproteobacteria; o__Methylococcales; f__Crenotrichaceae; g__Crenothrix; s__	1.0
f5c5aad807a05f146d6db97f0563a510	k__Bacteria; p__Verrucomicrobia; c__Opitutae; o__Opitutales; f__Opitutaceae; g__; s__	1.0
9ed5c80a660d160377dd19c4e5cf7d1a	k__Bacteria; p__Proteobacteria; c__Alphaproteobacteria; o__Caulobacterales; f__Caulobacteraceae; g__Caulobacter	0.6
21a4b73f093e557655d340ba0f571597	k__Bacteria; p__Proteobacteria; c__Epsilonproteobacteria; o__Campylobacterales; f__Helicobacteraceae; g__Sulfurimonas; s__	1.0
b38d17fbfae5ea6867496e57bfb10536	k__Bacteria; p__Planctomycetes; c__Planctomycetia; o__Pirellulales; f__Pirellulaceae; g__; s__	1.0
1f811aaf7aa05300dd8d0f82055149ff	k__Bacteria; p__Proteobacteria; c__Alphaproteobacteria; o__Caulobacterales; f__Caulobacteraceae; g__; s__	0.7
4cc2df03c2d1655c9d2d9aa6acecb90a	k__Bacteria; p__Proteobacteria; c__Alphaproteobacteria; o__Rhizobiales; f__; g__; s__	0.7
2cc2d70e2835651ec37b2d71007765b6	k__Bacteria; p__Planctomycetes; c__Planctomycetia; o__Pirellulales; f__Pirellulaceae; g__; s__	1.0
0c8344fd2e227f694b4bd8f4c1429579	k__Bacteria; p__Proteobacteria; c__Alphaproteobacteria; o__Rhizobiales; f__Phyllobacteriaceae; g__; s__	0.6
1584f86eabe97de28f64f641f1579424	k__Bacteria; p__Proteobacteria	1.0
28036b976a8c6a057a1dc733bd7d4d88	k__Bacteria; p__Proteobacteria; c__Alphaproteobacteria; o__Rhodobacterales; f__Rhodobacteraceae; g__Rhodobacter; s__	1.0
0e38c1c9289556a07ce1675ff2113376	k__Bacteria; p__Proteobacteria; c__Alphaproteobacteria; o__Rhodospirillales; f__Rhodospirillaceae; g__Azospirillum; s__	1.0
7f71ba2a1d09bd76846a8fa810ed2293	k__Bacteria; p__Cyanobacteria; c__Chloroplast; o__Chlorophyta; f__Chlamydomonadaceae	0.7
fe3255a8d5015a99858991670aefa0b0	k__Bacteria; p__Bacteroidetes; c__[Saprospirae]; o__[Saprospirales]; f__Saprospiraceae; g__Haliscomenobacter; s__	0.7
bf95385c16ecc08deb260e2b43b49ace	k__Bacteria; p__Bacteroidetes; c__[Saprospirae]; o__[Saprospirales]; f__Chitinophagaceae; g__; s__	0.8
4ec0251932b73b79a9b0a5d2405dd72e	k__Bacteria; p__Proteobacteria; c__Betaproteobacteria; o__Methylophilales; f__Methylophilaceae; g__; s__	0.9
46ececbbbab10d6e822cf3a0f3d1679c	k__Bacteria; p__Proteobacteria; c__Alphaproteobacteria; o__Rhizobiales; f__Phyllobacteriaceae; g__; s__	0.8
521df7fe7bc3bea5082a81abd49a07d5	k__Bacteria; p__TPD-58; c__; o__; f__; g__; s__	0.9
7d368fae0ff6dd6ed14947ffba2b06b8	k__Bacteria; p__Proteobacteria; c__Alphaproteobacteria; o__Sphingomonadales; f__Sphingomonadaceae; g__; s__	0.9
3f8a83ec17bccbd7b993fe5e25344de7	k__Bacteria; p__Bacteroidetes; c__Sphingobacteriia; o__Sphingobacteriales; f__; g__; s__	0.9
ce7676f5c26fe3b3f762051f5807aca0	Unassigned	0.0
51fbc818e2c94d4c4e8f993136ebd495	k__Bacteria; p__Proteobacteria; c__Deltaproteobacteria; o__Myxococcales; f__; g__; s__	0.8
9f02ba3065986f3f415d61ebe8098b4f	k__Bacteria; p__Proteobacteria; c__Alphaproteobacteria; o__Rickettsiales; f__Rickettsiaceae; g__Rickettsia; s__	1.0
8ef20565b47e7f3332533cca8127f906	k__Bacteria; p__Proteobacteria; c__Alphaproteobacteria; o__Rhizobiales	0.8
c89f8c927dfa9c34015e6b191627793c	k__Bacteria; p__Firmicutes; c__Bacilli; o__Bacillales; f__Bacillaceae; g__Bacillus	0.6
4e1a265a45bf3a2ca550565771a5fe06	k__Bacteria; p__Proteobacteria; c__Deltaproteobacteria; o__Spirobacillales; f__; g__; s__	1.0
a63c521dbb77dd367653527be59eb05c	k__Bacteria; p__Verrucomicrobia; c__Verruco-5; o__WCHB1-41; f__; g__; s__	0.7
f1931eb1355983632bbc60bf4837cd55	k__Bacteria; p__Proteobacteria; c__Deltaproteobacteria; o__Spirobacillales; f__; g__; s__	1.0
d925279c4c6c1faef8604e5b97b3dea9	k__Bacteria; p__OP3; c__PBS-25; o__; f__; g__; s__	1.0
c95ffed2a06df4b96f4c30eb2da2288f	k__Bacteria; p__Bacteroidetes; c__Cytophagia; o__Cytophagales; f__Cytophagaceae; g__Leadbetterella; s__	1.0
50546ffb85e46b65a9e93f782e257b42	k__Bacteria; p__Proteobacteria; c__Alphaproteobacteria; o__Rickettsiales; f__; g__; s__	1.0
a3a9fb782519527e31b3bbac95db2ab1	k__Bacteria; p__Proteobacteria; c__Alphaproteobacteria	1.0
599742881863636ff3323d2ca59af4c2	k__Bacteria; p__Proteobacteria; c__Gammaproteobacteria	1.0
b0954586a93afb498c5e307b59b50b10	k__Bacteria; p__Bacteroidetes; c__[Saprospirae]; o__[Saprospirales]; f__Saprospiraceae; g__; s__	1.0
2d48f300c12484aee503c1d7e1ba3e3c	k__Bacteria; p__Proteobacteria; c__Betaproteobacteria; o__Methylophilales; f__Methylophilaceae; g__; s__	1.0
60a7bdce0c559bea8df89f3e4696553d	k__Bacteria; p__Planctomycetes; c__Planctomycetia; o__Gemmatales; f__Gemmataceae; g__Gemmata; s__	1.0
1d6a2325e2837a3591af1e3a954ba894	k__Bacteria; p__Bacteroidetes; c__[Saprospirae]; o__[Saprospirales]; f__Saprospiraceae; g__; s__	0.8
363728aa3f457863704615d2b9fc0c90	k__Bacteria; p__Elusimicrobia; c__Elusimicrobia; o__IIb; f__; g__; s__	0.8
1926d6b9af363bc243741eaf7b62875e	k__Bacteria; p__Proteobacteria; c__Alphaproteobacteria; o__Caulobacterales; f__Caulobacteraceae; g__Asticcacaulis	0.9
ffac3254d2bef8e2d174813e1ea2361a	k__Bacteria; p__Bacteroidetes; c__Flavobacteriia; o__Flavobacteriales; f__Cryomorphaceae; g__; s__	0.8
58a04e82b438d40706c9d7904d15972a	k__Bacteria; p__Actinobacteria; c__Actinobacteria; o__Actinomycetales; f__ACK-M1; g__; s__	1.0
3d8eb61750bfef1945049fdc351eb291	k__Bacteria; p__Proteobacteria; c__Gammaproteobacteria; o__Methylococcales; f__Crenotrichaceae; g__Crenothrix; s__	1.0
fcd785328cce37a782c0a1366b461a58	k__Bacteria; p__Proteobacteria; c__Alphaproteobacteria; o__Rickettsiales; f__mitochondria	1.0
f4f45053574a8c92f13ca811c868381b	k__Bacteria; p__Bacteroidetes; c__Flavobacteriia; o__Flavobacteriales; f__Cryomorphaceae; g__; s__	0.8
04799d5b7a7b525bfcf62df4e816bc3e	k__Bacteria; p__Proteobacteria; c__Alphaproteobacteria; o__Rhizobiales; f__; g__; s__	0.7
bc0666444a6771ae32cf3d59772dbe7e	k__Archaea; p__[Parvarchaeota]; c__[Parvarchaea]; o__YLA114; f__; g__; s__	0.8
045bbc05e2784e88a5097f9cca4b1abf	k__Bacteria; p__OD1; c__; o__; f__; g__; s__	0.7777777777777778
0bcbdc4ee9d7f785e3449ded5e5dbe6a	k__Bacteria; p__Proteobacteria; c__Deltaproteobacteria; o__Myxococcales; f__OM27; g__; s__	1.0
6557190602ccbb2a09dd6210ce0fe16e	k__Bacteria; p__Planctomycetes; c__Planctomycetia; o__Pirellulales; f__Pirellulaceae; g__; s__	1.0
e1496d6c77ec0e843d60ca45b8578aa2	k__Bacteria; p__Bacteroidetes; c__[Saprospirae]; o__[Saprospirales]; f__Chitinophagaceae; g__; s__	1.0
fddc99bcd32f8e18157a9521901752f9	k__Bacteria; p__Proteobacteria; c__Alphaproteobacteria; o__Rhodobacterales; f__Rhodobacteraceae; g__; s__	0.7
b5d723d9946a41ed6b4c08b86eebb24c	k__Bacteria; p__Proteobacteria; c__Betaproteobacteria; o__Procabacteriales; f__Procabacteriaceae; g__; s__	1.0
438c623451f3856583217f48631f6edc	k__Bacteria; p__Planctomycetes; c__Planctomycetia; o__Pirellulales; f__Pirellulaceae; g__; s__	1.0
e5c90e34711a8ebac7e5a2675dfb4064	k__Bacteria; p__Proteobacteria; c__Betaproteobacteria; o__Rhodocyclales; f__Rhodocyclaceae; g__Dechloromonas; s__	1.0
1e10b8f59211fe959861158ac54c02f4	k__Bacteria; p__Proteobacteria; c__Deltaproteobacteria; o__Bdellovibrionales; f__Bacteriovoracaceae	1.0
ab1b86aae8f90f24efb7faf2eda56082	k__Bacteria; p__Bacteroidetes; c__Flavobacteriia; o__Flavobacteriales; f__Cryomorphaceae; g__Fluviicola; s__	1.0
62f532b982e6d38bb7955f488cbcfa20	k__Bacteria; p__Bacteroidetes; c__Flavobacteriia; o__Flavobacteriales; f__Flavobacteriaceae; g__Flavobacterium; s__	0.9
697c479a571f48140f3471a3828d2fc0	k__Bacteria; p__Cyanobacteria; c__Chloroplast; o__Chlorophyta; f__; g__; s__	1.0
9ca83d5b3331db719f53c2d66ae19fc3	k__Bacteria; p__Proteobacteria; c__Deltaproteobacteria; o__Myxococcales; f__; g__; s__	1.0
93cee1d54583f2a4582fc254ce54cecc	k__Bacteria; p__Proteobacteria; c__Deltaproteobacteria; o__Spirobacillales; f__; g__; s__	1.0
710b9b09b0419038b070cba6d1a36c96	k__Bacteria; p__Bacteroidetes; c__[Saprospirae]; o__[Saprospirales]; f__Saprospiraceae; g__; s__	0.9
3072d1f790f106afc2156b92fbfa8caf	k__Bacteria; p__Gemmatimonadetes; c__Gemmatimonadetes; o__; f__; g__; s__	1.0
a660bae98787431711652beac3656a4c	k__Bacteria; p__Proteobacteria; c__Alphaproteobacteria; o__Rhizobiales; f__; g__; s__	0.8
6d0c4b26baa1ce42fcd8d712965c1e31	k__Bacteria; p__Proteobacteria; c__Deltaproteobacteria; o__Syntrophobacterales; f__Syntrophaceae; g__; s__	0.6
cd1e0cf8f78e19d03aa83e0985aa45ec	k__Bacteria; p__Fusobacteria; c__Fusobacteriia; o__Fusobacteriales; f__; g__; s__	0.8
7803d72ad9ad71456f217f255839dbfd	k__Bacteria; p__Cyanobacteria; c__Chloroplast; o__Streptophyta; f__; g__; s__	1.0
3a686b7cc1cc5fda47ce2ef8b8205e08	k__Bacteria; p__Actinobacteria; c__Acidimicrobiia; o__Acidimicrobiales; f__; g__; s__	0.9
a6c52086a25da536ea2eeb5b09107260	k__Bacteria; p__Firmicutes; c__Clostridia; o__Clostridiales; f__Lachnospiraceae; g__Coprococcus; s__	0.9
d3224d04e7ce325e5b25b97c9bed3329	k__Bacteria; p__Armatimonadetes; c__[Fimbriimonadia]; o__[Fimbriimonadales]; f__[Fimbriimonadaceae]	0.8
64cd3e5a171e98f5d194d338cad13441	k__Bacteria; p__Proteobacteria; c__Alphaproteobacteria; o__Rickettsiales; f__; g__; s__	0.9
37e82d784b3b1e556c06edcb680c1cc4	k__Bacteria; p__Proteobacteria; c__Alphaproteobacteria; o__Rickettsiales; f__mitochondria	1.0
46c5c88cde6c569b3a6ffcc5988a5a87	k__Bacteria; p__Bacteroidetes; c__VC2_1_Bac22; o__; f__; g__; s__	0.6
24dc0eaab2448599a5447803b1ea16df	k__Bacteria; p__Proteobacteria; c__Gammaproteobacteria; o__Pseudomonadales; f__Pseudomonadaceae; g__Pseudomonas; s__	1.0
9781bc1753443ddeb017460bbea3ef6e	k__Bacteria; p__Proteobacteria; c__Alphaproteobacteria; o__; f__; g__; s__	0.7
e470cf7232e90160c0f586a1911606a0	k__Bacteria; p__Proteobacteria; c__Deltaproteobacteria; o__Bdellovibrionales; f__Bdellovibrionaceae; g__Bdellovibrio; s__bacteriovorus	1.0
27906807d0400c6b922ceed1ff3fc53c	k__Bacteria; p__Fibrobacteres; c__Fibrobacteria; o__258ds10; f__; g__; s__	1.0
2fd78de4d625e1b7aa42acdf87f683c4	k__Bacteria; p__Bacteroidetes; c__Cytophagia; o__Cytophagales; f__Cytophagaceae; g__; s__	1.0
4f5d896ed8d9fe78ef1ef93fe724539a	k__Bacteria; p__Proteobacteria; c__Deltaproteobacteria; o__BPC076; f__; g__; s__	1.0
6cb6efe818cbd4cb8cdcdc1774f48ec7	k__Bacteria; p__Cyanobacteria; c__Chloroplast; o__Streptophyta; f__; g__; s__	1.0
491118b10fef1b21bd0c709c14e3ad37	k__Bacteria; p__Firmicutes; c__Clostridia; o__Clostridiales; f__Veillonellaceae	1.0
35314a3634e109d40a53b9246e9e9614	k__Bacteria; p__Chlorobi; c__Ignavibacteria; o__Ignavibacteriales; f__Ignavibacteriaceae; g__; s__	1.0
5bdf71aadfaa7d01d42c7b4dd81a4fe7	k__Bacteria; p__Proteobacteria; c__Gammaproteobacteria; o__Methylococcales; f__Methylococcaceae; g__Methylocaldum; s__	1.0
f17d5dcbd2fead3f50f638474424535d	k__Bacteria; p__Proteobacteria; c__Alphaproteobacteria; o__Sphingomonadales; f__Sphingomonadaceae; g__Blastomonas; s__	0.6
606c4fa798943975a334bd3506c43aa8	k__Bacteria; p__Firmicutes	0.7
ca97f21df6ef8118a8f8cb8ddcf63e4f	k__Bacteria; p__Proteobacteria; c__Betaproteobacteria; o__Neisseriales; f__Neisseriaceae; g__; s__	0.6
932c4a24786b57973935ee6531dc5080	k__Bacteria; p__Actinobacteria; c__Actinobacteria; o__Actinomycetales; f__Microbacteriaceae; g__Leucobacter; s__	1.0
d076ccd71297e8c181e0a953bf5dfdac	k__Bacteria; p__Cyanobacteria; c__Oscillatoriophycideae	0.6
aba8f605e1073c2c465033a7cbec73bd	k__Bacteria; p__Bacteroidetes; c__Sphingobacteriia; o__Sphingobacteriales; f__; g__; s__	1.0
120cda3444a88677f07b10e70603b7dc	k__Bacteria; p__Proteobacteria; c__Gammaproteobacteria; o__Chromatiales; f__Ectothiorhodospiraceae; g__Ectothiorhodospira; s__	1.0
729b974f45666252bafd3a165130b4ef	k__Bacteria; p__Spirochaetes; c__Spirochaetes; o__Spirochaetales; f__Spirochaetaceae	0.6
fda11d8477e4ed0cdefb0842ed09e0d0	k__Bacteria; p__Proteobacteria; c__Alphaproteobacteria; o__Caulobacterales; f__Caulobacteraceae; g__Caulobacter	0.6
198f874b7b53c25381e252000bf251a3	k__Bacteria; p__Firmicutes; c__Clostridia; o__Clostridiales; f__Lachnospiraceae; g__Roseburia; s__faecis	0.6
9aede045beaf148c75b1c87310907f6d	k__Bacteria; p__Verrucomicrobia; c__Verrucomicrobiae; o__Verrucomicrobiales; f__Verrucomicrobiaceae; g__Luteolibacter; s__	0.9
7ab84c6f6daacd0c2d9ced7f264f4005	k__Bacteria; p__Bacteroidetes; c__Sphingobacteriia; o__Sphingobacteriales; f__; g__; s__	1.0
e07d2badbaa9114bdadd79737c342ddd	k__Bacteria	1.0
81dc288de20fd40e3008047c55c1b1aa	k__Bacteria; p__Proteobacteria; c__Alphaproteobacteria; o__Rickettsiales; f__; g__; s__	0.9
cbab7dbcbd38b5c679d701bca2d8f2f9	k__Bacteria; p__Proteobacteria; c__Gammaproteobacteria; o__Enterobacteriales; f__Enterobacteriaceae	1.0
b2199debb9ba3cbbf2b2502f3edb2414	k__Bacteria; p__Actinobacteria; c__Acidimicrobiia; o__Acidimicrobiales; f__C111; g__; s__	1.0
0406413bd60ff430aa7160c268028185	k__Bacteria; p__Cyanobacteria; c__Chloroplast; o__Stramenopiles; f__; g__; s__	1.0
5d155c2c3e80160d066a0fde1d85aeec	k__Bacteria; p__Firmicutes; c__Clostridia; o__Clostridiales; f__Peptococcaceae; g__Desulfotomaculum; s__	0.8
3f1fc1ab73b289e10f2261fc9fbfec9d	k__Bacteria; p__Cyanobacteria; c__Chloroplast; o__Cryptophyta; f__; g__; s__	1.0
3672064ee596414ae4129b7e3872f9a9	k__Bacteria; p__Bacteroidetes; c__[Saprospirae]; o__[Saprospirales]; f__Chitinophagaceae; g__Sediminibacterium; s__	1.0
3f245f2a10c927437192e8a14b3bb168	k__Bacteria; p__GN02; c__BD1-5; o__; f__; g__; s__	1.0
90a23d06bc4839a00596be6a0db078cd	k__Bacteria; p__Firmicutes; c__Clostridia	0.6
5208279e92b7872b3a1bb4b831bb0576	k__Bacteria; p__Bacteroidetes; c__[Saprospirae]; o__[Saprospirales]; f__Saprospiraceae; g__; s__	1.0
666b02fbfd1969738cbfd891557f8cf3	k__Bacteria; p__Bacteroidetes; c__Sphingobacteriia; o__Sphingobacteriales; f__; g__; s__	0.7
6b96090f03a8607a52a6d4dd13704147	k__Bacteria; p__Proteobacteria; c__Deltaproteobacteria; o__Desulfobacterales; f__Desulfobulbaceae; g__; s__	0.6
32a56a86b410d6fdc92d9776947b5a72	k__Bacteria; p__Firmicutes; c__Clostridia; o__Clostridiales; f__Ruminococcaceae; g__; s__	0.9
001bc0cb72229606489f2b5007341786	k__Bacteria; p__Bacteroidetes; c__[Saprospirae]; o__[Saprospirales]; f__Saprospiraceae; g__; s__	0.9
1b71906e77d1a6155a9af718e9e15e12	k__Bacteria; p__Planctomycetes; c__Planctomycetia; o__Pirellulales; f__Pirellulaceae; g__; s__	0.8
25e0bc883a6a74cdaefd8b83aa4def22	k__Bacteria; p__Firmicutes; c__Clostridia; o__Clostridiales; f__Peptococcaceae; g__rc4-4; s__	0.9
4effd956e9b8bcd68a5b76feed8f3769	k__Bacteria; p__Actinobacteria; c__Thermoleophilia; o__Solirubrobacterales; f__; g__; s__	1.0
823ca393adebdb5c8be99239d8dec923	k__Bacteria; p__Proteobacteria; c__Deltaproteobacteria; o__Bdellovibrionales; f__Bacteriovoracaceae; g__; s__	0.8
f13603f48ae71aee6b1c7664671978c9	k__Bacteria; p__Proteobacteria; c__Deltaproteobacteria; o__Spirobacillales; f__; g__; s__	1.0
3773985ab982517a01f93c5be3661bb2	k__Bacteria; p__Acidobacteria; c__Acidobacteriia; o__Acidobacteriales; f__Acidobacteriaceae; g__; s__	0.7
b386c41aff500a920b800d8ee85b904a	k__Bacteria; p__Bacteroidetes	1.0
10d97ece35e593c229fffbedf035753c	k__Bacteria; p__Proteobacteria; c__Alphaproteobacteria; o__Rhizobiales; f__; g__; s__	1.0
1626c98e4c341a8f4fa5cfabbeb4b7d4	k__Bacteria; p__Proteobacteria; c__Alphaproteobacteria; o__BD7-3; f__; g__; s__	1.0
05ba6264dbe7d52c01948c573f0d2571	k__Bacteria; p__Proteobacteria; c__Deltaproteobacteria; o__Myxococcales; f__; g__; s__	1.0
ce1127ec96eaadced90e7b991af3fd02	k__Bacteria; p__Proteobacteria; c__Gammaproteobacteria; o__Methylococcales; f__Crenotrichaceae; g__Crenothrix; s__	1.0
1bb27b3c51f8e56e1ee89c70e8676de7	k__Bacteria; p__TM6; c__SJA-4; o__; f__; g__; s__	1.0
76d4d00ad740f52e52b092edd7131a4f	k__Bacteria; p__Proteobacteria; c__Alphaproteobacteria; o__Rickettsiales; f__Rickettsiaceae	0.8
c546ee5a94662d46cba928e8b98476d5	k__Bacteria; p__Proteobacteria; c__Gammaproteobacteria; o__Pseudomonadales; f__Pseudomonadaceae; g__Pseudomonas; s__	1.0
40dd0c8ea8201db024bd6b303cc63af0	k__Bacteria; p__Planctomycetes; c__Planctomycetia; o__Gemmatales; f__Isosphaeraceae; g__; s__	1.0
ae841fbc0db780049629d3ffd2268577	k__Bacteria; p__Acidobacteria; c__[Chloracidobacteria]; o__PK29; f__; g__; s__	1.0
63f10d112cb1f720ac71d98d98fe1d8b	k__Bacteria; p__Verrucomicrobia; c__Verrucomicrobiae; o__Verrucomicrobiales; f__Verrucomicrobiaceae; g__Luteolibacter; s__	1.0
102f6c8ef3b9c7e7adc5280db0af5a21	k__Bacteria; p__Proteobacteria; c__Alphaproteobacteria; o__Rickettsiales; f__Rickettsiaceae	1.0
832f0be873e35a730680df4c7a1cf6df	k__Bacteria; p__Proteobacteria; c__Alphaproteobacteria; o__Rhizobiales; f__; g__; s__	0.6
ccd7b18907886bf9b754352fab9c733b	k__Bacteria; p__Verrucomicrobia; c__Verrucomicrobiae; o__Verrucomicrobiales; f__Verrucomicrobiaceae; g__; s__	1.0
52271319e8429b2ff0314c4692a4c9c7	k__Bacteria; p__Proteobacteria; c__Alphaproteobacteria; o__Sphingomonadales; f__Sphingomonadaceae; g__; s__	0.8
a0c6d8b1f4ec27c20a7aaaeff77bba85	k__Bacteria; p__Firmicutes; c__Clostridia; o__Clostridiales; f__Lachnospiraceae; g__Coprococcus; s__	0.6
7bb4891a9498a2e571e716c5c55d800d	k__Bacteria; p__Proteobacteria; c__Deltaproteobacteria; o__NB1-j; f__JTB38; g__; s__	1.0
4fb2bc2385d512788ae0046a1d2e22ad	k__Bacteria; p__Actinobacteria; c__Actinobacteria; o__Actinomycetales	1.0
715ec64270035baacb9ecf32a14fe7a5	k__Bacteria; p__Proteobacteria; c__Alphaproteobacteria	0.6
2b631b40e2b2116e32b226d9c18bd843	k__Bacteria; p__Proteobacteria; c__Alphaproteobacteria; o__Rickettsiales; f__; g__; s__	0.6
867c1d031006a6adca8ab36890a8dfdf	k__Bacteria; p__Proteobacteria; c__Alphaproteobacteria; o__Sphingomonadales; f__Sphingomonadaceae; g__Sphingobium; s__	1.0
2fc38b3c91d2180d123bc7de9b2a658c	k__Bacteria; p__Proteobacteria; c__Gammaproteobacteria; o__Pseudomonadales; f__Moraxellaceae; g__Perlucidibaca; s__	1.0
46e174d0606b381cffba8d6adeb45801	k__Bacteria; p__Bacteroidetes; c__[Saprospirae]; o__[Saprospirales]; f__Saprospiraceae; g__; s__	1.0
0e1250fc8832db031dfc878889bdecdb	k__Bacteria	1.0
d41495f3a5a04fcafa86e681e413056d	k__Bacteria; p__TM6; c__SBRH58; o__; f__; g__; s__	0.9
8857522adbe899258a52dd7dcb0805fd	k__Bacteria; p__Proteobacteria; c__Alphaproteobacteria; o__Sphingomonadales; f__Sphingomonadaceae; g__Sphingomonas; s__wittichii	0.7
3283cb71b4216f7d69a2f224d9d76521	k__Bacteria	1.0
c960b40a185a070725d79b06b8d06c35	k__Bacteria; p__Proteobacteria	1.0
9501c608af50ee9960f3fb9fd2081d01	k__Bacteria; p__Bacteroidetes; c__Sphingobacteriia; o__Sphingobacteriales; f__; g__; s__	1.0
8704ca5d484b3c9de443161a3d95c3a7	k__Bacteria; p__Proteobacteria; c__Gammaproteobacteria; o__Xanthomonadales; f__Sinobacteraceae; g__; s__	1.0
e80de57598ea8609fd300b63e2db5a2d	k__Bacteria; p__Proteobacteria; c__Alphaproteobacteria; o__; f__; g__; s__	1.0
7ac02349d8e3fe6c9d7a196f41ca95ab	k__Bacteria; p__Proteobacteria; c__Gammaproteobacteria; o__Pseudomonadales; f__Moraxellaceae; g__Acinetobacter; s__rhizosphaerae	0.9
1fbd759b1ac0586f01cc8453f9dafb90	Unassigned	0.0
ef14bde0f965fafe9d1cf90f091c5997	k__Bacteria; p__Proteobacteria; c__Alphaproteobacteria; o__Rhodospirillales; f__Rhodospirillaceae; g__; s__	1.0
458672436ceb92f2f77533c2b10229ca	Unassigned	0.0
90f2ffa54ec30b7452c6d30e3c3ee851	k__Archaea; p__[Parvarchaeota]; c__[Parvarchaea]; o__WCHD3-30; f__; g__; s__	1.0
f3ccc136615aef838ed784909fab4f4e	k__Bacteria; p__Proteobacteria; c__Betaproteobacteria; o__Burkholderiales; f__Comamonadaceae	1.0
cc538bbf61a0aa4dbc9323324d304da5	k__Bacteria; p__Actinobacteria; c__Acidimicrobiia; o__Acidimicrobiales; f__C111; g__; s__	1.0
b14f2757eb6ad1f3c51f3fe571984812	k__Bacteria; p__Actinobacteria; c__Actinobacteria; o__Actinomycetales; f__ACK-M1; g__; s__	0.9
28cdfa47a6f3dc26b80c0091f7ca51a1	k__Bacteria; p__Chloroflexi; c__Chloroflexi; o__[Roseiflexales]; f__; g__; s__	0.8
5fa9bd9db97e55e7e08783159f6742d2	k__Bacteria; p__Actinobacteria; c__Acidimicrobiia; o__Acidimicrobiales; f__C111; g__; s__	1.0
c1d702096c9d3d8981af4262b1ea802c	k__Bacteria; p__Planctomycetes; c__OM190; o__agg27; f__; g__; s__	1.0
34177e96ec2d132fb50f8b7ad30e1f51	k__Bacteria; p__OP3; c__BD4-9; o__; f__; g__; s__	0.6
b521f2f93f8051bc993deb39608551a3	k__Bacteria; p__Spirochaetes; c__Spirochaetes; o__Spirochaetales; f__Spirochaetaceae	0.7
e5cc25158b0f79298631d4fc7c309841	k__Bacteria; p__Bacteroidetes; c__[Saprospirae]; o__[Saprospirales]; f__; g__; s__	0.8
7aea8b4aa4ada76b8630cfed8284b3c4	k__Bacteria; p__Bacteroidetes; c__[Saprospirae]; o__[Saprospirales]; f__Saprospiraceae; g__; s__	1.0
9386f0fea0e619633f882f90dd10d6c7	k__Bacteria; p__Proteobacteria; c__Betaproteobacteria; o__Burkholderiales; f__Comamonadaceae; g__; s__	0.6
adb7060fff571ee71c45116c77a5f707	k__Archaea; p__[Parvarchaeota]; c__[Parvarchaea]; o__YLA114; f__; g__; s__	1.0
c512e841ec93c2b9c405b2bfa4ad52a0	k__Bacteria; p__Proteobacteria; c__Alphaproteobacteria; o__Rhodospirillales; f__Acetobacteraceae; g__; s__	0.9
e2b8d340ebb8242c40ff15081b43bceb	k__Bacteria; p__Proteobacteria; c__Betaproteobacteria; o__Burkholderiales; f__Comamonadaceae	1.0
2b8dd17226102c6d245be2dbadafe65a	k__Bacteria; p__Proteobacteria; c__Deltaproteobacteria; o__Desulfovibrionales; f__Desulfovibrionaceae; g__Desulfovibrio; s__	0.9
a4d9d084fb7b14e54d83d7909799434f	k__Bacteria; p__OD1; c__ZB2; o__; f__; g__; s__	1.0
65bb1540bb706b4d2741cabc53f5ed3b	k__Bacteria; p__GN02; c__BD1-5; o__; f__; g__; s__	0.6
34e13577a72f6b4aebef89c8f17f1e48	k__Bacteria; p__Bacteroidetes; c__[Saprospirae]; o__[Saprospirales]; f__Chitinophagaceae; g__; s__	1.0
4edefa74f0887708f91f83d7513952b5	k__Bacteria; p__Actinobacteria; c__Actinobacteria; o__Actinomycetales	0.9
cb0b82fdc73ac6bf370a9e59f3d228df	k__Bacteria; p__Proteobacteria; c__Deltaproteobacteria; o__Myxococcales; f__; g__; s__	0.9
aff00dacd48e14e4a904d447092d6b52	k__Bacteria; p__Proteobacteria; c__Deltaproteobacteria; o__Bdellovibrionales; f__Bdellovibrionaceae; g__Bdellovibrio; s__	1.0
b68f83b2794f5c0d9d02894cfd6d332d	k__Bacteria; p__Actinobacteria; c__Actinobacteria; o__Actinomycetales; f__Microbacteriaceae; g__Salinibacterium; s__	0.8
3599a0f2d81bd82435595cff09b9bf35	k__Bacteria; p__Tenericutes; c__Mollicutes; o__Entomoplasmatales; f__; g__; s__	0.9
053e4b1e14ae7cd5aa2dd7a4914cb1fe	k__Bacteria; p__Cyanobacteria; c__Chloroplast; o__Chlorophyta; f__Chlamydomonadaceae; g__; s__	0.6
4b9880d33997adaaac81c6808f35749e	k__Bacteria; p__Proteobacteria; c__Alphaproteobacteria; o__Rhodospirillales; f__Rhodospirillaceae; g__; s__	0.9
4d217cc967e70d5c7d79b8b0ab9e5229	k__Bacteria; p__Proteobacteria; c__Gammaproteobacteria; o__Methylococcales; f__Crenotrichaceae; g__Crenothrix; s__	0.6
2cb8588c7b9ba4b89a8370b3a7c80299	k__Bacteria; p__Proteobacteria; c__Betaproteobacteria; o__Procabacteriales; f__Procabacteriaceae; g__; s__	1.0
749882c3dca09948f2989093cd0760da	k__Bacteria; p__Proteobacteria; c__Alphaproteobacteria; o__Rickettsiales; f__Rickettsiaceae; g__Wolbachia; s__	0.8
f877c48724e4c65fdcc070aa6201f937	k__Bacteria; p__Cyanobacteria; c__Chloroplast; o__Streptophyta; f__; g__; s__	1.0
c042766ddb4567256bb2d37ffcbbb040	k__Bacteria; p__Tenericutes; c__Mollicutes; o__RF39; f__; g__; s__	1.0
7e56f21fdd531978262687ae48ea10bc	k__Bacteria; p__Bacteroidetes; c__Sphingobacteriia; o__Sphingobacteriales; f__Sphingobacteriaceae; g__; s__	0.8
af295b885dc661da9842b11caca0fcf9	k__Bacteria; p__Gemmatimonadetes; c__Gemm-1; o__; f__; g__; s__	1.0
04589c77bdba01b0962ff3aec3a79a93	k__Bacteria; p__Proteobacteria; c__Gammaproteobacteria; o__Legionellales; f__Legionellaceae	1.0
cd6ecf7c0df4d76687efb277c4720284	k__Bacteria; p__Proteobacteria; c__Deltaproteobacteria; o__Myxococcales; f__; g__; s__	1.0
1bbbe7d755317a4bd0a7a1175d21ab7e	k__Bacteria; p__Bacteroidetes; c__[Saprospirae]; o__[Saprospirales]; f__; g__; s__	0.9
d33b1363650d97f7d9040a2fdc5e65f4	k__Bacteria; p__Proteobacteria; c__Alphaproteobacteria; o__Rhizobiales; f__Hyphomicrobiaceae; g__Hyphomicrobium	0.6
ffcd23e6723b0351ac4a50a3d193fc36	k__Bacteria; p__Cyanobacteria; c__Chloroplast; o__Chlorophyta; f__Chlamydomonadaceae	0.7
0ac47dcbc2a5755e44aa62ab226e3b73	k__Bacteria; p__Tenericutes; c__Mollicutes; o__; f__; g__; s__	1.0
fe7977aa6a6f87efb2cd00382aeaa8e5	k__Bacteria; p__Proteobacteria; c__Deltaproteobacteria; o__Desulfarculales; f__Desulfarculaceae; g__; s__	0.7
79faa56f866a7c0cf1c7ade0faef025b	k__Bacteria; p__Actinobacteria; c__Actinobacteria; o__Actinomycetales	1.0
719462e408ead469fb80f620d230edd2	k__Bacteria; p__TM6; c__SJA-4; o__; f__; g__; s__	1.0
7ed60c3bc0c9f9d45966964d947b222a	k__Bacteria; p__Proteobacteria	0.8
3c9bbc20932ce99447714646ba8a6a63	Unassigned	0.0
4b8a7a68e3ed863827a50fe885a85d9a	k__Bacteria; p__Proteobacteria; c__Gammaproteobacteria; o__Alteromonadales; f__HTCC2188; g__HTCC; s__	1.0
d54f4f723c1fcbb8cdfed259e20eb9f3	k__Bacteria; p__Planctomycetes; c__Planctomycetia; o__Pirellulales; f__Pirellulaceae; g__; s__	1.0
d8a4f3389fdf4c0cc3c8ef0776c1e38a	k__Bacteria; p__GN02; c__BB34; o__; f__; g__; s__	0.9
a53084ab0b9dcd31d8851c0255cf93e9	k__Archaea; p__[Parvarchaeota]; c__[Parvarchaea]; o__WCHD3-30; f__; g__; s__	1.0
56f3b963ebfa5301acb2fae80c88f8ce	k__Bacteria; p__Proteobacteria; c__Alphaproteobacteria; o__Rickettsiales; f__Rickettsiaceae; g__; s__	0.6
24e7062f3629c148d136f441cc08fb59	k__Bacteria; p__Proteobacteria; c__Gammaproteobacteria; o__Pseudomonadales; f__Moraxellaceae	1.0
254e067969871c14b9268022def27e59	k__Bacteria; p__Proteobacteria; c__Alphaproteobacteria; o__BD7-3; f__; g__; s__	1.0
597bece93425f28b9a184061c684566b	k__Bacteria; p__Actinobacteria; c__Acidimicrobiia; o__Acidimicrobiales; f__C111; g__; s__	1.0
3e8f94fc21f39da9bd035acad3ff76ef	k__Bacteria; p__Proteobacteria; c__Gammaproteobacteria; o__Methylococcales; f__Crenotrichaceae; g__Crenothrix; s__	0.9
a5560a8c87e892aa1b5aff3fdbfac26d	k__Bacteria; p__Verrucomicrobia; c__[Spartobacteria]; o__[Chthoniobacterales]; f__[Chthoniobacteraceae]; g__Candidatus Xiphinematobacter; s__	0.9
f89916feb1b93c559361e708ea85dd17	k__Bacteria; p__Proteobacteria; c__Betaproteobacteria; o__Burkholderiales; f__Burkholderiaceae; g__; s__	0.7
116d8facc5cc8eff38330c3dd1079997	k__Bacteria; p__Cyanobacteria; c__4C0d-2; o__YS2; f__; g__; s__	1.0
261c22d69dd4e3107a4c315478c77cd8	k__Bacteria; p__Proteobacteria; c__TA18; o__PHOS-HD29; f__; g__; s__	1.0
686880a6973729e2fd65c18a50d342bc	Unassigned	0.0
b83c0c4bcefba2795c4423b687b7d24c	k__Bacteria; p__Proteobacteria; c__Alphaproteobacteria; o__; f__; g__; s__	1.0
ae3a87872fb4158a3746dc38c5b03534	k__Bacteria; p__Proteobacteria; c__Gammaproteobacteria; o__Legionellales	0.7
cde457a54c5ddc8c007abfb014e84339	k__Bacteria; p__Proteobacteria; c__Alphaproteobacteria; o__Rhodospirillales; f__Rhodospirillaceae; g__; s__	1.0
78d373986a5e107b330a67cf556e4467	k__Bacteria; p__Proteobacteria; c__Alphaproteobacteria; o__BD7-3; f__; g__; s__	1.0
b8dd445cf8931c4103b10ba7f69a9d35	k__Bacteria; p__Proteobacteria; c__Gammaproteobacteria; o__Legionellales	0.7
f52398bcdd2e3b1a06e1df9dc234fc63	k__Bacteria; p__Cyanobacteria; c__Chloroplast; o__Chlorophyta; f__Chlamydomonadaceae; g__; s__	0.6
bc6f472e608b26ebed5684c8bf5a9bc7	k__Bacteria; p__Chlamydiae; c__Chlamydiia; o__Chlamydiales	0.6
6ea08228a732bf79af6cc5319c2c6497	k__Bacteria; p__Bacteroidetes; c__[Saprospirae]; o__[Saprospirales]; f__Chitinophagaceae; g__; s__	1.0
bb4040b80b7165f04d82b6953753b25b	k__Bacteria; p__Actinobacteria; c__Actinobacteria; o__Actinomycetales; f__Mycobacteriaceae; g__Mycobacterium; s__	1.0
7380248b226cbbb8bf1357dbf16e15eb	k__Bacteria; p__Bacteroidetes; c__VC2_1_Bac22; o__; f__; g__; s__	0.6
5e97f8edae8fc04d38d2bdac4a5371f1	k__Bacteria; p__Proteobacteria; c__Alphaproteobacteria; o__Rhizobiales; f__Hyphomicrobiaceae; g__Pedomicrobium; s__	0.8
2068bd20021f1f1a26b4c0a6b853066b	k__Bacteria; p__Proteobacteria; c__Alphaproteobacteria; o__Sphingomonadales; f__Erythrobacteraceae; g__; s__	0.8
2c1278d30b5cef1e8cb51f70e28e1f54	k__Bacteria; p__Verrucomicrobia; c__[Pedosphaerae]; o__[Pedosphaerales]; f__R4-41B; g__; s__	0.6
272c2cfb1860ca74bf23887b4cc3ec17	Unassigned	0.0
128a3ee6c610e89ccc7aeca4db96d437	k__Bacteria; p__OD1; c__; o__; f__; g__; s__	0.9
5c75b30e75994cc1ae2f5ea764f6e646	k__Bacteria; p__Proteobacteria; c__Deltaproteobacteria; o__; f__; g__; s__	0.9
e3a19a09b8b44f2c986dfe1653532693	k__Bacteria; p__Bacteroidetes; c__Sphingobacteriia; o__Sphingobacteriales; f__; g__; s__	0.9
b74674b5d4c89cbb318361cb65e721c6	k__Bacteria; p__Proteobacteria; c__Alphaproteobacteria; o__Rhizobiales; f__; g__; s__	0.9
ce162014fc11a1483872650c5c2f47de	k__Bacteria; p__Bacteroidetes; c__Bacteroidia; o__Bacteroidales; f__; g__; s__	1.0
a89b0bd0fd6fddc40b8a63448d2dc4a0	k__Bacteria; p__Bacteroidetes; c__[Saprospirae]; o__[Saprospirales]	0.7
afd4a790b6ade67c05766cbec3f1bc5f	k__Bacteria; p__WPS-2; c__; o__; f__; g__; s__	1.0
08e785873649b5f615f9232d65422b9a	k__Bacteria; p__Proteobacteria; c__Gammaproteobacteria; o__Alteromonadales; f__Alteromonadaceae; g__Cellvibrio; s__	1.0
66e2451e79847fd67dc2f1e05c45ac92	k__Bacteria; p__Bacteroidetes; c__Sphingobacteriia; o__Sphingobacteriales; f__; g__; s__	1.0
61b691b2c6149b82dac3b1031830dd44	k__Bacteria; p__Proteobacteria; c__Deltaproteobacteria; o__Desulfuromonadales; f__Geobacteraceae; g__Geobacter; s__	0.9
a86d0c704f899b87ca930b8e6fec1a6f	Unassigned	0.0
68ee9a1956cd78ed2ced81705b617e7b	k__Bacteria; p__Proteobacteria; c__Betaproteobacteria; o__Burkholderiales; f__; g__; s__	0.6
b3925da7e2df90eee711a3ddca45cca3	k__Archaea; p__[Parvarchaeota]; c__[Parvarchaea]; o__WCHD3-30; f__; g__; s__	1.0
58dbc9c03520b89cb2fcf8354b85690b	k__Bacteria; p__Actinobacteria; c__Acidimicrobiia; o__Acidimicrobiales; f__C111; g__; s__	1.0
96f59077956d4eaff787433459560022	k__Bacteria; p__Proteobacteria; c__Betaproteobacteria; o__Procabacteriales; f__Procabacteriaceae; g__; s__	1.0
633a9b6c8bc3130807ee942f5067218e	Unassigned	0.0
427b2f2e27fa52f388a58956c44d07a9	k__Bacteria; p__Proteobacteria; c__Deltaproteobacteria; o__MIZ46; f__; g__; s__	1.0
052859524f0a82753c77f3b7d953b7bf	k__Bacteria; p__Chloroflexi; c__Anaerolineae; o__GCA004; f__; g__; s__	1.0
720b449e5ea99c0556f8bd6da85560f8	k__Bacteria; p__Firmicutes; c__Clostridia; o__Clostridiales; f__Ruminococcaceae; g__; s__	1.0
c0fe42bd9ea45af85a4d229cf37eb125	k__Bacteria; p__Actinobacteria; c__Actinobacteria; o__Actinomycetales; f__Microbacteriaceae; g__Candidatus Aquiluna; s__rubra	0.9
6274bbe4b8df956cea8a509ddf1a7518	k__Bacteria; p__OP3; c__BD4-9; o__; f__; g__; s__	1.0
0d014abb2249c0aae0d1e84a80ba4ce7	k__Bacteria; p__Proteobacteria; c__Alphaproteobacteria; o__Rhodospirillales; f__; g__; s__	1.0
71ef957d82f808e5cc124d5182b66b34	k__Bacteria; p__Proteobacteria; c__Alphaproteobacteria; o__Rhodobacterales; f__Rhodobacteraceae	1.0
2b4100e6d1ed3a29392edb4b65ad6861	k__Bacteria; p__Proteobacteria; c__Deltaproteobacteria; o__Myxococcales; f__; g__; s__	1.0
0ce7896603c1e159312301b7b490d1a3	k__Bacteria; p__Proteobacteria; c__Alphaproteobacteria; o__; f__; g__; s__	1.0
d6a5211ca4d7b434185aaa0b41d9a125	k__Bacteria; p__Proteobacteria; c__Betaproteobacteria; o__Burkholderiales; f__Comamonadaceae; g__Limnobacter; s__	0.8
284e97ac07299323c5112a71b190d2c1	k__Bacteria; p__Planctomycetes; c__Planctomycetia; o__Gemmatales; f__Gemmataceae; g__Gemmata; s__	1.0
20a49a214e6c4d2b882f2cd6c479f2a5	k__Bacteria; p__Verrucomicrobia; c__Verruco-5; o__SS1-B-03-39; f__; g__; s__	1.0
061985cedc6e86a8401e690859b2a111	k__Bacteria	1.0
fc073a9176111013517adde09b6afda0	k__Bacteria; p__Planctomycetes; c__Planctomycetia; o__Pirellulales; f__Pirellulaceae; g__; s__	0.9
cb9aa0e5a92e0e3dfc87533a2bb84157	k__Bacteria; p__Proteobacteria; c__Alphaproteobacteria; o__Rhizobiales	1.0
4a62c031e1bd5e23a94b513cc972404a	k__Bacteria; p__Proteobacteria; c__Betaproteobacteria; o__Burkholderiales; f__Comamonadaceae; g__; s__	0.7
1c33f5df5b27a2591dcfb81ea1e7dddb	k__Bacteria; p__Proteobacteria; c__TA18; o__CV90; f__; g__; s__	1.0
8a1e28f27322f099f6c11d7a290a93f8	k__Bacteria; p__Proteobacteria; c__Alphaproteobacteria; o__; f__; g__; s__	1.0
ec27570fdb3a6ff6e2eda9437443c352	k__Bacteria; p__Cyanobacteria; c__Chloroplast; o__Chlorophyta; f__; g__; s__	1.0
40ff98ec6cb84c6d980635f311c10358	k__Bacteria; p__Proteobacteria; c__Alphaproteobacteria; o__Rhizobiales; f__Rhizobiaceae; g__Agrobacterium	0.6
23d8bc7edf2f28f8c291ea001cfd6b16	k__Bacteria; p__Proteobacteria; c__Gammaproteobacteria; o__Legionellales; f__; g__; s__	1.0
741063c6d58e138ad7023ed6e7f0702f	k__Bacteria; p__Verrucomicrobia; c__Verrucomicrobiae; o__Verrucomicrobiales; f__Verrucomicrobiaceae; g__; s__	0.9
3e68755fd28b564437e41672c361b040	k__Bacteria; p__OD1; c__ZB2; o__; f__; g__; s__	0.8
779a10cd477adbf70a5274357ea3ffcc	k__Bacteria; p__Actinobacteria; c__OPB41; o__; f__; g__; s__	1.0
788c7c4d8b205d42373a93fbf2e50432	k__Bacteria; p__Bacteroidetes; c__BME43; o__; f__; g__; s__	0.6
de2d6b4a71e17d1b94ddb20e95f1fd4c	k__Bacteria; p__Cyanobacteria; c__Chloroplast; o__Chlorophyta; f__; g__; s__	0.9
f9ccd213327b4e550d7c828688d20a27	k__Bacteria; p__Bacteroidetes; c__Sphingobacteriia; o__Sphingobacteriales; f__; g__; s__	0.8
69a399b02189650480faab7f42e101cf	k__Bacteria; p__Proteobacteria; c__Alphaproteobacteria; o__Rickettsiales; f__; g__; s__	1.0
9c43d393fcb630e60ed45a34bbd4046e	k__Bacteria; p__Proteobacteria; c__Deltaproteobacteria; o__Myxococcales; f__; g__; s__	1.0
5320d93ed28bd40d46905b7c4d74640f	k__Bacteria; p__Gemmatimonadetes; c__Gemmatimonadetes; o__Gemmatimonadales; f__Gemmatimonadaceae; g__Gemmatimonas; s__	1.0
c9f549519ad331068b6f5af1ff257792	Unassigned	0.0
953433ea0aa8f4aed497f005632e06fb	k__Bacteria; p__Cyanobacteria; c__Chloroplast; o__Streptophyta; f__; g__; s__	0.8
15be6a5572d1d3e3f50aad7c9caf759f	k__Bacteria; p__Proteobacteria; c__Gammaproteobacteria; o__Xanthomonadales; f__Xanthomonadaceae; g__Luteimonas; s__	0.7
21cc222c4d5b56521d1095ff39f84685	k__Bacteria; p__Firmicutes; c__Clostridia; o__Clostridiales; f__Clostridiaceae; g__Clostridium; s__	0.9
c6d64e96248c962efa9055720d80c504	k__Bacteria; p__Proteobacteria; c__Betaproteobacteria; o__Burkholderiales; f__Comamonadaceae; g__; s__	0.8
38f908f69eedc69415e7f79695230703	k__Bacteria; p__Cyanobacteria; c__Synechococcophycideae; o__Pseudanabaenales; f__Pseudanabaenaceae	0.6
86241d48ba32df73b4ab017eebe7dbe0	k__Bacteria; p__Proteobacteria; c__Betaproteobacteria; o__Rhodocyclales; f__Rhodocyclaceae; g__Sulfuritalea; s__	0.7
4ccb868f1d4cc26d67dd93d17b969b18	k__Bacteria; p__Proteobacteria; c__Alphaproteobacteria; o__Caulobacterales; f__Caulobacteraceae; g__Brevundimonas; s__diminuta	0.7
b530a765d5c76707866b3863fb8934c0	k__Bacteria; p__Proteobacteria	1.0
dbc48353e531ab9db21faea41bcb9235	k__Bacteria; p__Proteobacteria; c__Alphaproteobacteria; o__Rhizobiales; f__; g__; s__	0.7
faddb53a082a74c24853a252a6829ed7	k__Bacteria; p__Proteobacteria; c__Alphaproteobacteria; o__Rickettsiales; f__; g__; s__	0.8
f6a9aac00f8af6f629a01ce118d105b7	k__Bacteria; p__Proteobacteria; c__Alphaproteobacteria; o__BD7-3; f__; g__; s__	1.0
de45209fe64473b00d65beea85ea5203	k__Bacteria; p__Proteobacteria; c__Alphaproteobacteria; o__Rhizobiales; f__Rhizobiaceae	0.6
86c5ca0e09651106cdb2085946041fbb	k__Bacteria; p__Proteobacteria; c__Alphaproteobacteria; o__Rhodospirillales; f__Acetobacteraceae; g__; s__	0.9
261f904f991d5e007ba2c078d1b94d70	k__Bacteria; p__Cyanobacteria; c__Oscillatoriophycideae	0.6
d8343cdc9ce1c63809edfd3ac5e77200	k__Bacteria; p__Actinobacteria; c__Acidimicrobiia; o__Acidimicrobiales; f__JdFBGBact; g__; s__	1.0
ce044cf7d4969b2a5471c3d6f5abda41	k__Bacteria; p__Firmicutes; c__Bacilli; o__Lactobacillales; f__Streptococcaceae; g__Streptococcus; s__	0.7
3a2fb0686f2ce5c130e1254ee7adb5d1	k__Bacteria; p__Proteobacteria; c__TA18; o__PHOS-HD29; f__; g__; s__	1.0
d20d7382476e941b5fa07084f5802d50	k__Bacteria; p__Proteobacteria; c__Gammaproteobacteria; o__Methylococcales; f__Crenotrichaceae; g__Crenothrix	0.6363636363636364
e0f5c296c02cf87443d7ac062f3aad47	k__Bacteria; p__Actinobacteria; c__Actinobacteria; o__Actinomycetales; f__ACK-M1; g__; s__	1.0
4cbe30c168ccbf0c0196c393bcfd3ba2	k__Bacteria; p__GN02; c__BD1-5; o__; f__; g__; s__	1.0
6acb475cec98add99d61c83c00e7bd37	k__Bacteria; p__Bacteroidetes; c__Cytophagia; o__Cytophagales; f__Flammeovirgaceae; g__; s__	0.6
4ff60094f0c91f8b397cbac55261b4cf	k__Bacteria; p__Proteobacteria; c__Alphaproteobacteria; o__Sphingomonadales; f__Sphingomonadaceae; g__Sphingomonas; s__wittichii	0.8
6b43acf660b7c6ee1feb2439c6d83e97	Unassigned	0.0
d410e2dafd8a846448399396c097e3a8	k__Bacteria; p__Proteobacteria; c__Alphaproteobacteria; o__Rhodospirillales; f__Rhodospirillaceae; g__; s__	1.0
2cf5b98e3092d52e58bb517f7d9b7c3d	k__Bacteria; p__Proteobacteria; c__Deltaproteobacteria; o__Myxococcales; f__; g__; s__	0.9
4e54b5fafcf3c23ef05cb5725fbc6015	k__Bacteria; p__Bacteroidetes; c__Flavobacteriia; o__Flavobacteriales; f__Cryomorphaceae; g__Fluviicola; s__	1.0
f5261bbbe493f8aa5e6b3240eaed310b	k__Bacteria; p__Proteobacteria; c__Deltaproteobacteria; o__Desulfuromonadales; f__Geobacteraceae; g__Geobacter; s__	0.6
9121367be291682e9366dbe7c2c2d815	k__Bacteria; p__Proteobacteria; c__Alphaproteobacteria; o__Sphingomonadales; f__Sphingomonadaceae; g__Sphingomonas; s__wittichii	0.8
30e76276c02154cf8068bf474413e2b8	k__Bacteria; p__Planctomycetes; c__Planctomycetia; o__Pirellulales; f__Pirellulaceae; g__; s__	0.9
0a33de59433baa9782fd9e464c59aa57	k__Bacteria; p__Proteobacteria; c__Alphaproteobacteria	1.0
f172d7795b105aabd6e7a3a4243f65c3	k__Bacteria; p__Chlorobi; c__OPB56; o__; f__; g__; s__	1.0
f83b5efc8d0d456975f5101bff44d71f	k__Archaea; p__Euryarchaeota; c__Methanomicrobia; o__Methanocellales; f__Methanocellaceae; g__Methanocella; s__	1.0
1a25ecb50d55ded202238d888a09dcf9	k__Bacteria; p__Bacteroidetes; c__Sphingobacteriia; o__Sphingobacteriales; f__; g__; s__	1.0
8ef5613aafd4b4a56f0ad78416269fb3	k__Bacteria; p__Proteobacteria; c__Betaproteobacteria	1.0
4c1b83fc29dbc9d48abb7f4972873977	k__Bacteria; p__Proteobacteria; c__Alphaproteobacteria; o__Rhizobiales; f__Hyphomicrobiaceae	1.0
3b54469fd4c73f9c02f96900b87ce8ba	k__Bacteria; p__Firmicutes; c__Clostridia; o__Clostridiales; f__; g__; s__	0.9
f6bf0d9c934c44dcf097acb65576c9e6	k__Bacteria; p__Proteobacteria; c__Alphaproteobacteria; o__Rhodospirillales	1.0
353a413f40378516bdea3b2c66b9e48c	k__Bacteria; p__Proteobacteria; c__Deltaproteobacteria; o__Syntrophobacterales; f__Syntrophaceae; g__Desulfobacca; s__	1.0
923ed1ef572b029b21f3efb4a68ffbed	k__Bacteria; p__Proteobacteria; c__Betaproteobacteria; o__Ellin6067; f__; g__; s__	0.6
96209a86e79ad260cd3c2423edc2989c	k__Bacteria; p__Bacteroidetes; c__Cytophagia; o__Cytophagales; f__Cytophagaceae; g__; s__	1.0
9b911a126616fbf3fe547cd64dfc5c14	k__Bacteria; p__Proteobacteria; c__Deltaproteobacteria; o__Bdellovibrionales; f__Bdellovibrionaceae; g__Bdellovibrio; s__	0.7
f023fa20decdc797e3038ae67602a980	k__Bacteria; p__Proteobacteria; c__Alphaproteobacteria; o__Rickettsiales; f__; g__; s__	0.9
93356eb793ef8a56f9e42d29ba9fd247	k__Bacteria; p__Bacteroidetes; c__[Saprospirae]; o__[Saprospirales]; f__Saprospiraceae; g__; s__	0.7
e95a45ddff03f59701eb705d0cbbdc56	k__Bacteria; p__Proteobacteria; c__Alphaproteobacteria; o__Sphingomonadales; f__Sphingomonadaceae	0.9
13b109b5b505a49acb8af6dfc5677f43	k__Bacteria; p__Cyanobacteria; c__Chloroplast; o__Streptophyta; f__; g__; s__	1.0
a430a83630b5877717be653817bcd796	k__Bacteria; p__Proteobacteria; c__Alphaproteobacteria; o__Rhodospirillales; f__Rhodospirillaceae; g__; s__	1.0
69366e483fe7bc183cd26580366d96a8	k__Bacteria; p__Proteobacteria; c__Alphaproteobacteria; o__Rickettsiales; f__Rickettsiaceae; g__; s__	0.8
0789c7586b28c6e8a6a5b6c7278691df	k__Bacteria; p__Bacteroidetes; c__Flavobacteriia; o__Flavobacteriales; f__Cryomorphaceae; g__; s__	1.0
8568d48e95a227614fd76dae745acfbe	k__Bacteria; p__Actinobacteria; c__Actinobacteria; o__Actinomycetales; f__; g__; s__	0.7
2f26981890b189a687d7c3506b381a5d	k__Bacteria; p__Proteobacteria; c__Alphaproteobacteria; o__Caulobacterales; f__Caulobacteraceae; g__Asticcacaulis	0.9
b7f6022f7722ea55b62a2135126e8185	k__Bacteria; p__Cyanobacteria; c__Chloroplast; o__Euglenozoa; f__; g__; s__	1.0
28262903a0e72cb8799f89a43eceec1d	k__Bacteria; p__Bacteroidetes; c__Flavobacteriia; o__Flavobacteriales; f__Flavobacteriaceae; g__Flavobacterium; s__	1.0
d3eefee32cba26af256c66af4244ad95	k__Bacteria; p__OD1; c__ZB2; o__; f__; g__; s__	1.0
2de11bcb93db4966580979c7c3c79fb6	k__Bacteria; p__GN02; c__GKS2-174; o__; f__; g__; s__	1.0
c743bff0da7afa26bf531384e9e9480c	k__Bacteria; p__Proteobacteria; c__Deltaproteobacteria; o__Bdellovibrionales; f__Bdellovibrionaceae; g__Bdellovibrio; s__	1.0
3305064fd703c1dd2ec819906d9eb8c1	k__Bacteria; p__Chloroflexi; c__Chloroflexi; o__[Roseiflexales]; f__; g__; s__	0.7
97f4c1803b446123c33864b3d089e78d	k__Bacteria; p__Proteobacteria; c__Alphaproteobacteria; o__Rhizobiales; f__Rhizobiaceae; g__Agrobacterium; s__	0.7
82645908663498934d4c30334d3df776	k__Bacteria; p__Actinobacteria; c__Actinobacteria; o__Actinomycetales	0.9
6d52962d5cecfabab1b4a9b63514d713	k__Bacteria; p__Verrucomicrobia; c__Verruco-5; o__LD1-PB3; f__; g__; s__	0.8
d245fb8c3664ffbeb0d83b6dc84ceb71	k__Bacteria; p__Proteobacteria; c__Gammaproteobacteria; o__Xanthomonadales; f__Sinobacteraceae; g__Nevskia; s__ramosa	0.7
8c5a8555debad4c3270af97f81f71461	k__Bacteria; p__Proteobacteria; c__Gammaproteobacteria; o__Legionellales; f__Coxiellaceae; g__Rickettsiella; s__	0.9
d7a87eda1b58f9ca3736ce621da0dcb1	k__Bacteria; p__Cyanobacteria; c__Chloroplast; o__Stramenopiles; f__; g__; s__	1.0
ff44642fec530c5919d6690c157944dc	k__Bacteria; p__Proteobacteria; c__Alphaproteobacteria; o__Rhizobiales; f__; g__; s__	0.6
a4405f5db986736df96a5bd0275c8fec	k__Bacteria; p__Bacteroidetes; c__[Saprospirae]; o__[Saprospirales]; f__Chitinophagaceae; g__; s__	1.0
4bb85650170f2f8d2c2fba40aa05f51f	k__Bacteria; p__Proteobacteria; c__Betaproteobacteria; o__Burkholderiales; f__Comamonadaceae; g__Hydrogenophaga; s__	0.9
cd4c3db84e6a6e04bb26b96c31f31dd1	k__Bacteria; p__Bacteroidetes; c__Bacteroidia; o__Bacteroidales; f__; g__; s__	0.9
49fa701596020d46cc590911264c0a1e	k__Bacteria; p__Firmicutes; c__Clostridia; o__Clostridiales; f__[Mogibacteriaceae]; g__; s__	0.9
cff7c16e827ab62529823b739bd1b71b	k__Bacteria; p__Bacteroidetes; c__Flavobacteriia; o__Flavobacteriales; f__Cryomorphaceae; g__Fluviicola; s__	1.0
ac328d80dc08395d0b8c702c22188e38	k__Bacteria; p__Proteobacteria; c__Deltaproteobacteria; o__Myxococcales; f__Haliangiaceae; g__; s__	0.9
4d3d17138257d09b9e227f641e3e6d7f	k__Bacteria; p__Proteobacteria; c__Deltaproteobacteria; o__[Entotheonellales]; f__; g__; s__	1.0
4430cebdaa57f5f04412f45706768df6	k__Bacteria; p__Proteobacteria; c__Alphaproteobacteria; o__Rickettsiales; f__; g__; s__	0.8
4257c8227eda903471afc61a59074fe7	k__Bacteria; p__Cyanobacteria; c__Chloroplast; o__Streptophyta; f__; g__; s__	1.0
db5c2c3e13caef39e9263b212d71bc89	k__Bacteria; p__Firmicutes; c__Clostridia	0.6
80117b1464fe6824e3fcfe087b9519da	k__Bacteria; p__Proteobacteria; c__Gammaproteobacteria; o__Enterobacteriales; f__Enterobacteriaceae	1.0
ebbbdc83536a175ad9d01c28923c852a	k__Bacteria; p__Proteobacteria; c__Gammaproteobacteria; o__Pseudomonadales; f__Pseudomonadaceae; g__Pseudomonas; s__	1.0
25a2432b559d6b8c1a155d7a31bf5526	k__Bacteria; p__Chlorobi; c__OPB56; o__; f__; g__; s__	1.0
ff347b01c9b940d2f9be04054b876679	k__Bacteria; p__Proteobacteria; c__Deltaproteobacteria; o__; f__; g__; s__	1.0
1c90e2a6bb07ebfd6959809bf6f7952c	k__Bacteria; p__Verrucomicrobia; c__Opitutae; o__[Cerasicoccales]; f__[Cerasicoccaceae]; g__; s__	1.0
18368b6d6168ba72b892f1f71c564ca3	k__Bacteria; p__Proteobacteria; c__Alphaproteobacteria; o__Rickettsiales; f__Rickettsiaceae	0.9
237858011d26a0055566649311c7a8a6	k__Bacteria; p__Bacteroidetes; c__Sphingobacteriia; o__Sphingobacteriales; f__; g__; s__	1.0
3686c7bf29b635d7ffad7860359a439c	k__Bacteria; p__Planctomycetes; c__Planctomycetia; o__Gemmatales; f__Gemmataceae; g__Gemmata; s__	1.0
e7d0ad556281770d994bde98c180725f	k__Bacteria; p__Proteobacteria; c__Alphaproteobacteria; o__Rhizobiales; f__; g__; s__	1.0
53150577d414af135b35dd2c4b654966	k__Bacteria; p__Bacteroidetes; c__[Saprospirae]; o__[Saprospirales]; f__Saprospiraceae; g__; s__	1.0
68c5c05dfa8983abab228e0373002f22	k__Bacteria; p__Proteobacteria; c__Betaproteobacteria; o__Burkholderiales; f__Oxalobacteraceae	0.8
d74f41a8e509f36b3714bc5fc36c6cc6	k__Bacteria; p__Armatimonadetes; c__[Fimbriimonadia]; o__[Fimbriimonadales]; f__[Fimbriimonadaceae]	1.0
2687bbdb681744693bb930f551392471	k__Bacteria; p__Firmicutes; c__Clostridia; o__Clostridiales; f__Ruminococcaceae; g__; s__	1.0
0b5285a569cdb0b4389b10e862e49c23	k__Bacteria; p__Actinobacteria; c__Actinobacteria; o__Actinomycetales; f__; g__; s__	1.0
76379ff137a655f5509b08ea0e42a877	k__Bacteria; p__Proteobacteria; c__Alphaproteobacteria; o__Rhizobiales; f__Methylocystaceae; g__Methylosinus; s__	1.0
2c08f9a376894f3b95ec49b291a2ace3	k__Bacteria; p__Planctomycetes; c__Phycisphaerae; o__Phycisphaerales; f__; g__; s__	1.0
09c2d1663a34494d7fca585094233999	k__Bacteria; p__Planctomycetes; c__OM190; o__CL500-15; f__; g__; s__	1.0
f6ee1cd230894fcd3f0a564c0ff8ddbd	k__Bacteria; p__Proteobacteria; c__Betaproteobacteria; o__Burkholderiales; f__Oxalobacteraceae; g__Polynucleobacter; s__	0.7
56aeef53d7664a25e7e12a3b2c84b554	k__Bacteria; p__Proteobacteria; c__Alphaproteobacteria; o__BD7-3; f__; g__; s__	1.0
ab1be3191c5e777f6306992a63cbb5b3	k__Bacteria; p__Proteobacteria; c__Gammaproteobacteria; o__Alteromonadales; f__211ds20; g__; s__	0.9
e6254603898b7c9b851c5532eb9c4175	k__Bacteria; p__Cyanobacteria; c__Chloroplast; o__Stramenopiles; f__; g__; s__	1.0
05df8544b3bd552d80618e26af1b6cbf	k__Bacteria; p__Planctomycetes; c__Planctomycetia; o__Gemmatales; f__Gemmataceae; g__Gemmata; s__	1.0
468b502f6fe53fc42a594e18345ff85a	k__Bacteria; p__Firmicutes; c__Clostridia; o__Clostridiales; f__Ruminococcaceae; g__; s__	1.0
d29421e5a9ab9ba34b14cd3cc27088fe	k__Bacteria; p__Proteobacteria; c__Deltaproteobacteria; o__Syntrophobacterales; f__Syntrophorhabdaceae; g__; s__	1.0
188d93de33f7c16d697d728a55658313	Unassigned	0.0
9e0320af84103ae6c04a4506521d4a9b	k__Bacteria; p__Proteobacteria	1.0
7fba424121d1ef1319c0032ce3603973	k__Bacteria; p__Cyanobacteria	0.9
54dfee31b51ef1654261db8b577cb3dd	k__Bacteria; p__Actinobacteria; c__Actinobacteria; o__Actinomycetales; f__ACK-M1; g__; s__	1.0
b010807cd8575e7b5d09d063f5de4770	k__Bacteria; p__Chlamydiae; c__Chlamydiia; o__Chlamydiales; f__; g__; s__	0.6
7993bf96598ba5f15fa033094f2d87ed	k__Bacteria; p__Acidobacteria; c__iii1-8; o__32-20; f__; g__; s__	1.0
5863e671ba206b59ad7a636d313975ba	k__Bacteria; p__Proteobacteria; c__Deltaproteobacteria; o__Syntrophobacterales; f__Syntrophaceae; g__; s__	0.8
3baf6392195ccfa33cdfcbe132a2de72	k__Bacteria; p__Proteobacteria; c__Alphaproteobacteria	1.0
9844a9219a49fcb0ccd0683550c29399	k__Bacteria; p__Proteobacteria; c__Betaproteobacteria; o__Rhodocyclales; f__Rhodocyclaceae	0.8
70af0d483f3551725427929051050b79	k__Bacteria; p__Proteobacteria; c__Gammaproteobacteria; o__Aeromonadales; f__Aeromonadaceae; g__; s__	0.7272727272727273
a58112b04d50bf32a814a63e30fe0ded	k__Bacteria; p__Proteobacteria; c__Alphaproteobacteria; o__RF32; f__; g__; s__	1.0
b96d2856e922a05f779681a34bef8048	Unassigned	0.0
63b1205fb851a9b20ab9b02fdef986df	k__Bacteria; p__Proteobacteria; c__Alphaproteobacteria; o__Rhodospirillales; f__Rhodospirillaceae; g__Phaeospirillum; s__fulvum	0.9
55ef9c912eb021d13ed14a50eae0ca18	k__Bacteria; p__Proteobacteria; c__Alphaproteobacteria; o__Rhodobacterales; f__Rhodobacteraceae; g__Rhodobacter; s__	0.9
94239fa2e27a920789998e96c9aa1ccf	k__Bacteria; p__Planctomycetes; c__Planctomycetia; o__Gemmatales; f__Isosphaeraceae; g__; s__	1.0
4a55a66b07b1d1ea21fe419dd818ff25	Unassigned	0.0
29e7c4e3b0502c0a9fdf054dd9e22fb3	k__Bacteria; p__Bacteroidetes; c__[Saprospirae]; o__[Saprospirales]; f__Chitinophagaceae; g__; s__	0.7
5fe426e7281a73f137dce91a870ca67b	k__Bacteria; p__Proteobacteria; c__Deltaproteobacteria; o__Myxococcales; f__; g__; s__	1.0
5646ec9a5c099dbde7eb8d30f377d70b	k__Bacteria; p__Proteobacteria; c__Betaproteobacteria; o__Burkholderiales; f__Comamonadaceae	1.0
ecf24927cf4769f218540ce1fc228459	k__Bacteria; p__Proteobacteria; c__Alphaproteobacteria; o__Rickettsiales; f__; g__; s__	0.8
4d19af2e3b6840f93ec53caaabaddd4b	k__Bacteria; p__Proteobacteria; c__Deltaproteobacteria; o__MIZ46; f__; g__; s__	1.0
ab6276d5a70f0713e74ec4c5c1766973	k__Bacteria; p__Proteobacteria; c__Deltaproteobacteria; o__Bdellovibrionales; f__Bacteriovoracaceae; g__; s__	0.9
0c0c5ba091c335eb880076271e09e08a	k__Bacteria; p__Proteobacteria; c__Betaproteobacteria; o__Burkholderiales; f__Comamonadaceae	1.0
d78421fde9bc8c004368f76d721059f4	k__Bacteria; p__Proteobacteria; c__Alphaproteobacteria; o__; f__; g__; s__	1.0
13c33c69c93390bb0c7856a7b06a1750	k__Bacteria; p__Proteobacteria; c__Deltaproteobacteria; o__Desulfobacterales; f__Desulfobacteraceae; g__; s__	1.0
1be8c3185bcf91b44c4a1aec9f2f3a03	k__Bacteria; p__Proteobacteria; c__Alphaproteobacteria; o__Rhizobiales; f__; g__; s__	1.0
d03f13a8bb1271581e9cfb0b6b07ac0c	k__Bacteria; p__Planctomycetes; c__Planctomycetia; o__Pirellulales; f__Pirellulaceae; g__; s__	1.0
323e4116269139c20961ec4137c925a2	k__Bacteria; p__Proteobacteria; c__Gammaproteobacteria; o__Legionellales; f__Legionellaceae; g__; s__	0.6
69f3c579666663ea65b85453606246d3	k__Bacteria; p__Spirochaetes; c__MVP-15; o__PL-11B10; f__; g__; s__	1.0
8c35fb9a96df07b56777156b8fa3b411	k__Bacteria; p__Proteobacteria; c__Gammaproteobacteria; o__Xanthomonadales; f__Sinobacteraceae; g__; s__	1.0
8fb129d459f253b7bf5dfa8ee351ae57	k__Bacteria; p__Cyanobacteria; c__Chloroplast; o__Chlorophyta; f__; g__; s__	0.6666666666666666
59851c8af053a7d8696dc5208a3e0b41	k__Bacteria; p__Verrucomicrobia; c__[Spartobacteria]; o__[Chthoniobacterales]; f__[Chthoniobacteraceae]; g__; s__	1.0
3120fcb0b5a9772fa26b19eeb63cdef7	k__Bacteria; p__Verrucomicrobia; c__Opitutae; o__Puniceicoccales; f__Puniceicoccaceae; g__Coraliomargarita; s__	0.6
085f218fd54ba6c68c1b60e1d182c504	k__Bacteria; p__Chloroflexi; c__Anaerolineae; o__Caldilineales; f__Caldilineaceae	1.0
baf34b3e4e936989769b4d5fb25f8759	Unassigned	0.0
61c9278cd0dd64fb21301ec1eb3981da	k__Bacteria; p__Actinobacteria; c__Actinobacteria; o__Actinomycetales	0.9
013246156d5c111d3247e9dca67aa6eb	k__Bacteria; p__Proteobacteria; c__Alphaproteobacteria; o__Rhodobacterales; f__Hyphomonadaceae; g__; s__	1.0
99f77f84fdd805f1b33381f619efc4c3	k__Bacteria; p__Proteobacteria; c__Alphaproteobacteria; o__Rhodospirillales	0.9
93070e2efbd91f18e7a85df17f41031a	k__Bacteria; p__Firmicutes; c__Clostridia; o__Clostridiales; f__Ruminococcaceae; g__; s__	1.0
30192122453c8f7e8abc6f7472a1f48d	k__Bacteria; p__Proteobacteria; c__Alphaproteobacteria; o__Rhodospirillales; f__Rhodospirillaceae; g__; s__	1.0
8ddfb9d22a3a30911d15c236504e7c99	k__Bacteria; p__Cyanobacteria; c__Chloroplast; o__Stramenopiles; f__; g__; s__	1.0
221e20614a801f9030df3d7802161f19	k__Bacteria; p__GN02; c__BD1-5; o__; f__; g__; s__	0.5714285714285714
9ea87b91d34cef97f7a2cde4b2b1a2df	k__Bacteria; p__OD1; c__ZB2; o__; f__; g__; s__	1.0
8f985e45bd3b4ce85c81b8e843627d70	k__Bacteria; p__Proteobacteria; c__Alphaproteobacteria; o__Rhizobiales; f__Phyllobacteriaceae	0.9
c50407e1bc849b7de55d2f7e4f1fd3a1	k__Bacteria; p__Actinobacteria; c__Actinobacteria; o__Actinomycetales; f__ACK-M1; g__; s__	1.0
73a8f66fcc27262a138248a84fa5788a	k__Bacteria; p__Bacteroidetes; c__[Saprospirae]; o__[Saprospirales]; f__Saprospiraceae; g__; s__	1.0
376df4860dbaf5d1b2d142bc6761084f	k__Bacteria; p__Firmicutes; c__Erysipelotrichi; o__Erysipelotrichales; f__Erysipelotrichaceae	0.7
99cffb642f253c79e69b4582df40e0d8	k__Bacteria; p__Proteobacteria; c__Deltaproteobacteria; o__Myxococcales; f__Myxococcaceae; g__; s__	1.0
3f22608bacbe80c0e3ff844f840a4b97	k__Bacteria; p__Bacteroidetes; c__Cytophagia; o__Cytophagales; f__Cytophagaceae; g__; s__	1.0
70c5b9288204ce5c6f70a6d2550f7c50	k__Bacteria; p__Proteobacteria; c__TA18; o__PHOS-HD29; f__; g__; s__	0.9
cba4ca9a2ce4240404abe1182fdc3999	k__Bacteria; p__Proteobacteria; c__Betaproteobacteria; o__Rhodocyclales; f__Rhodocyclaceae	0.8
0938fde5bdfc4718830e31eedb31cbca	k__Bacteria; p__Cyanobacteria; c__4C0d-2; o__YS2; f__; g__; s__	0.9
7dddb8f5710f4ab5acf186d7d0c2018a	k__Bacteria; p__Planctomycetes; c__Planctomycetia; o__Pirellulales; f__Pirellulaceae; g__; s__	0.7
d88d205d7dd2de46bb96a9dc40bd9394	k__Bacteria; p__Proteobacteria; c__Betaproteobacteria	1.0
98399359f375fe6247e3f7c0acd2ed24	k__Bacteria; p__Proteobacteria; c__Alphaproteobacteria; o__Sphingomonadales; f__Sphingomonadaceae; g__Sphingobium; s__	1.0
bedd43db4ba64337e616b53052beff1b	k__Bacteria; p__Proteobacteria; c__Gammaproteobacteria	1.0
3a5c103424c9dc01f8418000e7818851	k__Bacteria; p__Proteobacteria; c__Alphaproteobacteria; o__; f__; g__; s__	1.0
98e3c7bee1d35b0aad6d0c6780e4fec9	Unassigned	0.0
782106cb57821c5699b2c8311ef138e2	k__Bacteria; p__Proteobacteria; c__Alphaproteobacteria; o__Caulobacterales; f__Caulobacteraceae; g__Phenylobacterium; s__	1.0
b390551917a82205d156a77886f3d147	k__Bacteria; p__Chlamydiae; c__Chlamydiia; o__Chlamydiales; f__Parachlamydiaceae	1.0
05e364989732ad72088f90cf5f08d5a1	Unassigned	0.0
e9e451b3bab55719f5d039477740d58e	k__Bacteria; p__Proteobacteria; c__Alphaproteobacteria; o__Ellin329; f__; g__; s__	0.7
8c472337e15fa7f45abea1150246e124	k__Bacteria; p__Firmicutes; c__Clostridia; o__Clostridiales; f__; g__; s__	1.0
40432bb3962a3b8805a3bd66ed464319	k__Bacteria; p__Proteobacteria; c__Alphaproteobacteria; o__Rhodospirillales; f__Rhodospirillaceae; g__Magnetospirillum; s__	1.0
afd9129ac3787734a46344e802166024	k__Bacteria; p__Proteobacteria; c__Alphaproteobacteria; o__Rhodobacterales; f__Rhodobacteraceae; g__Rhodobacter; s__	0.9
6a209f54485064916eb08dba5f9ba58e	k__Bacteria; p__Proteobacteria; c__Betaproteobacteria; o__Burkholderiales; f__Burkholderiaceae; g__; s__	0.7
cbcc272458ee5e898ed36763ceb4e65f	Unassigned	0.0
e3bf0e6cf06942b7ac59fe0ebd2d113a	k__Bacteria; p__Verrucomicrobia; c__[Pedosphaerae]; o__[Pedosphaerales]; f__Ellin515; g__; s__	1.0
2aff2f7e5077260e5036ce5d6c15e9ab	k__Bacteria; p__Acidobacteria; c__Solibacteres; o__Solibacterales; f__[Bryobacteraceae]; g__; s__	1.0
9a1baf989dc1e3f002a3f059d3ef925d	k__Bacteria; p__Firmicutes; c__Bacilli	0.9
bdf0fec4a45c4dfa785a13dbef1c25da	k__Bacteria; p__Verrucomicrobia; c__[Pedosphaerae]; o__[Pedosphaerales]; f__Ellin517; g__; s__	1.0
b3ad24cc27361fc8d30a316a202f6e32	k__Bacteria; p__Verrucomicrobia; c__[Pedosphaerae]; o__[Pedosphaerales]; f__R4-41B; g__; s__	0.7
7a69f4c87dc1f945691ef6fe58bcaa8a	k__Bacteria; p__Proteobacteria; c__Deltaproteobacteria; o__GW-28; f__; g__; s__	1.0
5a9cf716212a430c28ddea953944a14b	k__Archaea; p__[Parvarchaeota]; c__[Parvarchaea]; o__WCHD3-30; f__; g__; s__	1.0
5008f181f47574ab91801017344f0785	k__Bacteria; p__Bacteroidetes; c__Flavobacteriia; o__Flavobacteriales; f__[Weeksellaceae]; g__Cloacibacterium; s__	1.0
6b426f5837d4fc5aa2d4b8804a750754	k__Bacteria; p__Cyanobacteria; c__Nostocophycideae; o__Nostocales; f__Nostocaceae; g__Anabaena; s__	0.8
dcf4124fec46ae19f9ec859f28a38366	k__Bacteria; p__Proteobacteria; c__Deltaproteobacteria; o__Desulfobacterales; f__Desulfobulbaceae; g__; s__	1.0
4006d35af3433314b0ea6bac4a34573e	k__Bacteria; p__Verrucomicrobia; c__[Pedosphaerae]; o__[Pedosphaerales]; f__R4-41B; g__; s__	0.6
e379e38ae557c6aa6ab8dce535263f80	k__Bacteria; p__Proteobacteria; c__Deltaproteobacteria; o__Myxococcales; f__Cystobacterineae; g__; s__	1.0
05e8fe1e0293aeb938c533e3a3eb6665	k__Bacteria; p__Proteobacteria	0.9
c76e62fbea364edca2ad0d99cd3cdec2	k__Archaea; p__Euryarchaeota; c__Methanomicrobia; o__Methanomicrobiales; f__Methanospirillaceae; g__Methanospirillum; s__	0.8
546d8f7cf5eaddc5b2873cc94150bbe0	Unassigned	0.0
1052d69767c7494f9e118f1f02d1b29f	k__Bacteria; p__Proteobacteria; c__Alphaproteobacteria; o__Rhizobiales; f__Phyllobacteriaceae; g__Phyllobacterium; s__	0.6
331d03f5aef6d563ca80aaf1df11cbc2	k__Bacteria; p__Cyanobacteria	1.0
3f08f7437bc6afbffa85c342619f9d1e	k__Bacteria; p__Firmicutes; c__Clostridia; o__OPB54; f__; g__; s__	1.0
b405dd4cba724384d4516f6f50a7a982	k__Bacteria; p__Proteobacteria	0.9
985753e2e5800d25f968ec240594aa84	k__Bacteria; p__Planctomycetes; c__vadinHA49; o__DH61; f__; g__; s__	1.0
288ae492a1f461c76219b91676c77efd	k__Bacteria; p__Actinobacteria; c__Actinobacteria; o__Actinomycetales; f__Microbacteriaceae; g__Candidatus Aquiluna; s__rubra	0.9
bb07a72d73e72b745560262f0e609f19	k__Bacteria; p__Proteobacteria; c__TA18; o__CV90; f__; g__; s__	0.9
ecd9ef98019972f4a36ed4af8d2ccde9	k__Bacteria; p__OD1; c__ZB2; o__; f__; g__; s__	1.0
645772fe6abcf4871a649fd3af1a5775	k__Bacteria; p__Proteobacteria; c__Alphaproteobacteria; o__Rhizobiales	1.0
9638d9d69e1d8bcaf3c45a616f185717	k__Bacteria; p__Bacteroidetes; c__[Saprospirae]; o__[Saprospirales]; f__Saprospiraceae; g__; s__	0.9
16729ccfeb5f50e37af7659bb51bca10	k__Bacteria; p__Proteobacteria; c__Deltaproteobacteria; o__Bdellovibrionales; f__Bdellovibrionaceae; g__Bdellovibrio; s__	0.6
5f536248a92f48562c5ac5dcaaf5dc03	k__Bacteria; p__Proteobacteria; c__Gammaproteobacteria; o__Alteromonadales; f__Alteromonadaceae; g__Cellvibrio; s__	1.0
d612522a4fa8166e8667c2b3ee6d9946	k__Bacteria	1.0
ab0a64cdc6cdd10ed99d37b1e3f032b1	k__Bacteria; p__Planctomycetes; c__Planctomycetia; o__Pirellulales; f__Pirellulaceae; g__; s__	1.0
4b66fe1de5b47806ae912131b4967a35	k__Bacteria; p__Proteobacteria; c__Alphaproteobacteria; o__Sphingomonadales; f__Sphingomonadaceae	0.6
07a3051a0432a5545720c15e29859de8	k__Bacteria; p__Proteobacteria; c__Alphaproteobacteria; o__Rhodobacterales; f__Hyphomonadaceae; g__; s__	0.9
0f3eb5e27d0e5239d6f37854327b9444	k__Bacteria; p__Proteobacteria; c__Betaproteobacteria	1.0
ca3de941913f6f111575788aeaf3a0a0	k__Bacteria; p__Proteobacteria; c__Alphaproteobacteria; o__Rhodobacterales; f__Hyphomonadaceae; g__; s__	0.6
900228750d5aec5e3ac7ebdfd2af4602	k__Archaea; p__Euryarchaeota; c__Methanomicrobia; o__Methanosarcinales; f__Methanosaetaceae; g__Methanosaeta; s__	1.0
1d6c9a0f9b556cc43812c17f1a63de63	k__Bacteria; p__Proteobacteria; c__Deltaproteobacteria; o__Desulfobacterales; f__Desulfobacteraceae; g__; s__	1.0
0c6128f3e22d549160fa040d9a4ea1f3	k__Bacteria; p__Proteobacteria; c__Alphaproteobacteria; o__Sphingomonadales; f__Erythrobacteraceae; g__; s__	0.6
621980938eab6f2067dfc3d588c93a5f	Unassigned	0.0
d945736dbf2b1583498ed184893d4979	k__Bacteria; p__Bacteroidetes; c__Cytophagia; o__Cytophagales; f__Cyclobacteriaceae; g__; s__	0.7
c987c568460cdf11dc8719e376cea7e6	k__Bacteria; p__GN02; c__BD1-5; o__; f__; g__; s__	0.6666666666666666
d86de05eabc7d518c3f4f78716842870	k__Bacteria; p__Proteobacteria; c__Alphaproteobacteria; o__Rhodospirillales; f__Acetobacteraceae; g__; s__	1.0
d8819eb70ef205fcbcc0ff9b7c1008f4	k__Bacteria; p__Planctomycetes; c__Planctomycetia; o__Pirellulales; f__Pirellulaceae; g__; s__	0.9
4c0c01c053db960e3cb35fea4350eaed	k__Bacteria; p__Cyanobacteria; c__Chloroplast; o__Stramenopiles; f__; g__; s__	1.0
6fbd2b3ed421cfa6b0aa3e179c2d0cc4	k__Bacteria; p__Proteobacteria; c__Alphaproteobacteria; o__Rhizobiales; f__Hyphomicrobiaceae	1.0
03df8cc7bf4d532b90a1fa6cc463a1f3	k__Bacteria; p__Proteobacteria	0.9
ba2a329dce982c3b3e01928451e19c36	k__Bacteria; p__Proteobacteria; c__Deltaproteobacteria; o__; f__; g__; s__	1.0
f46ba9e8d4146db64db6ae6ec2c4153c	k__Bacteria	1.0
d35aeb1a07783a06965e283ed03fe453	k__Bacteria	1.0
ef43b0d179e52248d2b6f5f602c7309a	k__Bacteria; p__Bacteroidetes; c__[Saprospirae]; o__[Saprospirales]; f__Saprospiraceae; g__; s__	1.0
5741223e9e6ccc6807c33ab6819cfa72	k__Bacteria; p__Cyanobacteria; c__Chloroplast; o__Streptophyta; f__; g__; s__	1.0
6e7ede3ff25abc221688782f00e2528f	k__Bacteria; p__Actinobacteria; c__Acidimicrobiia; o__Acidimicrobiales; f__Microthrixaceae; g__; s__	1.0
e9cee9035bafde3d3d78cbac5d7ed4c6	k__Bacteria; p__Actinobacteria; c__Actinobacteria; o__Actinomycetales; f__Microbacteriaceae; g__; s__	0.6
db730d3c17335fd7b4ec1d42b1e43715	k__Bacteria; p__Verrucomicrobia; c__Opitutae; o__[Cerasicoccales]; f__[Cerasicoccaceae]; g__; s__	1.0
4a7fbf129e4c9b8b850cd651e17af30c	k__Bacteria; p__Proteobacteria; c__Alphaproteobacteria; o__Rhodospirillales; f__Acetobacteraceae; g__; s__	0.7
f388adcf9b6139241ed1096fdea94f8a	Unassigned	0.0
12c33bba50ca6eece3780ad57c459418	k__Bacteria; p__Bacteroidetes; c__Flavobacteriia; o__Flavobacteriales; f__Flavobacteriaceae; g__Flavobacterium; s__	1.0
1e5fc7546e6961c934b83f058b579a30	k__Bacteria; p__Actinobacteria; c__Actinobacteria; o__Actinomycetales; f__ACK-M1; g__; s__	1.0
28f938f97ce9dbc48b11130c0ac5a94a	k__Archaea; p__Euryarchaeota; c__Methanomicrobia; o__Methanomicrobiales; f__Methanoregulaceae; g__Candidatus Methanoregula; s__	1.0
0ca8611aedceb183427c5f1da0f68308	k__Bacteria; p__Bacteroidetes; c__BME43; o__; f__; g__; s__	0.6
f71d3ab9bc96e1cdb4ef2d3953d144f6	k__Bacteria; p__Proteobacteria; c__Deltaproteobacteria; o__Myxococcales; f__; g__; s__	1.0
77091763a411d9c54d7f2d0b458ce0fb	k__Bacteria; p__SR1; c__; o__; f__; g__; s__	1.0
69e9b11023e795541f32ba5782de1efc	k__Bacteria; p__Proteobacteria; c__Deltaproteobacteria; o__Bdellovibrionales; f__Bdellovibrionaceae; g__Bdellovibrio; s__	1.0
1b9c37713d67c2f4525f2944bb4860c7	Unassigned	0.0
ff1ca5f81c663fea514eefee35d713b8	k__Bacteria; p__Planctomycetes; c__Planctomycetia; o__Pirellulales; f__Pirellulaceae; g__; s__	1.0
b708acc235c2ca13c743424e1c3f5470	k__Bacteria; p__Proteobacteria; c__Gammaproteobacteria; o__Pseudomonadales; f__Pseudomonadaceae; g__Pseudomonas; s__	0.8
77b3853cdb379c9a7e3dec1fb62998fd	k__Bacteria; p__Proteobacteria; c__Alphaproteobacteria; o__Rhizobiales; f__; g__; s__	0.9
7d5d0ef70c3fbf1f49fbc60f2cbd7a40	k__Bacteria; p__Proteobacteria; c__Deltaproteobacteria	1.0
b65e0cbea65d464b896a74960d64c345	k__Bacteria; p__Proteobacteria; c__Alphaproteobacteria	0.6
747de55d82d05cfd8b93bfa439c379d6	k__Bacteria; p__TM6; c__SBRH58; o__; f__; g__; s__	1.0
ffd1bc52112da5a25aa35ef12d549377	k__Bacteria; p__Proteobacteria; c__Alphaproteobacteria; o__Caulobacterales; f__Caulobacteraceae; g__; s__	0.8
5aa707924550878a63735a074696a718	k__Bacteria; p__Bacteroidetes; c__Sphingobacteriia; o__Sphingobacteriales; f__; g__; s__	1.0
676f34a0d53d7c400fd200274abf86c1	k__Bacteria; p__Chlorobi; c__OPB56; o__; f__; g__; s__	1.0
9cc764e4aabab3e115380c75ce404b65	k__Bacteria; p__Proteobacteria; c__Alphaproteobacteria	0.8
e99e448a5c9a666352c949253df519d8	k__Bacteria; p__Proteobacteria; c__Betaproteobacteria; o__Burkholderiales; f__Comamonadaceae; g__Hydrogenophaga; s__	0.8
cfbc79c6f53eca93e017a6fd2aafa95b	k__Bacteria; p__Bacteroidetes; c__[Saprospirae]; o__[Saprospirales]; f__Saprospiraceae; g__; s__	1.0
d16daf2d48b6662461d71ecdc78bec4f	k__Bacteria; p__Bacteroidetes; c__Cytophagia; o__Cytophagales; f__Cytophagaceae; g__; s__	1.0
45453cf5965376c6e69a1129f1c56447	k__Bacteria; p__Bacteroidetes; c__Flavobacteriia; o__Flavobacteriales; f__Cryomorphaceae; g__Fluviicola; s__	1.0
b5f3d2457b700f3befc8b8dcea150245	k__Bacteria; p__Proteobacteria; c__Alphaproteobacteria; o__Rickettsiales; f__mitochondria; g__Vermamoeba; s__vermiformis	1.0
8c54256be922d3408167263282103acd	k__Bacteria; p__Planctomycetes; c__Phycisphaerae; o__Phycisphaerales; f__; g__; s__	1.0
d012428d7a0f711710ee9338a13585e2	k__Bacteria; p__Actinobacteria; c__Actinobacteria; o__Actinomycetales; f__ACK-M1; g__; s__	1.0
9a4a95edac68ad32b1668fdd2be8543e	Unassigned	0.0
1da75c6a7768f39e0d1840cdaf4ff793	k__Bacteria; p__Planctomycetes; c__Planctomycetia; o__Planctomycetales; f__Planctomycetaceae; g__Planctomyces; s__	1.0
26155ab20fb9532b119fadc31a706ea3	k__Bacteria; p__Proteobacteria; c__Deltaproteobacteria; o__Desulfuromonadales; f__Geobacteraceae; g__Geobacter; s__	1.0
5b11b7c77c619684f6ffe46ac0a4d829	k__Bacteria; p__Proteobacteria; c__Deltaproteobacteria; o__Myxococcales; f__Nannocystaceae; g__Plesiocystis; s__	1.0
45cf2efe2782b116130e603451257828	k__Bacteria; p__Actinobacteria; c__Actinobacteria; o__Actinomycetales; f__; g__; s__	0.7
47210ced861ae7b0dfbca47a87f79e97	k__Bacteria; p__OD1; c__ZB2; o__; f__; g__; s__	1.0
df28a05edc4a9183f44b8fe8ea55419d	k__Bacteria; p__Proteobacteria; c__Alphaproteobacteria; o__Sphingomonadales; f__Sphingomonadaceae; g__Sphingomonas	0.7
e3f12fc5e63ad644eedf1103e4a2ade2	k__Bacteria; p__Proteobacteria; c__Alphaproteobacteria; o__Rickettsiales; f__mitochondria	1.0
047756af788845a97dfac9d9116cf2da	Unassigned	0.0
627662673332b59cb3aebcb57f86d727	k__Bacteria; p__Proteobacteria; c__Alphaproteobacteria; o__Rhodobacterales; f__Hyphomonadaceae; g__; s__	1.0
1db9a2e0f288a841696cf5798f5d683e	k__Bacteria; p__Proteobacteria; c__Gammaproteobacteria; o__Methylococcales; f__Crenotrichaceae; g__Crenothrix; s__	1.0
d30eae3a4775a4c710daa66ad44282dc	k__Bacteria; p__Proteobacteria; c__Gammaproteobacteria; o__Legionellales; f__Coxiellaceae; g__Aquicella; s__	1.0
262888c39a6fc4efef1fd54e2e3242e0	k__Bacteria; p__Proteobacteria; c__Alphaproteobacteria; o__Rhizobiales; f__; g__; s__	0.9
2ac2c53dd99cd5e6e9cb0817e8aa6335	k__Bacteria; p__Proteobacteria; c__Betaproteobacteria; o__MND1; f__; g__; s__	1.0
159ee4e3981555a98f941d330c2ba61d	k__Bacteria; p__Proteobacteria; c__Alphaproteobacteria; o__Rhodospirillales; f__Rhodospirillaceae; g__; s__	0.8
5ee4e35363a0684aa57e56863aae64aa	k__Bacteria; p__Verrucomicrobia; c__[Spartobacteria]; o__[Chthoniobacterales]; f__[Chthoniobacteraceae]; g__Candidatus Xiphinematobacter; s__	0.9
aa5b3b4f7142a4ab7e69e29d57494b34	k__Bacteria; p__TM6; c__SBRH58; o__; f__; g__; s__	0.9
1b5a308176b0d1f406e6bd525cc3fc36	k__Bacteria; p__Actinobacteria; c__Actinobacteria; o__Actinomycetales; f__Microbacteriaceae; g__Candidatus Rhodoluna; s__	0.7
81a7905b7f48f93419d2a8b6e6da1c43	k__Bacteria; p__Proteobacteria; c__Alphaproteobacteria; o__BD7-3; f__; g__; s__	1.0
20632a604df2e14ad4f0b8d98c13f36f	k__Bacteria; p__Proteobacteria; c__Betaproteobacteria; o__Burkholderiales; f__Comamonadaceae	0.9
ee899ffbadca95f689bc898e1dd87f68	k__Bacteria; p__OD1; c__ABY1; o__; f__; g__; s__	1.0
b7f322cd0989b2ee94449f9de7f41eb5	k__Bacteria; p__TM7; c__TM7-1; o__; f__; g__; s__	1.0
8073dd12d9d1e2e0780c6a263a7071e5	k__Bacteria; p__Firmicutes; c__Clostridia; o__Clostridiales; f__Clostridiaceae; g__; s__	0.6
b4123e957f1f5b4b3465e5d945c544e3	k__Bacteria; p__Proteobacteria; c__Deltaproteobacteria; o__Desulfuromonadales; f__Desulfuromonadaceae; g__; s__	0.8
b215488fb35e0f24f428fba5356c505b	k__Bacteria; p__Verrucomicrobia; c__[Spartobacteria]; o__[Chthoniobacterales]; f__[Chthoniobacteraceae]; g__Candidatus Xiphinematobacter; s__	0.8
a60ec3caf94820e79f6291b2b9a02f34	Unassigned	0.0
251a77f26f12db8dfea3472cf3b49699	k__Bacteria; p__Chlamydiae; c__Chlamydiia; o__Chlamydiales; f__; g__; s__	0.6
d93c6f1021231f1b56ab718568580761	k__Bacteria; p__Verrucomicrobia; c__Verrucomicrobiae; o__Verrucomicrobiales; f__Verrucomicrobiaceae; g__Prosthecobacter; s__	0.8
bd60d3d8a5a99004dea0dccec0d7f2f9	k__Bacteria; p__WPS-2; c__; o__; f__; g__; s__	1.0
3febed60c92a0fe81bbd3cca73505dd2	k__Bacteria; p__Proteobacteria; c__Alphaproteobacteria; o__Rhodobacterales; f__Hyphomonadaceae	0.6
8cdebf7750a2c7e80cddcaef3e625d3e	k__Bacteria; p__Verrucomicrobia; c__Verrucomicrobiae; o__Verrucomicrobiales; f__Verrucomicrobiaceae; g__Luteolibacter; s__	1.0
d2cbfc581ce4182e0d69e838882b1418	k__Bacteria; p__Cyanobacteria; c__Chloroplast; o__Chlorophyta; f__; g__; s__	0.6666666666666666
3fa4da23cb05e36992b819603936a4fe	k__Bacteria; p__Proteobacteria; c__Alphaproteobacteria; o__Rhizobiales; f__Rhizobiaceae; g__Agrobacterium; s__	1.0
2899b23cb834bd34863a80a7bd992605	k__Bacteria; p__Firmicutes; c__Clostridia; o__Clostridiales; f__Lachnospiraceae; g__Epulopiscium; s__	1.0
e6c22b2a24ae59b9213068781728925b	k__Bacteria; p__Bacteroidetes; c__Flavobacteriia; o__Flavobacteriales; f__Cryomorphaceae; g__; s__	1.0
907bfb23df16a34711aa3b4175d4b229	k__Bacteria; p__Bacteroidetes; c__[Saprospirae]; o__[Saprospirales]; f__Saprospiraceae; g__; s__	1.0
dd64561069a2631b29d08a634f7a4742	k__Bacteria; p__Proteobacteria; c__Alphaproteobacteria; o__Rhodospirillales; f__Rhodospirillaceae; g__Magnetospirillum; s__	1.0
fffa7c023f132a9505fd1c14c5d090e6	k__Bacteria; p__[Thermi]; c__Deinococci; o__Thermales; f__Thermaceae; g__Meiothermus; s__	1.0
4cb89ffcf95634b992cb7f6698c453b4	k__Bacteria; p__Proteobacteria; c__Alphaproteobacteria; o__BD7-3; f__; g__; s__	1.0
e2bebcbcb03486b53969c318520bf724	k__Bacteria	1.0
bdaf8bce9db774018e4b03e4e3d2a8b8	k__Bacteria; p__Cyanobacteria; c__Chloroplast; o__Stramenopiles; f__; g__; s__	1.0
744b57d75bcf7b28fc345fde7afed7b3	k__Bacteria; p__Proteobacteria; c__Gammaproteobacteria; o__Legionellales; f__Coxiellaceae; g__; s__	1.0
195eaa9c4c7ed56922e4882ce6d4877a	k__Bacteria; p__Proteobacteria; c__Betaproteobacteria; o__MND1; f__; g__; s__	1.0
ab7b44f72ee02e0f311866589d8fec3b	k__Bacteria; p__Proteobacteria; c__Betaproteobacteria; o__Rhodocyclales; f__Rhodocyclaceae	0.8
1fb8a14ff1dfe69d0afef693d900774b	k__Bacteria; p__Proteobacteria; c__Gammaproteobacteria	1.0
47549c37fb361722707a20f1eef783df	k__Bacteria; p__Proteobacteria; c__Gammaproteobacteria; o__Legionellales; f__; g__; s__	1.0
a60d24c11e64af544ba21b239d3493bb	k__Bacteria; p__OD1; c__ZB2; o__; f__; g__; s__	1.0
19150d03709ccba448e885cee70034f6	k__Bacteria; p__Proteobacteria; c__Alphaproteobacteria; o__Sphingomonadales; f__Sphingomonadaceae; g__Novosphingobium; s__	0.6
27158324f2a0182448075572e273fdda	k__Bacteria; p__Actinobacteria; c__Actinobacteria; o__Actinomycetales; f__; g__; s__	1.0
07928640c2ef648b0b302ff818e817ec	k__Bacteria; p__Proteobacteria; c__Deltaproteobacteria; o__Myxococcales; f__; g__; s__	1.0
56585166eb4505c28ab20f9706807ac1	k__Bacteria; p__Proteobacteria; c__Alphaproteobacteria; o__Rhizobiales; f__; g__; s__	1.0
2026c58510da9dc337c369dbe2883c6a	k__Bacteria; p__Gemmatimonadetes; c__Gemm-1; o__; f__; g__; s__	1.0
9d64dae08124f5bd6c475d5a157cf757	k__Bacteria; p__Verrucomicrobia; c__[Pedosphaerae]; o__[Pedosphaerales]; f__[Pedosphaeraceae]; g__Pedosphaera; s__	0.6
ac2f34afdbbf5c4dcad8d1cf9598ebda	k__Bacteria; p__Firmicutes; c__Bacilli; o__Bacillales; f__Paenibacillaceae; g__Brevibacillus	1.0
06c6c698b3dcf209cd2051e0fe1f28a0	k__Bacteria; p__Proteobacteria; c__Alphaproteobacteria; o__Rickettsiales; f__mitochondria; g__; s__	1.0
adb34308c2bfbc65c2c0080f30dee8a3	k__Bacteria; p__Proteobacteria; c__Alphaproteobacteria; o__Sphingomonadales; f__Sphingomonadaceae; g__Sphingomonas	0.7
5b44acf620ec87d2c9eadbf2f888d306	k__Bacteria; p__Gemmatimonadetes; c__Gemm-1; o__; f__; g__; s__	1.0
0b19743c0496aeef25d5f9b20b8eda99	k__Bacteria; p__Proteobacteria; c__Alphaproteobacteria; o__Rickettsiales; f__Rickettsiaceae; g__; s__	1.0
8c84148b5fd2c496dd1480764704afcf	k__Bacteria; p__Cyanobacteria; c__Chloroplast; o__Haptophyceae; f__; g__; s__	1.0
13661015737234956574055548780c80	k__Bacteria; p__Firmicutes; c__Clostridia; o__Clostridiales; f__; g__; s__	0.6
e8e9a940c48237edac2ee768d0d94378	k__Bacteria; p__Proteobacteria; c__Deltaproteobacteria; o__Myxococcales; f__; g__; s__	1.0
f2eb53322651700e1534e2eb5403ca96	k__Bacteria; p__Cyanobacteria; c__Chloroplast; o__Stramenopiles; f__; g__; s__	1.0
122f48ff706e0d8158fb085c5bd62e98	k__Bacteria; p__Bacteroidetes; c__[Saprospirae]; o__[Saprospirales]; f__Chitinophagaceae; g__; s__	0.9
47f77ec155108d0960b5fd01b134b090	k__Bacteria; p__Proteobacteria; c__Betaproteobacteria; o__; f__; g__; s__	1.0
3f0b2b0108b77cebe37f1a4cc4b00846	k__Bacteria; p__Proteobacteria; c__Alphaproteobacteria; o__Rhizobiales; f__; g__; s__	1.0
158b1cdd4e9ccedaf7977bf5f875b85d	k__Bacteria; p__OD1; c__ZB2; o__; f__; g__; s__	1.0
26e004901e0034b1f5e35ba5cefba28f	k__Bacteria; p__Proteobacteria; c__Deltaproteobacteria; o__Myxococcales; f__; g__; s__	0.9
d887337ba1a745d18155c8735d67f7df	k__Bacteria; p__Proteobacteria; c__Betaproteobacteria; o__Burkholderiales; f__Comamonadaceae	1.0
cd83f0edc2c23afce5b0f017a7834200	k__Bacteria; p__SR1; c__; o__; f__; g__; s__	1.0
785382e44d2ea9b6976ee2923c02d399	k__Bacteria; p__Cyanobacteria; c__Chloroplast; o__Chlorophyta; f__; g__; s__	1.0
45103b5250270cb7e1a271edd9a0dd6c	k__Bacteria; p__Proteobacteria; c__Gammaproteobacteria; o__Alteromonadales; f__[Chromatiaceae]; g__Rheinheimera; s__	1.0
71d27cae582af33ab9e1fcd8c3412237	k__Bacteria; p__Chlamydiae; c__Chlamydiia; o__Chlamydiales	0.9
e7526809663320cf765d6abceb4d18e6	k__Bacteria; p__Planctomycetes; c__Planctomycetia; o__Gemmatales; f__Gemmataceae; g__; s__	1.0
22d851fb08da65cabf02f442c750c2cc	k__Bacteria; p__Proteobacteria; c__Gammaproteobacteria; o__Xanthomonadales; f__Xanthomonadaceae; g__; s__	0.8
66a795614788e6deb1470361b9d3ef98	Unassigned	0.0
9835b10e2b52eed83efe8c67a4556f2e	k__Bacteria; p__Proteobacteria; c__Gammaproteobacteria; o__Xanthomonadales; f__Sinobacteraceae; g__; s__	0.9
c374dd4b4c19dcce4f1d4670835e5464	k__Bacteria; p__Planctomycetes; c__Phycisphaerae; o__WD2101; f__; g__; s__	1.0
c17fbd2803f40e5ff5b2f7fb7be566e5	k__Bacteria; p__Bacteroidetes; c__[Saprospirae]; o__[Saprospirales]; f__Chitinophagaceae; g__; s__	0.7
1e616075fb13ce15b1f9b0ab5414e3cf	k__Bacteria; p__Firmicutes; c__Clostridia; o__Clostridiales; f__Peptostreptococcaceae; g__; s__	1.0
0844eb9d38479e28fe819e187a229964	k__Bacteria; p__Planctomycetes; c__Planctomycetia; o__Gemmatales; f__Gemmataceae; g__; s__	0.9
bd71c8010eaadb4b740c30e14eeafcba	k__Bacteria; p__Bacteroidetes; c__Flavobacteriia; o__Flavobacteriales; f__Cryomorphaceae; g__Fluviicola; s__	1.0
6e671ce5d1622c03d0560f69da234e03	k__Bacteria; p__Bacteroidetes; c__Flavobacteriia; o__Flavobacteriales; f__Cryomorphaceae; g__; s__	0.8
